#! FIELDS pp.proj projection
#! SET min_pp.proj 0.31915
#! SET max_pp.proj 3.69073
#! SET nbins_pp.proj  383
#! SET periodic_pp.proj false
    0.319150000  -10.432240308
    0.327976126  -10.432240308
    0.336802251  -10.432240308
    0.345628377  -10.432240308
    0.354454503  -10.432240308
    0.363280628  -10.432240308
    0.372106754  -10.432240308
    0.380932880  -10.432240308
    0.389759005  -10.432240308
    0.398585131  -10.432240308
    0.407411257  -10.432240308
    0.416237382  -10.432240308
    0.425063508  -10.432240308
    0.433889634  -10.432240308
    0.442715759  -10.432240308
    0.451541885  -10.432240308
    0.460368010  -10.432240308
    0.469194136  -10.432240308
    0.478020262  -10.432240308
    0.486846387  -10.432240308
    0.495672513  -10.432240308
    0.504498639  -10.432240308
    0.513324764  -10.432240308
    0.522150890  -10.432240308
    0.530977016  -10.432240308
    0.539803141  -10.432240308
    0.548629267  -10.432240308
    0.557455393  -10.432240308
    0.566281518  -10.432240308
    0.575107644  -10.432240308
    0.583933770  -10.432240308
    0.592759895  -10.432240308
    0.601586021  -10.432240308
    0.610412147  -10.432240308
    0.619238272  -10.432240308
    0.628064398  -10.432240308
    0.636890524  -10.432240308
    0.645716649  -10.432240308
    0.654542775  -10.432240308
    0.663368901  -10.432240308
    0.672195026  -10.432240308
    0.681021152  -10.432240308
    0.689847277  -10.432240308
    0.698673403  -10.432240308
    0.707499529  -10.432240308
    0.716325654  -10.432240308
    0.725151780  -10.432240308
    0.733977906  -10.432240308
    0.742804031  -10.432240308
    0.751630157  -10.432240308
    0.760456283  -10.432240308
    0.769282408  -10.432240308
    0.778108534  -10.432240308
    0.786934660  -10.432240308
    0.795760785  -10.432274840
    0.804586911  -10.432427018
    0.813413037  -10.432983041
    0.822239162  -10.434728863
    0.831065288  -10.439520636
    0.839891414  -10.451422780
    0.848717539  -10.477739932
    0.857543665  -10.530061152
    0.866369791  -10.625245197
    0.875195916  -10.784216026
    0.884022042  -11.028641683
    0.892848168  -11.374511673
    0.901674293  -11.831574515
    0.910500419  -12.412952861
    0.919326545  -13.141724911
    0.928152670  -14.031639813
    0.936978796  -15.057448984
    0.945804921  -16.153381981
    0.954631047  -17.237680150
    0.963457173  -18.221733558
    0.972283298  -19.008387768
    0.981109424  -19.514398098
    0.989935550  -19.723341935
    0.998761675  -19.720296664
    1.007587801  -19.660628231
    1.016413927  -19.682825876
    1.025240052  -19.827288999
    1.034066178  -20.016696989
    1.042892304  -20.114828994
    1.051718429  -20.029746846
    1.060544555  -19.793741524
    1.069370681  -19.575918276
    1.078196806  -19.596585244
    1.087022932  -19.988194670
    1.095849058  -20.745165427
    1.104675183  -21.780352948
    1.113501309  -22.991598416
    1.122327435  -24.257560740
    1.131153560  -25.429028121
    1.139979686  -26.360993070
    1.148805812  -26.976425449
    1.157631937  -27.316347095
    1.166458063  -27.519147802
    1.175284188  -27.703275175
    1.184110314  -27.871846737
    1.192936440  -27.921833072
    1.201762565  -27.717521777
    1.210588691  -27.181885845
    1.219414817  -26.378950707
    1.228240942  -25.477917810
    1.237067068  -24.632990005
    1.245893194  -23.860221439
    1.254719319  -23.038353828
    1.263545445  -22.002643613
    1.272371571  -20.681134190
    1.281197696  -19.167501875
    1.290023822  -17.690632204
    1.298849948  -16.515568781
    1.307676073  -15.860110899
    1.316502199  -15.861019136
    1.325328325  -16.578777994
    1.334154450  -17.903777948
    1.342980576  -19.543129047
    1.351806702  -21.198246786
    1.360632827  -22.700577408
    1.369458953  -23.998261216
    1.378285079  -25.090922425
    1.387111204  -25.961961106
    1.395937330  -26.582698552
    1.404763455  -26.948244209
    1.413589581  -27.079465505
    1.422415707  -26.981866068
    1.431241832  -26.650970452
    1.440067958  -26.129040872
    1.448894084  -25.540850142
    1.457720209  -25.021676731
    1.466546335  -24.627982596
    1.475372461  -24.312992117
    1.484198586  -23.983916768
    1.493024712  -23.596986837
    1.501850838  -23.220223498
    1.510676963  -22.989589813
    1.519503089  -22.992934073
    1.528329215  -23.155405650
    1.537155340  -23.275047985
    1.545981466  -23.193654670
    1.554807592  -22.929349545
    1.563633717  -22.671966679
    1.572459843  -22.670762014
    1.581285969  -23.021577404
    1.590112094  -23.575172661
    1.598938220  -24.119807352
    1.607764346  -24.563222458
    1.616590471  -24.942419205
    1.625416597  -25.341544204
    1.634242723  -25.823879576
    1.643068848  -26.407332852
    1.651894974  -27.084298140
    1.660721099  -27.838186797
    1.669547225  -28.614380687
    1.678373351  -29.305113246
    1.687199476  -29.792528432
    1.696025602  -30.026567072
    1.704851728  -30.058489837
    1.713677853  -30.009147246
    1.722503979  -29.995208807
    1.731330105  -30.064423800
    1.740156230  -30.188700299
    1.748982356  -30.304352105
    1.757808482  -30.363039701
    1.766634607  -30.352839684
    1.775460733  -30.304917439
    1.784286859  -30.266698570
    1.793112984  -30.253283063
    1.801939110  -30.237199613
    1.810765236  -30.196600238
    1.819591361  -30.113778894
    1.828417487  -29.929266959
    1.837243613  -29.576541930
    1.846069738  -29.095753738
    1.854895864  -28.638574027
    1.863721990  -28.379832053
    1.872548115  -28.394523313
    1.881374241  -28.617257545
    1.890200366  -28.873559113
    1.899026492  -28.955956184
    1.907852618  -28.698077874
    1.916678743  -28.045543509
    1.925504869  -27.074872861
    1.934330995  -25.949289842
    1.943157120  -24.846559003
    1.951983246  -23.904215998
    1.960809372  -23.183836868
    1.969635497  -22.700431722
    1.978461623  -22.459130464
    1.987287749  -22.460446978
    1.996113874  -22.657254711
    2.004940000  -22.937090069
    2.013766126  -23.169893718
    2.022592251  -23.300080801
    2.031418377  -23.369245881
    2.040244503  -23.468371503
    2.049070628  -23.668722374
    2.057896754  -23.978667706
    2.066722880  -24.337237116
    2.075549005  -24.646351586
    2.084375131  -24.813280924
    2.093201257  -24.805184139
    2.102027382  -24.685837365
    2.110853508  -24.580941113
    2.119679634  -24.560496726
    2.128505759  -24.557745354
    2.137331885  -24.455889907
    2.146158010  -24.202440966
    2.154984136  -23.845500767
    2.163810262  -23.474359875
    2.172636387  -23.152837631
    2.181462513  -22.904608717
    2.190288639  -22.713582426
    2.199114764  -22.556422187
    2.207940890  -22.436060141
    2.216767016  -22.397030214
    2.225593141  -22.465549251
    2.234419267  -22.586351726
    2.243245393  -22.624730986
    2.252071518  -22.440693201
    2.260897644  -21.998350468
    2.269723770  -21.408264369
    2.278549895  -20.876796010
    2.287376021  -20.584425266
    2.296202147  -20.575097115
    2.305028272  -20.727468657
    2.313854398  -20.845990758
    2.322680524  -20.826707561
    2.331506649  -20.718685797
    2.340332775  -20.642469304
    2.349158901  -20.678631191
    2.357985026  -20.815812186
    2.366811152  -20.988360692
    2.375637277  -21.115653671
    2.384463403  -21.131860055
    2.393289529  -20.996674345
    2.402115654  -20.701710566
    2.410941780  -20.286008622
    2.419767906  -19.839930826
    2.428594031  -19.488339858
    2.437420157  -19.326157298
    2.446246283  -19.348493838
    2.455072408  -19.444236804
    2.463898534  -19.486034797
    2.472724660  -19.425440948
    2.481550785  -19.301971873
    2.490376911  -19.181446003
    2.499203037  -19.072560987
    2.508029162  -18.908063203
    2.516855288  -18.605603664
    2.525681414  -18.137928747
    2.534507539  -17.550771829
    2.543333665  -16.935396400
    2.552159791  -16.378165404
    2.560985916  -15.935346246
    2.569812042  -15.643944614
    2.578638168  -15.546268868
    2.587464293  -15.663852767
    2.596290419  -15.947360709
    2.605116545  -16.275471534
    2.613942670  -16.542090006
    2.622768796  -16.723406382
    2.631594921  -16.837888006
    2.640421047  -16.890120057
    2.649247173  -16.870010981
    2.658073298  -16.786297252
    2.666899424  -16.668548671
    2.675725550  -16.547660373
    2.684551675  -16.434446798
    2.693377801  -16.322074440
    2.702203927  -16.188753264
    2.711030052  -16.007881134
    2.719856178  -15.760792940
    2.728682304  -15.456981657
    2.737508429  -15.140177094
    2.746334555  -14.873759728
    2.755160681  -14.727041758
    2.763986806  -14.757504629
    2.772812932  -15.000915976
    2.781639058  -15.454536439
    2.790465183  -16.069579963
    2.799291309  -16.755368259
    2.808117435  -17.399031637
    2.816943560  -17.893276103
    2.825769686  -18.156023480
    2.834595812  -18.147000371
    2.843421937  -17.875844287
    2.852248063  -17.407520220
    2.861074188  -16.867755743
    2.869900314  -16.408773635
    2.878726440  -16.136154560
    2.887552565  -16.056639868
    2.896378691  -16.082042394
    2.905204817  -16.083030409
    2.914030942  -15.966614629
    2.922857068  -15.742371134
    2.931683194  -15.523234019
    2.940509319  -15.458541361
    2.949335445  -15.649071499
    2.958161571  -16.089177593
    2.966987696  -16.674229578
    2.975813822  -17.230796838
    2.984639948  -17.592968902
    2.993466073  -17.672039762
    3.002292199  -17.504774771
    3.011118325  -17.238040706
    3.019944450  -17.053761051
    3.028770576  -17.060488501
    3.037596702  -17.232951124
    3.046422827  -17.446898463
    3.055248953  -17.555250281
    3.064075079  -17.460845837
    3.072901204  -17.163694753
    3.081727330  -16.776222387
    3.090553455  -16.477736451
    3.099379581  -16.419344734
    3.108205707  -16.627078853
    3.117031832  -16.966405803
    3.125857958  -17.223524099
    3.134684084  -17.263419578
    3.143510209  -17.114933994
    3.152336335  -16.914591139
    3.161162461  -16.783069272
    3.169988586  -16.761881389
    3.178814712  -16.836902286
    3.187640838  -16.960422992
    3.196466963  -17.068960175
    3.205293089  -17.107793848
    3.214119215  -17.057209537
    3.222945340  -16.935515083
    3.231771466  -16.771759644
    3.240597592  -16.579370162
    3.249423717  -16.356889350
    3.258249843  -16.101797647
    3.267075969  -15.825155409
    3.275902094  -15.550059730
    3.284728220  -15.299272387
    3.293554346  -15.070111746
    3.302380471  -14.828324495
    3.311206597  -14.546692965
    3.320032723  -14.262262259
    3.328858848  -14.055270100
    3.337684974  -13.972794031
    3.346511099  -13.982561488
    3.355337225  -13.994910393
    3.364163351  -13.935107591
    3.372989476  -13.787695174
    3.381815602  -13.592474903
    3.390641728  -13.419211514
    3.399467853  -13.345778371
    3.408293979  -13.446397089
    3.417120105  -13.738526580
    3.425946230  -14.122128841
    3.434772356  -14.414106345
    3.443598482  -14.490454049
    3.452424607  -14.379681549
    3.461250733  -14.197134497
    3.470076859  -14.031525834
    3.478902984  -13.892495764
    3.487729110  -13.715162993
    3.496555236  -13.390733519
    3.505381361  -12.859081255
    3.514207487  -12.188035899
    3.523033613  -11.545877274
    3.531859738  -11.064889822
    3.540685864  -10.764106206
    3.549511990  -10.595406225
    3.558338115  -10.507299357
    3.567164241  -10.464052802
    3.575990366  -10.444462103
    3.584816492  -10.436450417
    3.593642618  -10.433465440
    3.602468743  -10.432519669
    3.611294869  -10.432240308
    3.620120995  -10.432240308
    3.628947120  -10.432240308
    3.637773246  -10.432240308
    3.646599372  -10.432240308
    3.655425497  -10.432240308
    3.664251623  -10.432240308
    3.673077749  -10.432240308
    3.681903874  -10.432240308
    3.690730000  -10.432240308
