#! FIELDS pp.proj projection
#! SET min_pp.proj 0.31915
#! SET max_pp.proj 3.69073
#! SET nbins_pp.proj  383
#! SET periodic_pp.proj false
    0.319150000  -10.432240308
    0.327976126  -10.432240308
    0.336802251  -10.432240308
    0.345628377  -10.432240308
    0.354454503  -10.432275320
    0.363280628  -10.432377300
    0.372106754  -10.432728556
    0.380932880  -10.434072105
    0.389759005  -10.438003850
    0.398585131  -10.448319609
    0.407411257  -10.473775223
    0.416237382  -10.533902249
    0.425063508  -10.673794662
    0.433889634  -11.008782291
    0.442715759  -11.849274281
    0.451541885  -13.864341185
    0.460368010  -17.612498134
    0.469194136  -22.672341661
    0.478020262  -28.151170244
    0.486846387  -33.249989271
    0.495672513  -37.431472975
    0.504498639  -40.531359882
    0.513324764  -42.717235437
    0.522150890  -44.296371081
    0.530977016  -45.530610899
    0.539803141  -46.561222076
    0.548629267  -47.460782057
    0.557455393  -48.305892658
    0.566281518  -49.195257341
    0.575107644  -50.205994654
    0.583933770  -51.339786058
    0.592759895  -52.511842473
    0.601586021  -53.598011749
    0.610412147  -54.504989892
    0.619238272  -55.243547809
    0.628064398  -55.935763572
    0.636890524  -56.743040088
    0.645716649  -57.733487611
    0.654542775  -58.795275817
    0.663368901  -59.730154465
    0.672195026  -60.427711248
    0.681021152  -60.939183594
    0.689847277  -61.383875062
    0.698673403  -61.795461109
    0.707499529  -62.075802810
    0.716325654  -62.098991463
    0.725151780  -61.853485270
    0.733977906  -61.483175277
    0.742804031  -61.201838527
    0.751630157  -61.173812253
    0.760456283  -61.475088735
    0.769282408  -62.102190357
    0.778108534  -62.972474307
    0.786934660  -63.980437296
    0.795760785  -65.078379384
    0.804586911  -66.276832629
    0.813413037  -67.591300710
    0.822239162  -68.987701111
    0.831065288  -70.391113155
    0.839891414  -71.729765950
    0.848717539  -72.952906673
    0.857543665  -74.025953030
    0.866369791  -74.901587512
    0.875195916  -75.546258058
    0.884022042  -75.959850231
    0.892848168  -76.151949162
    0.901674293  -76.114444446
    0.910500419  -75.822725281
    0.919326545  -75.277288429
    0.928152670  -74.529940935
    0.936978796  -73.685836142
    0.945804921  -72.869013014
    0.954631047  -72.162220446
    0.963457173  -71.582515641
    0.972283298  -71.094667478
    0.981109424  -70.663255177
    0.989935550  -70.279429073
    0.998761675  -69.954446427
    1.007587801  -69.707807978
    1.016413927  -69.545818532
    1.025240052  -69.460228414
    1.034066178  -69.429390067
    1.042892304  -69.405803272
    1.051718429  -69.316409314
    1.060544555  -69.090154565
    1.069370681  -68.691354135
    1.078196806  -68.112933539
    1.087022932  -67.385531902
    1.095849058  -66.629127980
    1.104675183  -66.011897090
    1.113501309  -65.611120134
    1.122327435  -65.348936914
    1.131153560  -65.123791825
    1.139979686  -64.901777572
    1.148805812  -64.721107644
    1.157631937  -64.650077591
    1.166458063  -64.743399620
    1.175284188  -64.997344182
    1.184110314  -65.340128783
    1.192936440  -65.652932539
    1.201762565  -65.825792274
    1.210588691  -65.838839398
    1.219414817  -65.801750847
    1.228240942  -65.895313864
    1.237067068  -66.277888371
    1.245893194  -67.015725934
    1.254719319  -68.065270679
    1.263545445  -69.304643787
    1.272371571  -70.565381211
    1.281197696  -71.651475215
    1.290023822  -72.406316930
    1.298849948  -72.775506192
    1.307676073  -72.826450910
    1.316502199  -72.679792303
    1.325328325  -72.462787798
    1.334154450  -72.265208305
    1.342980576  -72.146315331
    1.351806702  -72.128327143
    1.360632827  -72.218102115
    1.369458953  -72.438697546
    1.378285079  -72.789120840
    1.387111204  -73.162165976
    1.395937330  -73.411609654
    1.404763455  -73.476897522
    1.413589581  -73.380664269
    1.422415707  -73.160659296
    1.431241832  -72.826854910
    1.440067958  -72.374551916
    1.448894084  -71.808430601
    1.457720209  -71.142154090
    1.466546335  -70.423083066
    1.475372461  -69.738807410
    1.484198586  -69.163723745
    1.493024712  -68.702699080
    1.501850838  -68.296084636
    1.510676963  -67.874151416
    1.519503089  -67.395361262
    1.528329215  -66.845390589
    1.537155340  -66.210470832
    1.545981466  -65.478726738
    1.554807592  -64.666032626
    1.563633717  -63.841361549
    1.572459843  -63.165923173
    1.581285969  -62.790002697
    1.590112094  -62.705645589
    1.598938220  -62.787781460
    1.607764346  -62.928016867
    1.616590471  -63.063961384
    1.625416597  -63.158340196
    1.634242723  -63.187616016
    1.643068848  -63.162940159
    1.651894974  -63.129956845
    1.660721099  -63.126450191
    1.669547225  -63.147733883
    1.678373351  -63.173888094
    1.687199476  -63.209545596
    1.696025602  -63.300148104
    1.704851728  -63.504300319
    1.713677853  -63.849841034
    1.722503979  -64.313217259
    1.731330105  -64.812967574
    1.740156230  -65.244786986
    1.748982356  -65.538497265
    1.757808482  -65.701670062
    1.766634607  -65.805970594
    1.775460733  -65.928583169
    1.784286859  -66.102961519
    1.793112984  -66.329894264
    1.801939110  -66.612722646
    1.810765236  -66.961853052
    1.819591361  -67.374337099
    1.828417487  -67.826031214
    1.837243613  -68.274714623
    1.846069738  -68.670584792
    1.854895864  -68.974490912
    1.863721990  -69.192148599
    1.872548115  -69.360149834
    1.881374241  -69.518824070
    1.890200366  -69.685630659
    1.899026492  -69.859866166
    1.907852618  -70.046183944
    1.916678743  -70.262069279
    1.925504869  -70.534641158
    1.934330995  -70.858655512
    1.943157120  -71.183696821
    1.951983246  -71.439303864
    1.960809372  -71.568252875
    1.969635497  -71.560334882
    1.978461623  -71.469232844
    1.987287749  -71.405450888
    1.996113874  -71.470489242
    2.004940000  -71.686288906
    2.013766126  -71.964866374
    2.022592251  -72.171923752
    2.031418377  -72.225839692
    2.040244503  -72.141278395
    2.049070628  -71.993071568
    2.057896754  -71.852396683
    2.066722880  -71.749160832
    2.075549005  -71.659919782
    2.084375131  -71.537977058
    2.093201257  -71.359810626
    2.102027382  -71.150899341
    2.110853508  -70.968855161
    2.119679634  -70.839683720
    2.128505759  -70.722783113
    2.137331885  -70.549612758
    2.146158010  -70.305473009
    2.154984136  -70.062659219
    2.163810262  -69.928580707
    2.172636387  -69.945485812
    2.181462513  -70.049064146
    2.190288639  -70.117803014
    2.199114764  -70.079301677
    2.207940890  -69.939459478
    2.216767016  -69.748742294
    2.225593141  -69.556480693
    2.234419267  -69.401695642
    2.243245393  -69.310239080
    2.252071518  -69.276386605
    2.260897644  -69.249618711
    2.269723770  -69.160992959
    2.278549895  -68.990310462
    2.287376021  -68.785064665
    2.296202147  -68.615350145
    2.305028272  -68.514896643
    2.313854398  -68.453280723
    2.322680524  -68.386089675
    2.331506649  -68.305237995
    2.340332775  -68.232102000
    2.349158901  -68.176108775
    2.357985026  -68.114131098
    2.366811152  -68.026317776
    2.375637277  -67.925773908
    2.384463403  -67.847938147
    2.393289529  -67.812827779
    2.402115654  -67.809803665
    2.410941780  -67.803136668
    2.419767906  -67.761078259
    2.428594031  -67.682076025
    2.437420157  -67.587264210
    2.446246283  -67.500132264
    2.455072408  -67.430194889
    2.463898534  -67.381786041
    2.472724660  -67.346975450
    2.481550785  -67.308058657
    2.490376911  -67.263109128
    2.499203037  -67.227122666
    2.508029162  -67.205758611
    2.516855288  -67.177702633
    2.525681414  -67.124745649
    2.534507539  -67.045792272
    2.543333665  -66.960610460
    2.552159791  -66.885976090
    2.560985916  -66.830168699
    2.569812042  -66.801147693
    2.578638168  -66.817762772
    2.587464293  -66.884775709
    2.596290419  -66.975682855
    2.605116545  -67.031171740
    2.613942670  -66.998624958
    2.622768796  -66.891971437
    2.631594921  -66.788239119
    2.640421047  -66.771215306
    2.649247173  -66.868550553
    2.658073298  -67.024212389
    2.666899424  -67.129258620
    2.675725550  -67.095907207
    2.684551675  -66.921696170
    2.693377801  -66.703940468
    2.702203927  -66.558222513
    2.711030052  -66.536793140
    2.719856178  -66.613140382
    2.728682304  -66.726235468
    2.737508429  -66.839321178
    2.746334555  -66.931240088
    2.755160681  -66.993436102
    2.763986806  -67.026026084
    2.772812932  -67.031215892
    2.781639058  -67.012194602
    2.790465183  -66.974461599
    2.799291309  -66.934280222
    2.808117435  -66.909878901
    2.816943560  -66.919702439
    2.825769686  -66.977498319
    2.834595812  -67.094145409
    2.843421937  -67.253751168
    2.852248063  -67.407548421
    2.861074188  -67.512717210
    2.869900314  -67.553806273
    2.878726440  -67.543574276
    2.887552565  -67.515392176
    2.896378691  -67.503867935
    2.905204817  -67.522502498
    2.914030942  -67.531148906
    2.922857068  -67.474478683
    2.931683194  -67.330888229
    2.940509319  -67.131636304
    2.949335445  -66.945783448
    2.958161571  -66.825421074
    2.966987696  -66.787592696
    2.975813822  -66.812878308
    2.984639948  -66.859237634
    2.993466073  -66.888764972
    3.002292199  -66.890122452
    3.011118325  -66.885350495
    3.019944450  -66.906563635
    3.028770576  -66.951013141
    3.037596702  -66.989969090
    3.046422827  -66.995404802
    3.055248953  -66.975184390
    3.064075079  -66.958027188
    3.072901204  -66.945694775
    3.081727330  -66.897145319
    3.090553455  -66.772658781
    3.099379581  -66.586374674
    3.108205707  -66.410028835
    3.117031832  -66.321982732
    3.125857958  -66.343142180
    3.134684084  -66.421651373
    3.143510209  -66.467217931
    3.152336335  -66.418867472
    3.161162461  -66.291760860
    3.169988586  -66.151063911
    3.178814712  -66.064551065
    3.187640838  -66.053818330
    3.196466963  -66.107382647
    3.205293089  -66.204400732
    3.214119215  -66.339212694
    3.222945340  -66.493195507
    3.231771466  -66.620208867
    3.240597592  -66.665881832
    3.249423717  -66.601353707
    3.258249843  -66.444167370
    3.267075969  -66.247334236
    3.275902094  -66.063717824
    3.284728220  -65.908674473
    3.293554346  -65.752165177
    3.302380471  -65.558852810
    3.311206597  -65.338041562
    3.320032723  -65.158011681
    3.328858848  -65.108673172
    3.337684974  -65.219679706
    3.346511099  -65.428249645
    3.355337225  -65.613459850
    3.364163351  -65.668641017
    3.372989476  -65.550549616
    3.381815602  -65.303767765
    3.390641728  -65.039164749
    3.399467853  -64.864718866
    3.408293979  -64.833363715
    3.417120105  -64.912133840
    3.425946230  -65.020565083
    3.434772356  -65.077296301
    3.443598482  -65.041484571
    3.452424607  -64.917628341
    3.461250733  -64.748038321
    3.470076859  -64.584119773
    3.478902984  -64.454464528
    3.487729110  -64.328681934
    3.496555236  -64.106629467
    3.505381361  -63.621923247
    3.514207487  -62.651086775
    3.523033613  -60.976475068
    3.531859738  -58.443232868
    3.540685864  -54.996179818
    3.549511990  -50.652869347
    3.558338115  -45.493936314
    3.567164241  -39.674889063
    3.575990366  -33.452173881
    3.584816492  -27.192106057
    3.593642618  -21.379781865
    3.602468743  -16.582131323
    3.611294869  -13.339810715
    3.620120995  -11.662196946
    3.628947120  -10.937305576
    3.637773246  -10.635835479
    3.646599372  -10.510483651
    3.655425497  -10.460096479
    3.664251623  -10.440990479
    3.673077749  -10.434488901
    3.681903874  -10.432655714
    3.690730000  -10.432240308
