#! FIELDS pp.proj projection
#! SET min_pp.proj 0.31915
#! SET max_pp.proj 3.69073
#! SET nbins_pp.proj  383
#! SET periodic_pp.proj false
    0.319150000  -10.432240308
    0.327976126  -10.432240308
    0.336802251  -10.432240308
    0.345628377  -10.432240308
    0.354454503  -10.432275320
    0.363280628  -10.432377300
    0.372106754  -10.432728556
    0.380932880  -10.434072105
    0.389759005  -10.438003850
    0.398585131  -10.448319609
    0.407411257  -10.473775223
    0.416237382  -10.533902249
    0.425063508  -10.673794662
    0.433889634  -11.008782291
    0.442715759  -11.849274281
    0.451541885  -13.864341185
    0.460368010  -17.612498134
    0.469194136  -22.672341661
    0.478020262  -28.151170244
    0.486846387  -33.249989271
    0.495672513  -37.431472975
    0.504498639  -40.531359882
    0.513324764  -42.717235437
    0.522150890  -44.296371081
    0.530977016  -45.530610899
    0.539803141  -46.561222076
    0.548629267  -47.460782057
    0.557455393  -48.305892658
    0.566281518  -49.195257341
    0.575107644  -50.205994654
    0.583933770  -51.339786058
    0.592759895  -52.511842473
    0.601586021  -53.598011749
    0.610412147  -54.504989892
    0.619238272  -55.243547809
    0.628064398  -55.935763572
    0.636890524  -56.743040088
    0.645716649  -57.733487611
    0.654542775  -58.795275817
    0.663368901  -59.730154465
    0.672195026  -60.427711248
    0.681021152  -60.939183594
    0.689847277  -61.383875062
    0.698673403  -61.795461109
    0.707499529  -62.075802810
    0.716325654  -62.098991463
    0.725151780  -61.853485270
    0.733977906  -61.483175277
    0.742804031  -61.201838527
    0.751630157  -61.173812253
    0.760456283  -61.475088735
    0.769282408  -62.102190357
    0.778108534  -62.972474307
    0.786934660  -63.980437296
    0.795760785  -65.078379384
    0.804586911  -66.276832629
    0.813413037  -67.591300710
    0.822239162  -68.987701111
    0.831065288  -70.391113155
    0.839891414  -71.729765950
    0.848717539  -72.952906673
    0.857543665  -74.025953030
    0.866369791  -74.901587512
    0.875195916  -75.546258058
    0.884022042  -75.959850231
    0.892848168  -76.151949162
    0.901674293  -76.114444446
    0.910500419  -75.822725281
    0.919326545  -75.277274944
    0.928152670  -74.529880512
    0.936978796  -73.685616910
    0.945804921  -72.868292246
    0.954631047  -72.160149008
    0.963457173  -71.577377985
    0.972283298  -71.083674302
    0.981109424  -70.642866031
    0.989935550  -70.246554320
    0.998761675  -69.908688761
    1.007587801  -69.652097362
    1.016413927  -69.483529380
    1.025240052  -69.391190465
    1.034066178  -69.349116211
    1.042892304  -69.308131619
    1.051718429  -69.198081292
    1.060544555  -68.953075540
    1.069370681  -68.537178526
    1.078196806  -67.928935134
    1.087022932  -67.125193329
    1.095849058  -66.192337796
    1.104675183  -65.264640575
    1.113501309  -64.484099055
    1.122327435  -63.893668604
    1.131153560  -63.423072370
    1.139979686  -62.992992177
    1.148805812  -62.628055633
    1.157631937  -62.450187844
    1.166458063  -62.571693859
    1.175284188  -62.957590962
    1.184110314  -63.430851934
    1.192936440  -63.775107206
    1.201762565  -63.838807217
    1.210588691  -63.604822488
    1.219414817  -63.189247733
    1.228240942  -62.753633082
    1.237067068  -62.404416380
    1.245893194  -62.125984781
    1.254719319  -61.787851280
    1.263545445  -61.238575518
    1.272371571  -60.418350236
    1.281197696  -59.410289283
    1.290023822  -58.384294538
    1.298849948  -57.470483021
    1.307676073  -56.683570599
    1.316502199  -55.936635986
    1.325328325  -55.164324356
    1.334154450  -54.377418452
    1.342980576  -53.637496628
    1.351806702  -52.983478153
    1.360632827  -52.393722715
    1.369458953  -51.791388541
    1.378285079  -51.087011636
    1.387111204  -50.239261705
    1.395937330  -49.318593956
    1.404763455  -48.501567959
    1.413589581  -47.970534602
    1.422415707  -47.802014980
    1.431241832  -47.935335196
    1.440067958  -48.240639449
    1.448894084  -48.592850737
    1.457720209  -48.931731306
    1.466546335  -49.312598684
    1.475372461  -49.839664856
    1.484198586  -50.514590022
    1.493024712  -51.200506104
    1.501850838  -51.729850728
    1.510676963  -52.014608130
    1.519503089  -52.097938459
    1.528329215  -52.111695750
    1.537155340  -52.158137074
    1.545981466  -52.234407943
    1.554807592  -52.306774045
    1.563633717  -52.396904420
    1.572459843  -52.590262798
    1.581285969  -52.922455825
    1.590112094  -53.325774896
    1.598938220  -53.712960362
    1.607764346  -54.064221059
    1.616590471  -54.410020326
    1.625416597  -54.773775235
    1.634242723  -55.128270823
    1.643068848  -55.436508032
    1.651894974  -55.728052203
    1.660721099  -56.068194666
    1.669547225  -56.464971274
    1.678373351  -56.865194043
    1.687199476  -57.237195973
    1.696025602  -57.626732106
    1.704851728  -58.120082398
    1.713677853  -58.765037714
    1.722503979  -59.528853921
    1.731330105  -60.291725274
    1.740156230  -60.888033041
    1.748982356  -61.186495132
    1.757808482  -61.179773715
    1.766634607  -60.999368452
    1.775460733  -60.825629071
    1.784286859  -60.768720750
    1.793112984  -60.845875702
    1.801939110  -61.039171244
    1.810765236  -61.347798289
    1.819591361  -61.804407813
    1.828417487  -62.433264332
    1.837243613  -63.179725853
    1.846069738  -63.914095928
    1.854895864  -64.515479137
    1.863721990  -64.942316012
    1.872548115  -65.216361686
    1.881374241  -65.387876486
    1.890200366  -65.499658715
    1.899026492  -65.585658413
    1.907852618  -65.686832262
    1.916678743  -65.849168405
    1.925504869  -66.108528065
    1.934330995  -66.441003542
    1.943157120  -66.750934656
    1.951983246  -66.920086488
    1.960809372  -66.871992229
    1.969635497  -66.606929765
    1.978461623  -66.203497109
    1.987287749  -65.802652301
    1.996113874  -65.536323127
    2.004940000  -65.440581228
    2.013766126  -65.415594523
    2.022592251  -65.312459168
    2.031418377  -65.056656522
    2.040244503  -64.685790161
    2.049070628  -64.293897792
    2.057896754  -63.955941401
    2.066722880  -63.688934567
    2.075549005  -63.447159158
    2.084375131  -63.175511496
    2.093201257  -62.870440063
    2.102027382  -62.595479773
    2.110853508  -62.435384099
    2.119679634  -62.411734285
    2.128505759  -62.454767023
    2.137331885  -62.458024295
    2.146158010  -62.377035696
    2.154984136  -62.268148214
    2.163810262  -62.219114097
    2.172636387  -62.232997412
    2.181462513  -62.203649744
    2.190288639  -62.003557414
    2.199114764  -61.605971880
    2.207940890  -61.095811317
    2.216767016  -60.592010917
    2.225593141  -60.170989305
    2.234419267  -59.859784322
    2.243245393  -59.663671912
    2.252071518  -59.572664691
    2.260897644  -59.539363739
    2.269723770  -59.494620432
    2.278549895  -59.411461891
    2.287376021  -59.316604965
    2.296202147  -59.241986338
    2.305028272  -59.175144540
    2.313854398  -59.060548482
    2.322680524  -58.876315670
    2.331506649  -58.681178302
    2.340332775  -58.565091079
    2.349158901  -58.566262555
    2.357985026  -58.638399810
    2.366811152  -58.702162031
    2.375637277  -58.707430192
    2.384463403  -58.650762161
    2.393289529  -58.547339079
    2.402115654  -58.399048568
    2.410941780  -58.189294644
    2.419767906  -57.909193280
    2.428594031  -57.581618331
    2.437420157  -57.246224591
    2.446246283  -56.932735848
    2.455072408  -56.648577400
    2.463898534  -56.416284560
    2.472724660  -56.271836264
    2.481550785  -56.235987622
    2.490376911  -56.299744276
    2.499203037  -56.430939377
    2.508029162  -56.589177235
    2.516855288  -56.743162704
    2.525681414  -56.865277173
    2.534507539  -56.905638585
    2.543333665  -56.829588069
    2.552159791  -56.650126090
    2.560985916  -56.421990177
    2.569812042  -56.202644106
    2.578638168  -56.042825142
    2.587464293  -55.969674568
    2.596290419  -55.970346295
    2.605116545  -55.973350561
    2.613942670  -55.888035312
    2.622768796  -55.690798421
    2.631594921  -55.443072900
    2.640421047  -55.237253897
    2.649247173  -55.118644252
    2.658073298  -55.051722670
    2.666899424  -54.959802989
    2.675725550  -54.796214017
    2.684551675  -54.583906294
    2.693377801  -54.404038262
    2.702203927  -54.329517943
    2.711030052  -54.376266235
    2.719856178  -54.495391754
    2.728682304  -54.603207249
    2.737508429  -54.639236495
    2.746334555  -54.583204130
    2.755160681  -54.460481658
    2.763986806  -54.318697882
    2.772812932  -54.202049062
    2.781639058  -54.140101655
    2.790465183  -54.129671227
    2.799291309  -54.146067595
    2.808117435  -54.158562254
    2.816943560  -54.162190871
    2.825769686  -54.179812933
    2.834595812  -54.240896181
    2.843421937  -54.338842344
    2.852248063  -54.437160011
    2.861074188  -54.525272641
    2.869900314  -54.620898646
    2.878726440  -54.726852313
    2.887552565  -54.809608052
    2.896378691  -54.823748405
    2.905204817  -54.747110085
    2.914030942  -54.567632986
    2.922857068  -54.296363217
    2.931683194  -53.982913161
    2.940509319  -53.714706241
    2.949335445  -53.589792996
    2.958161571  -53.642173098
    2.966987696  -53.825724945
    2.975813822  -54.036279325
    2.984639948  -54.160816009
    2.993466073  -54.122654132
    3.002292199  -53.910629995
    3.011118325  -53.588503020
    3.019944450  -53.270734683
    3.028770576  -53.052677687
    3.037596702  -52.979214922
    3.046422827  -53.027777973
    3.055248953  -53.141638201
    3.064075079  -53.256957894
    3.072901204  -53.305493991
    3.081727330  -53.224356108
    3.090553455  -52.988217881
    3.099379581  -52.640378539
    3.108205707  -52.284413452
    3.117031832  -52.029634104
    3.125857958  -51.919160969
    3.134684084  -51.921074391
    3.143510209  -51.974495363
    3.152336335  -52.040742161
    3.161162461  -52.115864017
    3.169988586  -52.210409584
    3.178814712  -52.341852837
    3.187640838  -52.488304943
    3.196466963  -52.578084361
    3.205293089  -52.547437194
    3.214119215  -52.424779967
    3.222945340  -52.285011476
    3.231771466  -52.168579322
    3.240597592  -52.065439571
    3.249423717  -51.956584525
    3.258249843  -51.831790626
    3.267075969  -51.692948777
    3.275902094  -51.550937218
    3.284728220  -51.405588585
    3.293554346  -51.238336323
    3.302380471  -51.035573679
    3.311206597  -50.830072732
    3.320032723  -50.705807963
    3.328858848  -50.753224354
    3.337684974  -50.981637736
    3.346511099  -51.288539882
    3.355337225  -51.508724354
    3.364163351  -51.519143689
    3.372989476  -51.306605094
    3.381815602  -50.964653085
    3.390641728  -50.639742311
    3.399467853  -50.444108819
    3.408293979  -50.399265022
    3.417120105  -50.412650730
    3.425946230  -50.354556225
    3.434772356  -50.152063726
    3.443598482  -49.845906718
    3.452424607  -49.558473960
    3.461250733  -49.418968731
    3.470076859  -49.483243727
    3.478902984  -49.697714639
    3.487729110  -49.903204182
    3.496555236  -49.869935050
    3.505381361  -49.347600358
    3.514207487  -48.109842160
    3.523033613  -46.001050818
    3.531859738  -42.958974364
    3.540685864  -39.054931225
    3.549511990  -34.492293502
    3.558338115  -29.583186931
    3.567164241  -24.686367048
    3.575990366  -20.168368699
    3.584816492  -16.383572825
    3.593642618  -13.645555129
    3.602468743  -12.008185821
    3.611294869  -11.171318281
    3.620120995  -10.770938493
    3.628947120  -10.582318610
    3.637773246  -10.495060537
    3.646599372  -10.456647051
    3.655425497  -10.440826490
    3.664251623  -10.434854515
    3.673077749  -10.432877835
    3.681903874  -10.432379032
    3.690730000  -10.432240308
