#! FIELDS pp.proj projection
#! SET min_pp.proj 0.31915
#! SET max_pp.proj 3.69073
#! SET nbins_pp.proj  383
#! SET periodic_pp.proj false
    0.319150000  -10.432240308
    0.327976126  -10.432240308
    0.336802251  -10.432240308
    0.345628377  -10.432240308
    0.354454503  -10.432275320
    0.363280628  -10.432377300
    0.372106754  -10.432782589
    0.380932880  -10.434317674
    0.389759005  -10.439033358
    0.398585131  -10.452010380
    0.407411257  -10.485030704
    0.416237382  -10.564727720
    0.425063508  -10.750029534
    0.433889634  -11.177370595
    0.442715759  -12.162501097
    0.451541885  -14.284384533
    0.460368010  -17.992338150
    0.469194136  -22.970674824
    0.478020262  -28.415474941
    0.486846387  -33.523476734
    0.495672513  -37.743750011
    0.504498639  -40.908346223
    0.513324764  -43.185631862
    0.522150890  -44.883949023
    0.530977016  -46.270840185
    0.539803141  -47.507272599
    0.548629267  -48.701650959
    0.557455393  -49.969701030
    0.566281518  -51.423627770
    0.575107644  -53.123288419
    0.583933770  -55.081213991
    0.592759895  -57.294122392
    0.601586021  -59.742588579
    0.610412147  -62.375788491
    0.619238272  -65.110637600
    0.628064398  -67.870992253
    0.636890524  -70.581204875
    0.645716649  -73.147142281
    0.654542775  -75.460614380
    0.663368901  -77.425517488
    0.672195026  -79.008552415
    0.681021152  -80.260176998
    0.689847277  -81.307917564
    0.698673403  -82.306205941
    0.707499529  -83.360545388
    0.716325654  -84.481235360
    0.725151780  -85.630328265
    0.733977906  -86.792436899
    0.742804031  -88.006990233
    0.751630157  -89.353173831
    0.760456283  -90.922672041
    0.769282408  -92.765528283
    0.778108534  -94.801110089
    0.786934660  -96.808285119
    0.795760785  -98.551820633
    0.804586911  -99.905023143
    0.813413037 -100.851610570
    0.822239162 -101.412799579
    0.831065288 -101.578807008
    0.839891414 -101.351097407
    0.848717539 -100.789592382
    0.857543665 -100.032367576
    0.866369791  -99.246657481
    0.875195916  -98.516397644
    0.884022042  -97.803338675
    0.892848168  -96.965256705
    0.901674293  -95.860912313
    0.910500419  -94.438799742
    0.919326545  -92.787365025
    0.928152670  -91.088297090
    0.936978796  -89.518824392
    0.945804921  -88.155441651
    0.954631047  -86.973631809
    0.963457173  -85.937252883
    0.972283298  -85.074563459
    0.981109424  -84.431495906
    0.989935550  -83.988696390
    0.998761675  -83.675527327
    1.007587801  -83.422221429
    1.016413927  -83.174223076
    1.025240052  -82.897015006
    1.034066178  -82.565579965
    1.042892304  -82.142768607
    1.051718429  -81.604105607
    1.060544555  -80.972630211
    1.069370681  -80.323463222
    1.078196806  -79.740190578
    1.087022932  -79.274811290
    1.095849058  -78.951851752
    1.104675183  -78.776823837
    1.113501309  -78.742950132
    1.122327435  -78.796228758
    1.131153560  -78.846755117
    1.139979686  -78.840185042
    1.148805812  -78.826800852
    1.157631937  -78.925750857
    1.166458063  -79.236781422
    1.175284188  -79.766303523
    1.184110314  -80.433075754
    1.192936440  -81.076430996
    1.201762565  -81.510170536
    1.210588691  -81.623942751
    1.219414817  -81.469740601
    1.228240942  -81.227425724
    1.237067068  -81.086720366
    1.245893194  -81.111417148
    1.254719319  -81.218839403
    1.263545445  -81.257182226
    1.272371571  -81.132286211
    1.281197696  -80.869692243
    1.290023822  -80.565137130
    1.298849948  -80.286003034
    1.307676073  -80.029698808
    1.316502199  -79.739866016
    1.325328325  -79.373516585
    1.334154450  -78.939000988
    1.342980576  -78.487686019
    1.351806702  -78.074616353
    1.360632827  -77.728631433
    1.369458953  -77.449428744
    1.378285079  -77.223042216
    1.387111204  -77.004960417
    1.395937330  -76.735601355
    1.404763455  -76.379297935
    1.413589581  -75.957345219
    1.422415707  -75.536329921
    1.431241832  -75.181408503
    1.440067958  -74.937111939
    1.448894084  -74.830334027
    1.457720209  -74.860119323
    1.466546335  -75.001618939
    1.475372461  -75.207100128
    1.484198586  -75.425652666
    1.493024712  -75.632781149
    1.501850838  -75.837092713
    1.510676963  -76.050303210
    1.519503089  -76.260274827
    1.528329215  -76.443834450
    1.537155340  -76.590679904
    1.545981466  -76.713781330
    1.554807592  -76.833647331
    1.563633717  -76.951444341
    1.572459843  -77.070127062
    1.581285969  -77.191912707
    1.590112094  -77.284807119
    1.598938220  -77.277614246
    1.607764346  -77.120244311
    1.616590471  -76.812297205
    1.625416597  -76.408886043
    1.634242723  -75.990520856
    1.643068848  -75.631218683
    1.651894974  -75.374682098
    1.660721099  -75.234672408
    1.669547225  -75.201715898
    1.678373351  -75.243413215
    1.687199476  -75.319436296
    1.696025602  -75.419670708
    1.704851728  -75.582307943
    1.713677853  -75.857209480
    1.722503979  -76.255639838
    1.731330105  -76.713094952
    1.740156230  -77.107566687
    1.748982356  -77.319624345
    1.757808482  -77.308335021
    1.766634607  -77.147048220
    1.775460733  -76.959763460
    1.784286859  -76.806565248
    1.793112984  -76.652247019
    1.801939110  -76.432052918
    1.810765236  -76.116544747
    1.819591361  -75.734424258
    1.828417487  -75.359104038
    1.837243613  -75.054730550
    1.846069738  -74.851157392
    1.854895864  -74.748413921
    1.863721990  -74.740970548
    1.872548115  -74.810483795
    1.881374241  -74.924450305
    1.890200366  -75.038293234
    1.899026492  -75.118192166
    1.907852618  -75.167752275
    1.916678743  -75.218262946
    1.925504869  -75.306364324
    1.934330995  -75.433483086
    1.943157120  -75.566528436
    1.951983246  -75.661365240
    1.960809372  -75.673363562
    1.969635497  -75.582949111
    1.978461623  -75.423882089
    1.987287749  -75.287242651
    1.996113874  -75.252918802
    2.004940000  -75.321030405
    2.013766126  -75.394946320
    2.022592251  -75.359982612
    2.031418377  -75.177611893
    2.040244503  -74.908298708
    2.049070628  -74.650182962
    2.057896754  -74.465600286
    2.066722880  -74.355979041
    2.075549005  -74.271196436
    2.084375131  -74.150804028
    2.093201257  -73.964948402
    2.102027382  -73.736324307
    2.110853508  -73.524994189
    2.119679634  -73.367517668
    2.128505759  -73.238157325
    2.137331885  -73.075013559
    2.146158010  -72.851031230
    2.154984136  -72.612911299
    2.163810262  -72.446156955
    2.172636387  -72.384312312
    2.181462513  -72.367182728
    2.190288639  -72.286509073
    2.199114764  -72.087992294
    2.207940890  -71.797336948
    2.216767016  -71.479264242
    2.225593141  -71.189797097
    2.234419267  -70.971590251
    2.243245393  -70.853343773
    2.252071518  -70.829507813
    2.260897644  -70.844261682
    2.269723770  -70.819625398
    2.278549895  -70.725286201
    2.287376021  -70.599676322
    2.296202147  -70.505711946
    2.305028272  -70.470732527
    2.313854398  -70.458996156
    2.322680524  -70.418304896
    2.331506649  -70.328194359
    2.340332775  -70.199000576
    2.349158901  -70.043817265
    2.357985026  -69.860860046
    2.366811152  -69.661078750
    2.375637277  -69.483503327
    2.384463403  -69.374216437
    2.393289529  -69.346132660
    2.402115654  -69.370636443
    2.410941780  -69.395794301
    2.419767906  -69.382373455
    2.428594031  -69.330185437
    2.437420157  -69.268730966
    2.446246283  -69.232687236
    2.455072408  -69.233985274
    2.463898534  -69.258260143
    2.472724660  -69.270506538
    2.481550785  -69.239287922
    2.490376911  -69.170180359
    2.499203037  -69.099891518
    2.508029162  -69.057338433
    2.516855288  -69.030127544
    2.525681414  -68.991315630
    2.534507539  -68.924494415
    2.543333665  -68.843372600
    2.552159791  -68.771057877
    2.560985916  -68.730107573
    2.569812042  -68.739860453
    2.578638168  -68.818167397
    2.587464293  -68.956560491
    2.596290419  -69.113561331
    2.605116545  -69.221047574
    2.613942670  -69.221483310
    2.622768796  -69.123221175
    2.631594921  -68.999413064
    2.640421047  -68.934317857
    2.649247173  -68.964199861
    2.658073298  -69.050801400
    2.666899424  -69.112801700
    2.675725550  -69.088341529
    2.684551675  -68.980217577
    2.693377801  -68.853940124
    2.702203927  -68.771791402
    2.711030052  -68.750215124
    2.719856178  -68.769143392
    2.728682304  -68.802387368
    2.737508429  -68.847352794
    2.746334555  -68.900894237
    2.755160681  -68.955452081
    2.763986806  -68.996660751
    2.772812932  -69.001436844
    2.781639058  -68.950580498
    2.790465183  -68.843363962
    2.799291309  -68.707903310
    2.808117435  -68.579164950
    2.816943560  -68.488560295
    2.825769686  -68.454782641
    2.834595812  -68.486662566
    2.843421937  -68.567306828
    2.852248063  -68.655406545
    2.861074188  -68.721073114
    2.869900314  -68.754989005
    2.878726440  -68.761933175
    2.887552565  -68.757781021
    2.896378691  -68.760220622
    2.905204817  -68.773606414
    2.914030942  -68.756829787
    2.922857068  -68.657200091
    2.931683194  -68.459662595
    2.940509319  -68.209891199
    2.949335445  -67.993691117
    2.958161571  -67.871028924
    2.966987696  -67.855249821
    2.975813822  -67.922778252
    2.984639948  -68.028837845
    2.993466073  -68.127088288
    3.002292199  -68.191340072
    3.011118325  -68.230520115
    3.019944450  -68.269632256
    3.028770576  -68.306526420
    3.037596702  -68.321357504
    3.046422827  -68.304668082
    3.055248953  -68.287078002
    3.064075079  -68.315840693
    3.072901204  -68.396456809
    3.081727330  -68.469297868
    3.090553455  -68.458024844
    3.099379581  -68.341807751
    3.108205707  -68.179006376
    3.117031832  -68.061420410
    3.125857958  -68.036224007
    3.134684084  -68.078450933
    3.143510209  -68.118759784
    3.152336335  -68.103980875
    3.161162461  -68.039193125
    3.169988586  -67.963043431
    3.178814712  -67.913167462
    3.187640838  -67.892732865
    3.196466963  -67.889812392
    3.205293089  -67.896883814
    3.214119215  -67.927372771
    3.222945340  -67.986714192
    3.231771466  -68.058286232
    3.240597592  -68.111078711
    3.249423717  -68.114836158
    3.258249843  -68.060873878
    3.267075969  -67.972575208
    3.275902094  -67.888044401
    3.284728220  -67.824683937
    3.293554346  -67.762757406
    3.302380471  -67.676071797
    3.311206597  -67.572511532
    3.320032723  -67.508579890
    3.328858848  -67.556918052
    3.337684974  -67.733255261
    3.346511099  -67.970171908
    3.355337225  -68.152974290
    3.364163351  -68.192444196
    3.372989476  -68.072680884
    3.381815602  -67.871670010
    3.390641728  -67.726253724
    3.399467853  -67.747265333
    3.408293979  -67.964454518
    3.417120105  -68.308820152
    3.425946230  -68.663678453
    3.434772356  -68.922270131
    3.443598482  -69.039587594
    3.452424607  -69.041929523
    3.461250733  -69.009994117
    3.470076859  -69.030794417
    3.478902984  -69.146733169
    3.487729110  -69.317183725
    3.496555236  -69.413854418
    3.505381361  -69.231660889
    3.514207487  -68.508522766
    3.523033613  -67.002483914
    3.531859738  -64.550823855
    3.540685864  -61.093988184
    3.549511990  -56.629619882
    3.558338115  -51.196897507
    3.567164241  -44.907516056
    3.575990366  -38.008446851
    3.584816492  -30.914313546
    3.593642618  -24.197364011
    3.602468743  -18.491775463
    3.611294869  -14.403596003
    3.620120995  -12.137997918
    3.628947120  -11.132595860
    3.637773246  -10.716037433
    3.646599372  -10.542973910
    3.655425497  -10.472497158
    3.664251623  -10.445353613
    3.673077749  -10.435822259
    3.681903874  -10.432977321
    3.690730000  -10.432291830
