#! FIELDS pp.proj projection
#! SET min_pp.proj 0.31915
#! SET max_pp.proj 3.69073
#! SET nbins_pp.proj  383
#! SET periodic_pp.proj false
    0.319150000  -10.432240308
    0.327976126  -10.432240308
    0.336802251  -10.432240308
    0.345628377  -10.432240308
    0.354454503  -10.432275320
    0.363280628  -10.432377300
    0.372106754  -10.432728556
    0.380932880  -10.434072105
    0.389759005  -10.438003850
    0.398585131  -10.448319609
    0.407411257  -10.473775223
    0.416237382  -10.533902249
    0.425063508  -10.673794662
    0.433889634  -11.008782291
    0.442715759  -11.849274281
    0.451541885  -13.864341185
    0.460368010  -17.612498134
    0.469194136  -22.672341661
    0.478020262  -28.151170244
    0.486846387  -33.249989271
    0.495672513  -37.431472975
    0.504498639  -40.531359882
    0.513324764  -42.717235437
    0.522150890  -44.296371081
    0.530977016  -45.530610899
    0.539803141  -46.561222076
    0.548629267  -47.460782057
    0.557455393  -48.305892658
    0.566281518  -49.195257341
    0.575107644  -50.205994654
    0.583933770  -51.339786058
    0.592759895  -52.511842473
    0.601586021  -53.598011749
    0.610412147  -54.504989892
    0.619238272  -55.243547809
    0.628064398  -55.935763572
    0.636890524  -56.743040088
    0.645716649  -57.733487611
    0.654542775  -58.795275817
    0.663368901  -59.730154465
    0.672195026  -60.427711248
    0.681021152  -60.939183594
    0.689847277  -61.383875062
    0.698673403  -61.795461109
    0.707499529  -62.075802810
    0.716325654  -62.098991463
    0.725151780  -61.853485270
    0.733977906  -61.483175277
    0.742804031  -61.201838527
    0.751630157  -61.173812253
    0.760456283  -61.475088735
    0.769282408  -62.102190357
    0.778108534  -62.972474307
    0.786934660  -63.980437296
    0.795760785  -65.078379384
    0.804586911  -66.276832629
    0.813413037  -67.591300710
    0.822239162  -68.987701111
    0.831065288  -70.391113155
    0.839891414  -71.729765950
    0.848717539  -72.952906673
    0.857543665  -74.025953030
    0.866369791  -74.901587512
    0.875195916  -75.546258058
    0.884022042  -75.959850231
    0.892848168  -76.151949162
    0.901674293  -76.114444446
    0.910500419  -75.822725281
    0.919326545  -75.277274944
    0.928152670  -74.529880512
    0.936978796  -73.685616910
    0.945804921  -72.868292246
    0.954631047  -72.160149008
    0.963457173  -71.577377985
    0.972283298  -71.083674302
    0.981109424  -70.642866031
    0.989935550  -70.246554320
    0.998761675  -69.908688761
    1.007587801  -69.652097362
    1.016413927  -69.483529380
    1.025240052  -69.391190465
    1.034066178  -69.349116211
    1.042892304  -69.308131619
    1.051718429  -69.198081292
    1.060544555  -68.953075540
    1.069370681  -68.537178526
    1.078196806  -67.928935134
    1.087022932  -67.125193329
    1.095849058  -66.192337796
    1.104675183  -65.264640575
    1.113501309  -64.484099055
    1.122327435  -63.893668604
    1.131153560  -63.423068303
    1.139979686  -62.992971325
    1.148805812  -62.627963807
    1.157631937  -62.449832883
    1.166458063  -62.570639870
    1.175284188  -62.955035448
    1.184110314  -63.425621974
    1.192936440  -63.765404721
    1.201762565  -63.821699905
    1.210588691  -63.575623528
    1.219414817  -63.141257687
    1.228240942  -62.678648711
    1.237067068  -62.293773990
    1.245893194  -61.971058425
    1.254719319  -61.579076626
    1.263545445  -60.963643246
    1.272371571  -60.060622143
    1.281197696  -58.948548149
    1.290023822  -57.795617040
    1.298849948  -56.738972209
    1.307676073  -55.809804294
    1.316502199  -54.937435068
    1.325328325  -54.059739362
    1.334154450  -53.177019345
    1.342980576  -52.325515325
    1.351806702  -51.508828038
    1.360632827  -50.674834891
    1.369458953  -49.738755975
    1.378285079  -48.628262079
    1.387111204  -47.327592261
    1.395937330  -45.912614435
    1.404763455  -44.540418710
    1.413589581  -43.385336176
    1.422415707  -42.554185685
    1.431241832  -42.007754741
    1.440067958  -41.562064077
    1.448894084  -40.990877215
    1.457720209  -40.171628730
    1.466546335  -39.167543359
    1.475372461  -38.172916069
    1.484198586  -37.366987861
    1.493024712  -36.823087235
    1.501850838  -36.505872429
    1.510676963  -36.295089443
    1.519503089  -36.018957619
    1.528329215  -35.525526194
    1.537155340  -34.770794278
    1.545981466  -33.853806710
    1.554807592  -32.964977380
    1.563633717  -32.274368157
    1.572459843  -31.846257968
    1.581285969  -31.606307809
    1.590112094  -31.403245131
    1.598938220  -31.091278398
    1.607764346  -30.614135387
    1.616590471  -30.015511748
    1.625416597  -29.414035518
    1.634242723  -28.945633825
    1.643068848  -28.713265468
    1.651894974  -28.761555570
    1.660721099  -29.069852849
    1.669547225  -29.541203327
    1.678373351  -30.023600270
    1.687199476  -30.373968829
    1.696025602  -30.533279693
    1.704851728  -30.553231438
    1.713677853  -30.559496485
    1.722503979  -30.674782472
    1.731330105  -30.939399417
    1.740156230  -31.299026363
    1.748982356  -31.665133380
    1.757808482  -31.990781736
    1.766634607  -32.291472996
    1.775460733  -32.604043596
    1.784286859  -32.915633210
    1.793112984  -33.134155428
    1.801939110  -33.171373374
    1.810765236  -33.050460527
    1.819591361  -32.887272969
    1.828417487  -32.764086180
    1.837243613  -32.682470073
    1.846069738  -32.635920492
    1.854895864  -32.624783409
    1.863721990  -32.649794888
    1.872548115  -32.726971811
    1.881374241  -32.885214956
    1.890200366  -33.102488971
    1.899026492  -33.282095524
    1.907852618  -33.328977121
    1.916678743  -33.235267060
    1.925504869  -33.082807140
    1.934330995  -32.960859992
    1.943157120  -32.919704921
    1.951983246  -32.966081082
    1.960809372  -33.073441684
    1.969635497  -33.210940654
    1.978461623  -33.376219802
    1.987287749  -33.616731670
    1.996113874  -33.975400295
    2.004940000  -34.411531024
    2.013766126  -34.779032778
    2.022592251  -34.910126155
    2.031418377  -34.729559000
    2.040244503  -34.302337883
    2.049070628  -33.768990248
    2.057896754  -33.251958238
    2.066722880  -32.795957601
    2.075549005  -32.382394896
    2.084375131  -31.962197815
    2.093201257  -31.475415129
    2.102027382  -30.887118310
    2.110853508  -30.239634886
    2.119679634  -29.631947873
    2.128505759  -29.134431967
    2.137331885  -28.731501178
    2.146158010  -28.380872515
    2.154984136  -28.093976993
    2.163810262  -27.910580344
    2.172636387  -27.809861964
    2.181462513  -27.694907540
    2.190288639  -27.472777446
    2.199114764  -27.145141559
    2.207940890  -26.788345314
    2.216767016  -26.494297148
    2.225593141  -26.302782226
    2.234419267  -26.175121711
    2.243245393  -26.028827842
    2.252071518  -25.800965594
    2.260897644  -25.491596769
    2.269723770  -25.168098638
    2.278549895  -24.924186600
    2.287376021  -24.795053717
    2.296202147  -24.705973265
    2.305028272  -24.519705985
    2.313854398  -24.135040945
    2.322680524  -23.595672538
    2.331506649  -23.071386331
    2.340332775  -22.717868711
    2.349158901  -22.571754942
    2.357985026  -22.558711329
    2.366811152  -22.580210589
    2.375637277  -22.565144645
    2.384463403  -22.483522328
    2.393289529  -22.336409022
    2.402115654  -22.134459772
    2.410941780  -21.886321362
    2.419767906  -21.608493010
    2.428594031  -21.349646466
    2.437420157  -21.168955140
    2.446246283  -21.085580924
    2.455072408  -21.046686881
    2.463898534  -20.969669541
    2.472724660  -20.818006024
    2.481550785  -20.625722194
    2.490376911  -20.451188853
    2.499203037  -20.308939444
    2.508029162  -20.156264336
    2.516855288  -19.947701098
    2.525681414  -19.689543672
    2.534507539  -19.438560333
    2.543333665  -19.255548854
    2.552159791  -19.147210384
    2.560985916  -19.054421950
    2.569812042  -18.913469196
    2.578638168  -18.750159499
    2.587464293  -18.695465997
    2.596290419  -18.853667829
    2.605116545  -19.137562031
    2.613942670  -19.359293286
    2.622768796  -19.451200620
    2.631594921  -19.478132386
    2.640421047  -19.510461266
    2.649247173  -19.543314451
    2.658073298  -19.529214240
    2.666899424  -19.431270478
    2.675725550  -19.252137553
    2.684551675  -19.027313328
    2.693377801  -18.813343152
    2.702203927  -18.668687972
    2.711030052  -18.630912057
    2.719856178  -18.686418426
    2.728682304  -18.771784650
    2.737508429  -18.809453456
    2.746334555  -18.752438542
    2.755160681  -18.624180396
    2.763986806  -18.509168371
    2.772812932  -18.508420704
    2.781639058  -18.669920975
    2.790465183  -18.960092944
    2.799291309  -19.286931496
    2.808117435  -19.551666332
    2.816943560  -19.690682902
    2.825769686  -19.681503641
    2.834595812  -19.531871831
    2.843421937  -19.256539666
    2.852248063  -18.871445121
    2.861074188  -18.435749373
    2.869900314  -18.058060533
    2.878726440  -17.830287866
    2.887552565  -17.758292725
    2.896378691  -17.771852053
    2.905204817  -17.776266196
    2.914030942  -17.706671609
    2.922857068  -17.577190835
    2.931683194  -17.468799765
    2.940509319  -17.469005084
    2.949335445  -17.620762608
    2.958161571  -17.902774297
    2.966987696  -18.250913285
    2.975813822  -18.569424791
    2.984639948  -18.762548060
    2.993466073  -18.756123771
    3.002292199  -18.545085749
    3.011118325  -18.220534271
    3.019944450  -17.939903184
    3.028770576  -17.830869512
    3.037596702  -17.909195607
    3.046422827  -18.074746996
    3.055248953  -18.175380903
    3.064075079  -18.087858300
    3.072901204  -17.786869005
    3.081727330  -17.371158930
    3.090553455  -17.018359535
    3.099379581  -16.879299105
    3.108205707  -16.980579001
    3.117031832  -17.203265172
    3.125857958  -17.358603693
    3.134684084  -17.328218952
    3.143510209  -17.140850335
    3.152336335  -16.923417245
    3.161162461  -16.785707417
    3.169988586  -16.762601969
    3.178814712  -16.837085155
    3.187640838  -16.960422992
    3.196466963  -17.068960175
    3.205293089  -17.107793848
    3.214119215  -17.057209537
    3.222945340  -16.935515083
    3.231771466  -16.771759644
    3.240597592  -16.579370162
    3.249423717  -16.356889350
    3.258249843  -16.101797647
    3.267075969  -15.825155409
    3.275902094  -15.550059730
    3.284728220  -15.299272387
    3.293554346  -15.070111746
    3.302380471  -14.828324495
    3.311206597  -14.546692965
    3.320032723  -14.262262259
    3.328858848  -14.055270100
    3.337684974  -13.972794031
    3.346511099  -13.982561488
    3.355337225  -13.994910393
    3.364163351  -13.935107591
    3.372989476  -13.787695174
    3.381815602  -13.592474903
    3.390641728  -13.419211514
    3.399467853  -13.345778371
    3.408293979  -13.446397089
    3.417120105  -13.738526580
    3.425946230  -14.122128841
    3.434772356  -14.414106345
    3.443598482  -14.490454049
    3.452424607  -14.379681549
    3.461250733  -14.197134497
    3.470076859  -14.031525834
    3.478902984  -13.892495764
    3.487729110  -13.715162993
    3.496555236  -13.390733519
    3.505381361  -12.859081255
    3.514207487  -12.188035899
    3.523033613  -11.545877274
    3.531859738  -11.064889822
    3.540685864  -10.764106206
    3.549511990  -10.595406225
    3.558338115  -10.507299357
    3.567164241  -10.464052802
    3.575990366  -10.444462103
    3.584816492  -10.436450417
    3.593642618  -10.433465440
    3.602468743  -10.432519669
    3.611294869  -10.432240308
    3.620120995  -10.432240308
    3.628947120  -10.432240308
    3.637773246  -10.432240308
    3.646599372  -10.432240308
    3.655425497  -10.432240308
    3.664251623  -10.432240308
    3.673077749  -10.432240308
    3.681903874  -10.432240308
    3.690730000  -10.432240308
