#! FIELDS pp.proj projection
#! SET min_pp.proj 0.31915
#! SET max_pp.proj 3.69073
#! SET nbins_pp.proj  383
#! SET periodic_pp.proj false
    0.319150000  -10.432240308
    0.327976126  -10.432240308
    0.336802251  -10.432240308
    0.345628377  -10.432240308
    0.354454503  -10.432275320
    0.363280628  -10.432377300
    0.372106754  -10.432728556
    0.380932880  -10.434072105
    0.389759005  -10.438003850
    0.398585131  -10.448319609
    0.407411257  -10.473775223
    0.416237382  -10.533902249
    0.425063508  -10.673794662
    0.433889634  -11.008782291
    0.442715759  -11.849274281
    0.451541885  -13.864341185
    0.460368010  -17.612498134
    0.469194136  -22.672341661
    0.478020262  -28.151170244
    0.486846387  -33.249989271
    0.495672513  -37.431472975
    0.504498639  -40.531359882
    0.513324764  -42.717235437
    0.522150890  -44.296371081
    0.530977016  -45.530610899
    0.539803141  -46.561222076
    0.548629267  -47.460782057
    0.557455393  -48.305892658
    0.566281518  -49.195257341
    0.575107644  -50.205994654
    0.583933770  -51.339786058
    0.592759895  -52.511842473
    0.601586021  -53.598011749
    0.610412147  -54.504989892
    0.619238272  -55.243547809
    0.628064398  -55.935763572
    0.636890524  -56.743040088
    0.645716649  -57.733487611
    0.654542775  -58.795275817
    0.663368901  -59.730154465
    0.672195026  -60.427711248
    0.681021152  -60.939183594
    0.689847277  -61.383875062
    0.698673403  -61.795461109
    0.707499529  -62.075802810
    0.716325654  -62.098991463
    0.725151780  -61.853485270
    0.733977906  -61.483175277
    0.742804031  -61.201838527
    0.751630157  -61.173812253
    0.760456283  -61.475088735
    0.769282408  -62.102190357
    0.778108534  -62.972474307
    0.786934660  -63.980437296
    0.795760785  -65.078379384
    0.804586911  -66.276832629
    0.813413037  -67.591300710
    0.822239162  -68.987701111
    0.831065288  -70.391113155
    0.839891414  -71.729765950
    0.848717539  -72.952906673
    0.857543665  -74.025953030
    0.866369791  -74.901587512
    0.875195916  -75.546258058
    0.884022042  -75.959850231
    0.892848168  -76.151949162
    0.901674293  -76.114444446
    0.910500419  -75.822725281
    0.919326545  -75.277274944
    0.928152670  -74.529880512
    0.936978796  -73.685616910
    0.945804921  -72.868292246
    0.954631047  -72.160149008
    0.963457173  -71.577377985
    0.972283298  -71.083674302
    0.981109424  -70.642866031
    0.989935550  -70.246554320
    0.998761675  -69.908688761
    1.007587801  -69.652097362
    1.016413927  -69.483529380
    1.025240052  -69.391190465
    1.034066178  -69.349116211
    1.042892304  -69.308131619
    1.051718429  -69.198081292
    1.060544555  -68.953075540
    1.069370681  -68.537178526
    1.078196806  -67.928935134
    1.087022932  -67.125193329
    1.095849058  -66.192337796
    1.104675183  -65.264640575
    1.113501309  -64.484099055
    1.122327435  -63.893668604
    1.131153560  -63.423068303
    1.139979686  -62.992971325
    1.148805812  -62.627963807
    1.157631937  -62.449832883
    1.166458063  -62.570639870
    1.175284188  -62.955035448
    1.184110314  -63.425621974
    1.192936440  -63.765404721
    1.201762565  -63.821699905
    1.210588691  -63.575623528
    1.219414817  -63.141257687
    1.228240942  -62.678648711
    1.237067068  -62.293773990
    1.245893194  -61.971058425
    1.254719319  -61.579076626
    1.263545445  -60.963643246
    1.272371571  -60.060622143
    1.281197696  -58.948548149
    1.290023822  -57.795617040
    1.298849948  -56.738972209
    1.307676073  -55.809804294
    1.316502199  -54.937436887
    1.325328325  -54.059747839
    1.334154450  -53.177071511
    1.342980576  -52.325713941
    1.351806702  -51.509479297
    1.360632827  -50.676694689
    1.369458953  -49.743447478
    1.378285079  -48.638896967
    1.387111204  -47.349472290
    1.395937330  -45.953313412
    1.404763455  -44.607494170
    1.413589581  -43.481993944
    1.422415707  -42.676767689
    1.431241832  -42.149117274
    1.440067958  -41.718991930
    1.448894084  -41.173551321
    1.457720209  -40.415200863
    1.466546335  -39.545971929
    1.475372461  -38.803287137
    1.484198586  -38.392490953
    1.493024712  -38.379744891
    1.501850838  -38.687426891
    1.510676963  -39.123044530
    1.519503089  -39.440372123
    1.528329215  -39.450804680
    1.537155340  -39.124455459
    1.545981466  -38.609542643
    1.554807592  -38.142397319
    1.563633717  -37.909279141
    1.572459843  -37.951698358
    1.581285969  -38.152892329
    1.590112094  -38.340234824
    1.598938220  -38.388172305
    1.607764346  -38.269902496
    1.616590471  -38.014245007
    1.625416597  -37.655432437
    1.634242723  -37.227007099
    1.643068848  -36.803774517
    1.651894974  -36.498555937
    1.660721099  -36.375577518
    1.669547225  -36.360183845
    1.678373351  -36.269776453
    1.687199476  -35.950316626
    1.696025602  -35.401828663
    1.704851728  -34.762031621
    1.713677853  -34.185302712
    1.722503979  -33.770480596
    1.731330105  -33.542583231
    1.740156230  -33.471455030
    1.748982356  -33.493211750
    1.757808482  -33.546289196
    1.766634607  -33.600060932
    1.775460733  -33.663307205
    1.784286859  -33.745130060
    1.793112984  -33.798955292
    1.801939110  -33.754067928
    1.810765236  -33.616464716
    1.819591361  -33.459791118
    1.828417487  -33.314251798
    1.837243613  -33.151452462
    1.846069738  -32.983815979
    1.854895864  -32.856634076
    1.863721990  -32.797354759
    1.872548115  -32.820295928
    1.881374241  -32.944864962
    1.890200366  -33.144614878
    1.899026492  -33.320726257
    1.907852618  -33.372818148
    1.916678743  -33.284077075
    1.925504869  -33.129295748
    1.934330995  -32.998316121
    1.943157120  -32.946391478
    1.951983246  -32.984137358
    1.960809372  -33.086194876
    1.969635497  -33.221657882
    1.978461623  -33.387946332
    1.987287749  -33.632189703
    1.996113874  -33.996039954
    2.004940000  -34.436318077
    2.013766126  -34.805308739
    2.022592251  -34.936475829
    2.031418377  -34.757155197
    2.040244503  -34.335951309
    2.049070628  -33.819652532
    2.057896754  -33.341912826
    2.066722880  -32.960475212
    2.075549005  -32.661373915
    2.084375131  -32.391751719
    2.093201257  -32.097850693
    2.102027382  -31.770985672
    2.110853508  -31.467881582
    2.119679634  -31.243571991
    2.128505759  -31.071825114
    2.137331885  -30.880425418
    2.146158010  -30.656252663
    2.154984136  -30.468576419
    2.163810262  -30.373288537
    2.172636387  -30.332720386
    2.181462513  -30.269631942
    2.190288639  -30.155727752
    2.199114764  -30.033529586
    2.207940890  -29.957500135
    2.216767016  -29.978673664
    2.225593141  -30.122447456
    2.234419267  -30.357325628
    2.243245393  -30.581039332
    2.252071518  -30.661439914
    2.260897644  -30.523951171
    2.269723770  -30.218111423
    2.278549895  -29.904003785
    2.287376021  -29.739896320
    2.296202147  -29.766988961
    2.305028272  -29.886531256
    2.313854398  -29.942751275
    2.322680524  -29.878273796
    2.331506649  -29.797936647
    2.340332775  -29.830804362
    2.349158901  -29.960717134
    2.357985026  -30.066284908
    2.366811152  -30.091696390
    2.375637277  -30.102095536
    2.384463403  -30.197665584
    2.393289529  -30.425617327
    2.402115654  -30.762967524
    2.410941780  -31.128858246
    2.419767906  -31.431777874
    2.428594031  -31.630553436
    2.437420157  -31.734949595
    2.446246283  -31.768375485
    2.455072408  -31.726858595
    2.463898534  -31.572492050
    2.472724660  -31.288401659
    2.481550785  -30.941358666
    2.490376911  -30.637667508
    2.499203037  -30.418039046
    2.508029162  -30.251245131
    2.516855288  -30.096728365
    2.525681414  -29.918742546
    2.534507539  -29.684221061
    2.543333665  -29.406577550
    2.552159791  -29.144480466
    2.560985916  -28.962884415
    2.569812042  -28.910730272
    2.578638168  -29.024473428
    2.587464293  -29.305373718
    2.596290419  -29.701748134
    2.605116545  -30.120012016
    2.613942670  -30.475083167
    2.622768796  -30.748985951
    2.631594921  -31.000824492
    2.640421047  -31.300981771
    2.649247173  -31.648470995
    2.658073298  -31.956676108
    2.666899424  -32.118588576
    2.675725550  -32.108449445
    2.684551675  -32.007149353
    2.693377801  -31.948575012
    2.702203927  -32.024324407
    2.711030052  -32.227207177
    2.719856178  -32.450970630
    2.728682304  -32.546779063
    2.737508429  -32.414651077
    2.746334555  -32.056490040
    2.755160681  -31.577262792
    2.763986806  -31.128095069
    2.772812932  -30.839776888
    2.781639058  -30.774111612
    2.790465183  -30.879059818
    2.799291309  -31.016698280
    2.808117435  -31.050717081
    2.816943560  -30.932646557
    2.825769686  -30.705126663
    2.834595812  -30.464238102
    2.843421937  -30.279194957
    2.852248063  -30.158600182
    2.861074188  -30.114539926
    2.869900314  -30.192094549
    2.878726440  -30.401883494
    2.887552565  -30.666640971
    2.896378691  -30.868411013
    2.905204817  -30.917068549
    2.914030942  -30.763087786
    2.922857068  -30.421176606
    2.931683194  -29.982841035
    2.940509319  -29.577686091
    2.949335445  -29.320675321
    2.958161571  -29.256245745
    2.966987696  -29.345423826
    2.975813822  -29.472538154
    2.984639948  -29.491331988
    2.993466073  -29.287486800
    3.002292199  -28.840561061
    3.011118325  -28.254589682
    3.019944450  -27.735298198
    3.028770576  -27.484124568
    3.037596702  -27.606319077
    3.046422827  -28.076461163
    3.055248953  -28.771200133
    3.064075079  -29.504946642
    3.072901204  -30.083931171
    3.081727330  -30.382860175
    3.090553455  -30.397976972
    3.099379581  -30.228052420
    3.108205707  -30.013791531
    3.117031832  -29.858198394
    3.125857958  -29.770091255
    3.134684084  -29.688571804
    3.143510209  -29.552582605
    3.152336335  -29.359497000
    3.161162461  -29.172618653
    3.169988586  -29.070572965
    3.178814712  -29.101154750
    3.187640838  -29.248614413
    3.196466963  -29.461700785
    3.205293089  -29.688465174
    3.214119215  -29.909072407
    3.222945340  -30.119101904
    3.231771466  -30.296743378
    3.240597592  -30.384582072
    3.249423717  -30.329809872
    3.258249843  -30.126528060
    3.267075969  -29.827415949
    3.275902094  -29.506734661
    3.284728220  -29.213034260
    3.293554346  -28.961034939
    3.302380471  -28.763810177
    3.311206597  -28.647932193
    3.320032723  -28.640906525
    3.328858848  -28.752551605
    3.337684974  -28.963953439
    3.346511099  -29.206109290
    3.355337225  -29.346989513
    3.364163351  -29.250408773
    3.372989476  -28.854734077
    3.381815602  -28.221315211
    3.390641728  -27.528205744
    3.399467853  -26.985392546
    3.408293979  -26.739243977
    3.417120105  -26.789074764
    3.425946230  -27.005635091
    3.434772356  -27.219871717
    3.443598482  -27.342479069
    3.452424607  -27.413346081
    3.461250733  -27.547366564
    3.470076859  -27.822446475
    3.478902984  -28.194789867
    3.487729110  -28.484873938
    3.496555236  -28.415199795
    3.505381361  -27.692668701
    3.514207487  -26.106545113
    3.523033613  -23.634575299
    3.531859738  -20.497806868
    3.540685864  -17.165861907
    3.549511990  -14.268758403
    3.558338115  -12.317170316
    3.567164241  -11.286308790
    3.575990366  -10.808202561
    3.584816492  -10.593083721
    3.593642618  -10.497768920
    3.602468743  -10.456901659
    3.611294869  -10.440540960
    3.620120995  -10.434618907
    3.628947120  -10.432797881
    3.637773246  -10.432240308
    3.646599372  -10.432240308
    3.655425497  -10.432240308
    3.664251623  -10.432240308
    3.673077749  -10.432240308
    3.681903874  -10.432240308
    3.690730000  -10.432240308
