#! FIELDS pp.proj projection
#! SET min_pp.proj 0.31915
#! SET max_pp.proj 3.69073
#! SET nbins_pp.proj  383
#! SET periodic_pp.proj false
    0.319150000  -10.432240308
    0.327976126  -10.432240308
    0.336802251  -10.432240308
    0.345628377  -10.432240308
    0.354454503  -10.432240308
    0.363280628  -10.432240308
    0.372106754  -10.432240308
    0.380932880  -10.432240308
    0.389759005  -10.432240308
    0.398585131  -10.432240308
    0.407411257  -10.432240308
    0.416237382  -10.432240308
    0.425063508  -10.432240308
    0.433889634  -10.432240308
    0.442715759  -10.432240308
    0.451541885  -10.432240308
    0.460368010  -10.432240308
    0.469194136  -10.432240308
    0.478020262  -10.432240308
    0.486846387  -10.432240308
    0.495672513  -10.432240308
    0.504498639  -10.432240308
    0.513324764  -10.432240308
    0.522150890  -10.432240308
    0.530977016  -10.432240308
    0.539803141  -10.432240308
    0.548629267  -10.432240308
    0.557455393  -10.432240308
    0.566281518  -10.432240308
    0.575107644  -10.432240308
    0.583933770  -10.432240308
    0.592759895  -10.432240308
    0.601586021  -10.432240308
    0.610412147  -10.432240308
    0.619238272  -10.432240308
    0.628064398  -10.432240308
    0.636890524  -10.432240308
    0.645716649  -10.432240308
    0.654542775  -10.432240308
    0.663368901  -10.432240308
    0.672195026  -10.432240308
    0.681021152  -10.432240308
    0.689847277  -10.432240308
    0.698673403  -10.432240308
    0.707499529  -10.432240308
    0.716325654  -10.432240308
    0.725151780  -10.432240308
    0.733977906  -10.432240308
    0.742804031  -10.432240308
    0.751630157  -10.432240308
    0.760456283  -10.432240308
    0.769282408  -10.432240308
    0.778108534  -10.432240308
    0.786934660  -10.432240308
    0.795760785  -10.432274840
    0.804586911  -10.432427018
    0.813413037  -10.432983041
    0.822239162  -10.434728863
    0.831065288  -10.439520636
    0.839891414  -10.451422780
    0.848717539  -10.477739932
    0.857543665  -10.530061152
    0.866369791  -10.625245197
    0.875195916  -10.784216026
    0.884022042  -11.028641683
    0.892848168  -11.374511673
    0.901674293  -11.831574515
    0.910500419  -12.412952861
    0.919326545  -13.141724911
    0.928152670  -14.031639813
    0.936978796  -15.057448984
    0.945804921  -16.153381981
    0.954631047  -17.237680150
    0.963457173  -18.221733558
    0.972283298  -19.008387768
    0.981109424  -19.514398098
    0.989935550  -19.723341935
    0.998761675  -19.720296664
    1.007587801  -19.660628231
    1.016413927  -19.682825876
    1.025240052  -19.827288999
    1.034066178  -20.016696989
    1.042892304  -20.114828994
    1.051718429  -20.029746846
    1.060544555  -19.793741524
    1.069370681  -19.575918276
    1.078196806  -19.596585244
    1.087022932  -19.988194670
    1.095849058  -20.745165427
    1.104675183  -21.780352948
    1.113501309  -22.991598416
    1.122327435  -24.257560740
    1.131153560  -25.429028121
    1.139979686  -26.360993070
    1.148805812  -26.976425449
    1.157631937  -27.316347095
    1.166458063  -27.519147802
    1.175284188  -27.703275175
    1.184110314  -27.871846737
    1.192936440  -27.921833072
    1.201762565  -27.717521777
    1.210588691  -27.181885845
    1.219414817  -26.378950707
    1.228240942  -25.477917810
    1.237067068  -24.632990005
    1.245893194  -23.860221439
    1.254719319  -23.038353828
    1.263545445  -22.002643613
    1.272371571  -20.681134190
    1.281197696  -19.167501875
    1.290023822  -17.690632204
    1.298849948  -16.515568781
    1.307676073  -15.860110899
    1.316502199  -15.861019136
    1.325328325  -16.578777994
    1.334154450  -17.903777948
    1.342980576  -19.543129047
    1.351806702  -21.198246786
    1.360632827  -22.700577408
    1.369458953  -23.998261216
    1.378285079  -25.090922425
    1.387111204  -25.961961106
    1.395937330  -26.582698552
    1.404763455  -26.948244209
    1.413589581  -27.079465505
    1.422415707  -26.981866068
    1.431241832  -26.650970034
    1.440067958  -26.129038299
    1.448894084  -25.540834444
    1.457720209  -25.021597037
    1.466546335  -24.627649891
    1.475372461  -24.311791129
    1.484198586  -23.979974903
    1.493024712  -23.585215876
    1.501850838  -23.189547104
    1.510676963  -22.922035926
    1.519503089  -22.867532527
    1.528329215  -22.950067901
    1.537155340  -22.956274405
    1.545981466  -22.695344242
    1.554807592  -22.121958754
    1.563633717  -21.320016700
    1.572459843  -20.438967869
    1.581285969  -19.622398312
    1.590112094  -18.959747960
    1.598938220  -18.457415247
    1.607764346  -18.055636101
    1.616590471  -17.676806246
    1.625416597  -17.280270947
    1.634242723  -16.874964474
    1.643068848  -16.495848236
    1.651894974  -16.185830660
    1.660721099  -15.952462290
    1.669547225  -15.724716148
    1.678373351  -15.396019494
    1.687199476  -14.931364826
    1.696025602  -14.405186294
    1.704851728  -13.936415814
    1.713677853  -13.611438596
    1.722503979  -13.444564317
    1.731330105  -13.381654875
    1.740156230  -13.331352237
    1.748982356  -13.222852859
    1.757808482  -13.045811351
    1.766634607  -12.844770593
    1.775460733  -12.669036416
    1.784286859  -12.529545192
    1.793112984  -12.391808559
    1.801939110  -12.214587526
    1.810765236  -11.995621006
    1.819591361  -11.787786782
    1.828417487  -11.653590504
    1.837243613  -11.617864720
    1.846069738  -11.654661890
    1.854895864  -11.705901811
    1.863721990  -11.706455812
    1.872548115  -11.609236387
    1.881374241  -11.410264520
    1.890200366  -11.156134344
    1.899026492  -10.911902261
    1.907852618  -10.721309582
    1.916678743  -10.592397210
    1.925504869  -10.514117592
    1.934330995  -10.470617936
    1.943157120  -10.448511212
    1.951983246  -10.438451849
    1.960809372  -10.434371405
    1.969635497  -10.432869816
    1.978461623  -10.432355178
    1.987287749  -10.432240308
    1.996113874  -10.432240308
    2.004940000  -10.432240308
    2.013766126  -10.432240308
    2.022592251  -10.432240308
    2.031418377  -10.432240308
    2.040244503  -10.432240308
    2.049070628  -10.432240308
    2.057896754  -10.432240308
    2.066722880  -10.432240308
    2.075549005  -10.432240308
    2.084375131  -10.432240308
    2.093201257  -10.432240308
    2.102027382  -10.432240308
    2.110853508  -10.432240308
    2.119679634  -10.432240308
    2.128505759  -10.432240308
    2.137331885  -10.432240308
    2.146158010  -10.432240308
    2.154984136  -10.432240308
    2.163810262  -10.432240308
    2.172636387  -10.432240308
    2.181462513  -10.432240308
    2.190288639  -10.432240308
    2.199114764  -10.432240308
    2.207940890  -10.432240308
    2.216767016  -10.432240308
    2.225593141  -10.432240308
    2.234419267  -10.432240308
    2.243245393  -10.432240308
    2.252071518  -10.432240308
    2.260897644  -10.432240308
    2.269723770  -10.432240308
    2.278549895  -10.432240308
    2.287376021  -10.432240308
    2.296202147  -10.432240308
    2.305028272  -10.432240308
    2.313854398  -10.432240308
    2.322680524  -10.432240308
    2.331506649  -10.432240308
    2.340332775  -10.432240308
    2.349158901  -10.432240308
    2.357985026  -10.432240308
    2.366811152  -10.432240308
    2.375637277  -10.432240308
    2.384463403  -10.432240308
    2.393289529  -10.432240308
    2.402115654  -10.432240308
    2.410941780  -10.432240308
    2.419767906  -10.432240308
    2.428594031  -10.432240308
    2.437420157  -10.432240308
    2.446246283  -10.432240308
    2.455072408  -10.432240308
    2.463898534  -10.432240308
    2.472724660  -10.432240308
    2.481550785  -10.432240308
    2.490376911  -10.432240308
    2.499203037  -10.432240308
    2.508029162  -10.432240308
    2.516855288  -10.432240308
    2.525681414  -10.432240308
    2.534507539  -10.432240308
    2.543333665  -10.432240308
    2.552159791  -10.432240308
    2.560985916  -10.432240308
    2.569812042  -10.432240308
    2.578638168  -10.432240308
    2.587464293  -10.432240308
    2.596290419  -10.432240308
    2.605116545  -10.432240308
    2.613942670  -10.432240308
    2.622768796  -10.432240308
    2.631594921  -10.432240308
    2.640421047  -10.432240308
    2.649247173  -10.432240308
    2.658073298  -10.432240308
    2.666899424  -10.432240308
    2.675725550  -10.432240308
    2.684551675  -10.432240308
    2.693377801  -10.432240308
    2.702203927  -10.432240308
    2.711030052  -10.432240308
    2.719856178  -10.432240308
    2.728682304  -10.432240308
    2.737508429  -10.432240308
    2.746334555  -10.432240308
    2.755160681  -10.432240308
    2.763986806  -10.432240308
    2.772812932  -10.432240308
    2.781639058  -10.432240308
    2.790465183  -10.432240308
    2.799291309  -10.432240308
    2.808117435  -10.432240308
    2.816943560  -10.432240308
    2.825769686  -10.432240308
    2.834595812  -10.432240308
    2.843421937  -10.432240308
    2.852248063  -10.432240308
    2.861074188  -10.432240308
    2.869900314  -10.432240308
    2.878726440  -10.432240308
    2.887552565  -10.432240308
    2.896378691  -10.432240308
    2.905204817  -10.432240308
    2.914030942  -10.432240308
    2.922857068  -10.432240308
    2.931683194  -10.432240308
    2.940509319  -10.432240308
    2.949335445  -10.432240308
    2.958161571  -10.432240308
    2.966987696  -10.432240308
    2.975813822  -10.432240308
    2.984639948  -10.432240308
    2.993466073  -10.432240308
    3.002292199  -10.432240308
    3.011118325  -10.432240308
    3.019944450  -10.432240308
    3.028770576  -10.432240308
    3.037596702  -10.432240308
    3.046422827  -10.432240308
    3.055248953  -10.432240308
    3.064075079  -10.432240308
    3.072901204  -10.432240308
    3.081727330  -10.432240308
    3.090553455  -10.432240308
    3.099379581  -10.432240308
    3.108205707  -10.432240308
    3.117031832  -10.432240308
    3.125857958  -10.432240308
    3.134684084  -10.432240308
    3.143510209  -10.432240308
    3.152336335  -10.432240308
    3.161162461  -10.432240308
    3.169988586  -10.432240308
    3.178814712  -10.432240308
    3.187640838  -10.432240308
    3.196466963  -10.432240308
    3.205293089  -10.432240308
    3.214119215  -10.432240308
    3.222945340  -10.432240308
    3.231771466  -10.432240308
    3.240597592  -10.432240308
    3.249423717  -10.432240308
    3.258249843  -10.432240308
    3.267075969  -10.432240308
    3.275902094  -10.432240308
    3.284728220  -10.432240308
    3.293554346  -10.432240308
    3.302380471  -10.432240308
    3.311206597  -10.432240308
    3.320032723  -10.432240308
    3.328858848  -10.432240308
    3.337684974  -10.432240308
    3.346511099  -10.432240308
    3.355337225  -10.432240308
    3.364163351  -10.432240308
    3.372989476  -10.432240308
    3.381815602  -10.432240308
    3.390641728  -10.432240308
    3.399467853  -10.432240308
    3.408293979  -10.432240308
    3.417120105  -10.432240308
    3.425946230  -10.432240308
    3.434772356  -10.432240308
    3.443598482  -10.432240308
    3.452424607  -10.432240308
    3.461250733  -10.432240308
    3.470076859  -10.432240308
    3.478902984  -10.432240308
    3.487729110  -10.432240308
    3.496555236  -10.432240308
    3.505381361  -10.432240308
    3.514207487  -10.432240308
    3.523033613  -10.432240308
    3.531859738  -10.432240308
    3.540685864  -10.432240308
    3.549511990  -10.432240308
    3.558338115  -10.432240308
    3.567164241  -10.432240308
    3.575990366  -10.432240308
    3.584816492  -10.432240308
    3.593642618  -10.432240308
    3.602468743  -10.432240308
    3.611294869  -10.432240308
    3.620120995  -10.432240308
    3.628947120  -10.432240308
    3.637773246  -10.432240308
    3.646599372  -10.432240308
    3.655425497  -10.432240308
    3.664251623  -10.432240308
    3.673077749  -10.432240308
    3.681903874  -10.432240308
    3.690730000  -10.432240308
