#! FIELDS pp.proj projection
#! SET min_pp.proj 0.31915
#! SET max_pp.proj 3.69073
#! SET nbins_pp.proj  383
#! SET periodic_pp.proj false
    0.319150000  -10.432240308
    0.327976126  -10.432240308
    0.336802251  -10.432240308
    0.345628377  -10.432240308
    0.354454503  -10.432275320
    0.363280628  -10.432377300
    0.372106754  -10.432728556
    0.380932880  -10.434072105
    0.389759005  -10.438003850
    0.398585131  -10.448319609
    0.407411257  -10.473775223
    0.416237382  -10.533902249
    0.425063508  -10.673794662
    0.433889634  -11.008782291
    0.442715759  -11.849274281
    0.451541885  -13.864341185
    0.460368010  -17.612498134
    0.469194136  -22.672341661
    0.478020262  -28.151170244
    0.486846387  -33.249989271
    0.495672513  -37.431472975
    0.504498639  -40.531359882
    0.513324764  -42.717235437
    0.522150890  -44.296371081
    0.530977016  -45.530610899
    0.539803141  -46.561222076
    0.548629267  -47.460782057
    0.557455393  -48.305892658
    0.566281518  -49.195257341
    0.575107644  -50.205994654
    0.583933770  -51.339786058
    0.592759895  -52.511842473
    0.601586021  -53.598011749
    0.610412147  -54.504989892
    0.619238272  -55.243547809
    0.628064398  -55.935763572
    0.636890524  -56.743040088
    0.645716649  -57.733487611
    0.654542775  -58.795275817
    0.663368901  -59.730154465
    0.672195026  -60.427711248
    0.681021152  -60.939183594
    0.689847277  -61.383875062
    0.698673403  -61.795461109
    0.707499529  -62.075802810
    0.716325654  -62.098991463
    0.725151780  -61.853485270
    0.733977906  -61.483175277
    0.742804031  -61.201838527
    0.751630157  -61.173812253
    0.760456283  -61.475088735
    0.769282408  -62.102190357
    0.778108534  -62.972474307
    0.786934660  -63.980437296
    0.795760785  -65.078379384
    0.804586911  -66.276832629
    0.813413037  -67.591300710
    0.822239162  -68.987701111
    0.831065288  -70.391113155
    0.839891414  -71.729765950
    0.848717539  -72.952906673
    0.857543665  -74.025953030
    0.866369791  -74.901587512
    0.875195916  -75.546258058
    0.884022042  -75.959850231
    0.892848168  -76.151949162
    0.901674293  -76.114444446
    0.910500419  -75.822725281
    0.919326545  -75.277274944
    0.928152670  -74.529880512
    0.936978796  -73.685616910
    0.945804921  -72.868292246
    0.954631047  -72.160149008
    0.963457173  -71.577377985
    0.972283298  -71.083674302
    0.981109424  -70.642866031
    0.989935550  -70.246554320
    0.998761675  -69.908688761
    1.007587801  -69.652097362
    1.016413927  -69.483529380
    1.025240052  -69.391190465
    1.034066178  -69.349116211
    1.042892304  -69.308131619
    1.051718429  -69.198081292
    1.060544555  -68.953075540
    1.069370681  -68.537178526
    1.078196806  -67.928935134
    1.087022932  -67.125193329
    1.095849058  -66.192337796
    1.104675183  -65.264640575
    1.113501309  -64.484099055
    1.122327435  -63.893668604
    1.131153560  -63.423072370
    1.139979686  -62.992992177
    1.148805812  -62.628055633
    1.157631937  -62.450187844
    1.166458063  -62.571693859
    1.175284188  -62.957590962
    1.184110314  -63.430851934
    1.192936440  -63.775107206
    1.201762565  -63.838807217
    1.210588691  -63.604822488
    1.219414817  -63.189247733
    1.228240942  -62.753633082
    1.237067068  -62.404416380
    1.245893194  -62.125984781
    1.254719319  -61.787851280
    1.263545445  -61.238575518
    1.272371571  -60.418350236
    1.281197696  -59.410289283
    1.290023822  -58.384294538
    1.298849948  -57.470483021
    1.307676073  -56.683570599
    1.316502199  -55.936635986
    1.325328325  -55.164324356
    1.334154450  -54.377418452
    1.342980576  -53.637496628
    1.351806702  -52.983478153
    1.360632827  -52.393722715
    1.369458953  -51.791388541
    1.378285079  -51.087011636
    1.387111204  -50.239261705
    1.395937330  -49.318593956
    1.404763455  -48.501567959
    1.413589581  -47.970534602
    1.422415707  -47.802014980
    1.431241832  -47.935335196
    1.440067958  -48.240639449
    1.448894084  -48.592850737
    1.457720209  -48.931731306
    1.466546335  -49.312598684
    1.475372461  -49.839664856
    1.484198586  -50.514590022
    1.493024712  -51.200506104
    1.501850838  -51.729850728
    1.510676963  -52.014608130
    1.519503089  -52.097938459
    1.528329215  -52.111695750
    1.537155340  -52.158111482
    1.545981466  -52.234311401
    1.554807592  -52.306321746
    1.563633717  -52.395676576
    1.572459843  -52.587504171
    1.581285969  -52.917020478
    1.590112094  -53.315385121
    1.598938220  -53.692788198
    1.607764346  -54.025931806
    1.616590471  -54.341430534
    1.625416597  -54.657472995
    1.634242723  -54.939600947
    1.643068848  -55.145645686
    1.651894974  -55.309419054
    1.660721099  -55.505409565
    1.669547225  -55.731589725
    1.678373351  -55.897332386
    1.687199476  -55.923712906
    1.696025602  -55.822722740
    1.704851728  -55.663417304
    1.713677853  -55.491829260
    1.722503979  -55.301871190
    1.731330105  -55.064786577
    1.740156230  -54.770823645
    1.748982356  -54.434057848
    1.757808482  -54.071743093
    1.766634607  -53.682802898
    1.775460733  -53.251813103
    1.784286859  -52.768466440
    1.793112984  -52.251849718
    1.801939110  -51.749685092
    1.810765236  -51.304872495
    1.819591361  -50.933506479
    1.828417487  -50.645733950
    1.837243613  -50.466156293
    1.846069738  -50.412026461
    1.854895864  -50.449131581
    1.863721990  -50.529554685
    1.872548115  -50.627612036
    1.881374241  -50.742545222
    1.890200366  -50.876086217
    1.899026492  -51.031257379
    1.907852618  -51.229921433
    1.916678743  -51.512621150
    1.925504869  -51.926687932
    1.934330995  -52.486777195
    1.943157120  -53.135613959
    1.951983246  -53.751942449
    1.960809372  -54.215978653
    1.969635497  -54.490439793
    1.978461623  -54.637094412
    1.987287749  -54.782575310
    1.996113874  -55.034271337
    2.004940000  -55.415257301
    2.013766126  -55.837536450
    2.022592251  -56.155803633
    2.031418377  -56.269313140
    2.040244503  -56.185645701
    2.049070628  -55.982545530
    2.057896754  -55.734564816
    2.066722880  -55.479818643
    2.075549005  -55.222485755
    2.084375131  -54.964531891
    2.093201257  -54.723088133
    2.102027382  -54.546791626
    2.110853508  -54.518004594
    2.119679634  -54.683223566
    2.128505759  -54.983750001
    2.137331885  -55.297166993
    2.146158010  -55.551917564
    2.154984136  -55.773731699
    2.163810262  -56.028644388
    2.172636387  -56.322985444
    2.181462513  -56.567030756
    2.190288639  -56.625581384
    2.199114764  -56.441597057
    2.207940890  -56.080100685
    2.216767016  -55.674332599
    2.225593141  -55.335849294
    2.234419267  -55.112938434
    2.243245393  -54.998309184
    2.252071518  -54.949268334
    2.260897644  -54.904475050
    2.269723770  -54.811481112
    2.278549895  -54.664268704
    2.287376021  -54.492057384
    2.296202147  -54.323932079
    2.305028272  -54.156467332
    2.313854398  -53.943239257
    2.322680524  -53.657589898
    2.331506649  -53.343736821
    2.340332775  -53.084109240
    2.349158901  -52.925947099
    2.357985026  -52.836534169
    2.366811152  -52.747163424
    2.375637277  -52.620097359
    2.384463403  -52.467260042
    2.393289529  -52.311179549
    2.402115654  -52.147326365
    2.410941780  -51.949970895
    2.419767906  -51.706073793
    2.428594031  -51.435541133
    2.437420157  -51.177221038
    2.446246283  -50.972730846
    2.455072408  -50.841800223
    2.463898534  -50.788278410
    2.472724660  -50.809655957
    2.481550785  -50.899611304
    2.490376911  -51.039706067
    2.499203037  -51.191697303
    2.508029162  -51.293629373
    2.516855288  -51.283867152
    2.525681414  -51.139111394
    2.534507539  -50.867111385
    2.543333665  -50.493708074
    2.552159791  -50.038380711
    2.560985916  -49.517620470
    2.569812042  -48.970772796
    2.578638168  -48.484472023
    2.587464293  -48.152388541
    2.596290419  -48.017564069
    2.605116545  -48.032565604
    2.613942670  -48.097084605
    2.622768796  -48.151631969
    2.631594921  -48.210745632
    2.640421047  -48.326326427
    2.649247173  -48.514549429
    2.658073298  -48.715527989
    2.666899424  -48.820682850
    2.675725550  -48.766407689
    2.684551675  -48.592919092
    2.693377801  -48.430494686
    2.702203927  -48.395652645
    2.711030052  -48.516880983
    2.719856178  -48.726176501
    2.728682304  -48.903452859
    2.737508429  -48.959225410
    2.746334555  -48.876352646
    2.755160681  -48.714505496
    2.763986806  -48.558219345
    2.772812932  -48.470331542
    2.781639058  -48.478356054
    2.790465183  -48.564850547
    2.799291309  -48.679825154
    2.808117435  -48.760222956
    2.816943560  -48.774515193
    2.825769686  -48.736805888
    2.834595812  -48.697683939
    2.843421937  -48.690237555
    2.852248063  -48.709753767
    2.861074188  -48.755631837
    2.869900314  -48.839024514
    2.878726440  -48.951549309
    2.887552565  -49.044647015
    2.896378691  -49.065324125
    2.905204817  -49.006007310
    2.914030942  -48.882757638
    2.922857068  -48.719851370
    2.931683194  -48.550491798
    2.940509319  -48.425961575
    2.949335445  -48.403708728
    2.958161571  -48.495410182
    2.966987696  -48.659629955
    2.975813822  -48.809094106
    2.984639948  -48.852326075
    2.993466073  -48.741029178
    3.002292199  -48.501161312
    3.011118325  -48.231630464
    3.019944450  -48.062714904
    3.028770576  -48.073903611
    3.037596702  -48.265541019
    3.046422827  -48.554265088
    3.055248953  -48.827322933
    3.064075079  -48.993513333
    3.072901204  -49.009037954
    3.081727330  -48.886880435
    3.090553455  -48.694353842
    3.099379581  -48.533324557
    3.108205707  -48.497674226
    3.117031832  -48.623076920
    3.125857958  -48.844604704
    3.134684084  -49.041008609
    3.143510209  -49.137917190
    3.152336335  -49.163590106
    3.161162461  -49.208250522
    3.169988586  -49.336669415
    3.178814712  -49.573146526
    3.187640838  -49.875751861
    3.196466963  -50.141160628
    3.205293089  -50.269012492
    3.214119215  -50.269554195
    3.222945340  -50.234020020
    3.231771466  -50.235760107
    3.240597592  -50.277241351
    3.249423717  -50.324474710
    3.258249843  -50.346123688
    3.267075969  -50.329838372
    3.275902094  -50.278553679
    3.284728220  -50.184046300
    3.293554346  -50.024685980
    3.302380471  -49.794111558
    3.311206597  -49.543265256
    3.320032723  -49.378926964
    3.328858848  -49.410562318
    3.337684974  -49.658686833
    3.346511099  -50.024344885
    3.355337225  -50.340703230
    3.364163351  -50.478644177
    3.372989476  -50.411663208
    3.381815602  -50.208442873
    3.390641728  -49.987685397
    3.399467853  -49.839051803
    3.408293979  -49.773483361
    3.417120105  -49.698130506
    3.425946230  -49.491635694
    3.434772356  -49.100966054
    3.443598482  -48.600023244
    3.452424607  -48.151642187
    3.461250733  -47.917456555
    3.470076859  -47.959057958
    3.478902984  -48.202415244
    3.487729110  -48.465915661
    3.496555236  -48.510516486
    3.505381361  -48.083695657
    3.514207487  -46.953325546
    3.523033613  -44.954047446
    3.531859738  -42.016537077
    3.540685864  -38.210605876
    3.549511990  -33.736333181
    3.558338115  -28.898790946
    3.567164241  -24.049664429
    3.575990366  -19.563910174
    3.584816492  -15.835933019
    3.593642618  -13.221449286
    3.602468743  -11.738129211
    3.611294869  -11.018351680
    3.620120995  -10.687939542
    3.628947120  -10.538797168
    3.637773246  -10.473593226
    3.646599372  -10.446841707
    3.655425497  -10.436788611
    3.664251623  -10.433372300
    3.673077749  -10.432395588
    3.681903874  -10.432240308
    3.690730000  -10.432240308
