#! FIELDS pp.proj projection
#! SET min_pp.proj 0.31915
#! SET max_pp.proj 3.69073
#! SET nbins_pp.proj  383
#! SET periodic_pp.proj false
    0.319150000  -10.432240308
    0.327976126  -10.432240308
    0.336802251  -10.432240308
    0.345628377  -10.432240308
    0.354454503  -10.432275320
    0.363280628  -10.432377300
    0.372106754  -10.432728556
    0.380932880  -10.434072105
    0.389759005  -10.438003850
    0.398585131  -10.448319609
    0.407411257  -10.473775223
    0.416237382  -10.533902249
    0.425063508  -10.673794662
    0.433889634  -11.008782291
    0.442715759  -11.849274281
    0.451541885  -13.864341185
    0.460368010  -17.612498134
    0.469194136  -22.672341661
    0.478020262  -28.151170244
    0.486846387  -33.249989271
    0.495672513  -37.431472975
    0.504498639  -40.531359882
    0.513324764  -42.717235437
    0.522150890  -44.296371081
    0.530977016  -45.530610899
    0.539803141  -46.561222076
    0.548629267  -47.460782057
    0.557455393  -48.305892658
    0.566281518  -49.195257341
    0.575107644  -50.205994654
    0.583933770  -51.339786058
    0.592759895  -52.511842473
    0.601586021  -53.598011749
    0.610412147  -54.504989892
    0.619238272  -55.243547809
    0.628064398  -55.935763572
    0.636890524  -56.743040088
    0.645716649  -57.733487611
    0.654542775  -58.795275817
    0.663368901  -59.730154465
    0.672195026  -60.427711248
    0.681021152  -60.939183594
    0.689847277  -61.383875062
    0.698673403  -61.795461109
    0.707499529  -62.075802810
    0.716325654  -62.098991463
    0.725151780  -61.853485270
    0.733977906  -61.483175277
    0.742804031  -61.201838527
    0.751630157  -61.173812253
    0.760456283  -61.475088735
    0.769282408  -62.102190357
    0.778108534  -62.972474307
    0.786934660  -63.980437296
    0.795760785  -65.078379384
    0.804586911  -66.276832629
    0.813413037  -67.591300710
    0.822239162  -68.987701111
    0.831065288  -70.391113155
    0.839891414  -71.729765950
    0.848717539  -72.952906673
    0.857543665  -74.025953030
    0.866369791  -74.901587512
    0.875195916  -75.546258058
    0.884022042  -75.959850231
    0.892848168  -76.151949162
    0.901674293  -76.114444446
    0.910500419  -75.822725281
    0.919326545  -75.277274944
    0.928152670  -74.529880512
    0.936978796  -73.685616910
    0.945804921  -72.868292246
    0.954631047  -72.160149008
    0.963457173  -71.577377985
    0.972283298  -71.083674302
    0.981109424  -70.642866031
    0.989935550  -70.246554320
    0.998761675  -69.908688761
    1.007587801  -69.652097362
    1.016413927  -69.483529380
    1.025240052  -69.391190465
    1.034066178  -69.349116211
    1.042892304  -69.308131619
    1.051718429  -69.198081292
    1.060544555  -68.953075540
    1.069370681  -68.537178526
    1.078196806  -67.928935134
    1.087022932  -67.125193329
    1.095849058  -66.192337796
    1.104675183  -65.264640575
    1.113501309  -64.484099055
    1.122327435  -63.893668604
    1.131153560  -63.423072370
    1.139979686  -62.992992177
    1.148805812  -62.628055633
    1.157631937  -62.450187844
    1.166458063  -62.571693859
    1.175284188  -62.957590962
    1.184110314  -63.430851934
    1.192936440  -63.775107206
    1.201762565  -63.838807217
    1.210588691  -63.604822488
    1.219414817  -63.189247733
    1.228240942  -62.753633082
    1.237067068  -62.404416380
    1.245893194  -62.125984781
    1.254719319  -61.787851280
    1.263545445  -61.238575518
    1.272371571  -60.418350236
    1.281197696  -59.410289283
    1.290023822  -58.384294538
    1.298849948  -57.470483021
    1.307676073  -56.683570599
    1.316502199  -55.936635986
    1.325328325  -55.164324356
    1.334154450  -54.377418452
    1.342980576  -53.637496628
    1.351806702  -52.983478153
    1.360632827  -52.393722715
    1.369458953  -51.791388541
    1.378285079  -51.087011636
    1.387111204  -50.239261705
    1.395937330  -49.318593956
    1.404763455  -48.501567959
    1.413589581  -47.970534602
    1.422415707  -47.802014980
    1.431241832  -47.935335196
    1.440067958  -48.240639449
    1.448894084  -48.592850737
    1.457720209  -48.931731306
    1.466546335  -49.312598684
    1.475372461  -49.839664856
    1.484198586  -50.514590022
    1.493024712  -51.200506104
    1.501850838  -51.729850728
    1.510676963  -52.014608130
    1.519503089  -52.097938459
    1.528329215  -52.111695750
    1.537155340  -52.158111482
    1.545981466  -52.234311401
    1.554807592  -52.306321746
    1.563633717  -52.395676576
    1.572459843  -52.587504171
    1.581285969  -52.917020478
    1.590112094  -53.315385121
    1.598938220  -53.692788198
    1.607764346  -54.025876293
    1.616590471  -54.341189325
    1.625416597  -54.656665298
    1.634242723  -54.937282277
    1.643068848  -55.139864254
    1.651894974  -55.297250452
    1.660721099  -55.483699545
    1.669547225  -55.697913659
    1.678373351  -55.850004463
    1.687199476  -55.862400709
    1.696025602  -55.749381216
    1.704851728  -55.579095161
    1.713677853  -55.391123077
    1.722503979  -55.170385579
    1.731330105  -54.880841329
    1.740156230  -54.510758687
    1.748982356  -54.080538001
    1.757808482  -53.618267924
    1.766634607  -53.128663479
    1.775460733  -52.594556577
    1.784286859  -52.002623551
    1.793112984  -51.375326430
    1.801939110  -50.767098549
    1.810765236  -50.211659853
    1.819591361  -49.684528617
    1.828417487  -49.144601324
    1.837243613  -48.609635305
    1.846069738  -48.176155611
    1.854895864  -47.926392723
    1.863721990  -47.871085011
    1.872548115  -47.960321252
    1.881374241  -48.131171346
    1.890200366  -48.326639316
    1.899026492  -48.516329328
    1.907852618  -48.722121813
    1.916678743  -49.020519581
    1.925504869  -49.513906675
    1.934330995  -50.237575643
    1.943157120  -51.081376616
    1.951983246  -51.845536572
    1.960809372  -52.367159967
    1.969635497  -52.607378097
    1.978461623  -52.651073535
    1.987287749  -52.656748577
    1.996113874  -52.749419322
    2.004940000  -52.945097333
    2.013766126  -53.152837200
    2.022592251  -53.259716506
    2.031418377  -53.217739856
    2.040244503  -53.073082077
    2.049070628  -52.915009364
    2.057896754  -52.809009516
    2.066722880  -52.770780608
    2.075549005  -52.775229008
    2.084375131  -52.789674781
    2.093201257  -52.797761363
    2.102027382  -52.824157667
    2.110853508  -52.928123661
    2.119679634  -53.128227396
    2.128505759  -53.358142170
    2.137331885  -53.530077106
    2.146158010  -53.636455865
    2.154984136  -53.761379468
    2.163810262  -53.993901755
    2.172636387  -54.326615527
    2.181462513  -54.633873060
    2.190288639  -54.740237003
    2.199114764  -54.562500963
    2.207940890  -54.168438045
    2.216767016  -53.722994876
    2.225593141  -53.382073926
    2.234419267  -53.225841038
    2.243245393  -53.246363297
    2.252071518  -53.367202907
    2.260897644  -53.489317681
    2.269723770  -53.546506021
    2.278549895  -53.536066372
    2.287376021  -53.493566823
    2.296202147  -53.456397974
    2.305028272  -53.426445331
    2.313854398  -53.351708279
    2.322680524  -53.190680342
    2.331506649  -52.974908301
    2.340332775  -52.781538723
    2.349158901  -52.657386902
    2.357985026  -52.572548864
    2.366811152  -52.462221623
    2.375637277  -52.289106487
    2.384463403  -52.060519501
    2.393289529  -51.790112913
    2.402115654  -51.466983147
    2.410941780  -51.072623010
    2.419767906  -50.621206467
    2.428594031  -50.171275111
    2.437420157  -49.793393031
    2.446246283  -49.540932914
    2.455072408  -49.427769797
    2.463898534  -49.441528159
    2.472724660  -49.553931442
    2.481550785  -49.723645790
    2.490376911  -49.899950453
    2.499203037  -50.034687306
    2.508029162  -50.085623676
    2.516855288  -50.028583491
    2.525681414  -49.876784040
    2.534507539  -49.662679363
    2.543333665  -49.414911570
    2.552159791  -49.130601341
    2.560985916  -48.789928793
    2.569812042  -48.398859508
    2.578638168  -48.026745630
    2.587464293  -47.767195281
    2.596290419  -47.673651827
    2.605116545  -47.711441636
    2.613942670  -47.791651549
    2.622768796  -47.862130324
    2.631594921  -47.939343449
    2.640421047  -48.070702389
    2.649247173  -48.263985797
    2.658073298  -48.452821521
    2.666899424  -48.527898716
    2.675725550  -48.431660886
    2.684551675  -48.215531204
    2.693377801  -48.021950456
    2.702203927  -47.975949245
    2.711030052  -48.108707965
    2.719856178  -48.349864444
    2.728682304  -48.574278716
    2.737508429  -48.686561201
    2.746334555  -48.664408285
    2.755160681  -48.561634952
    2.763986806  -48.456584451
    2.772812932  -48.407561774
    2.781639058  -48.440291503
    2.790465183  -48.539135238
    2.799291309  -48.657573956
    2.808117435  -48.736079856
    2.816943560  -48.745122161
    2.825769686  -48.699110229
    2.834595812  -48.647622742
    2.843421937  -48.622101161
    2.852248063  -48.616899457
    2.861074188  -48.631518976
    2.869900314  -48.677642605
    2.878726440  -48.747930819
    2.887552565  -48.798452656
    2.896378691  -48.787843135
    2.905204817  -48.722275776
    2.914030942  -48.621737883
    2.922857068  -48.500114812
    2.931683194  -48.373785854
    2.940509319  -48.277833094
    2.949335445  -48.254226975
    2.958161571  -48.302586065
    2.966987696  -48.380386775
    2.975813822  -48.415012065
    2.984639948  -48.339330757
    2.993466073  -48.129358354
    3.002292199  -47.826905614
    3.011118325  -47.530970095
    3.019944450  -47.354347410
    3.028770576  -47.349401661
    3.037596702  -47.492116548
    3.046422827  -47.687653590
    3.055248953  -47.830858796
    3.064075079  -47.855758318
    3.072901204  -47.751208986
    3.081727330  -47.554373364
    3.090553455  -47.332271281
    3.099379581  -47.156734223
    3.108205707  -47.074961853
    3.117031832  -47.088998156
    3.125857958  -47.142736717
    3.134684084  -47.163912359
    3.143510209  -47.124849184
    3.152336335  -47.064790127
    3.161162461  -47.061789009
    3.169988586  -47.181499937
    3.178814712  -47.457622075
    3.187640838  -47.844684031
    3.196466963  -48.217942300
    3.205293089  -48.449075774
    3.214119215  -48.523133062
    3.222945340  -48.521045855
    3.231771466  -48.529316763
    3.240597592  -48.578517275
    3.249423717  -48.660115715
    3.258249843  -48.757455660
    3.267075969  -48.859178163
    3.275902094  -48.953176353
    3.284728220  -49.000985025
    3.293554346  -48.943233548
    3.302380471  -48.742480372
    3.311206597  -48.438039650
    3.320032723  -48.152712531
    3.328858848  -48.031909194
    3.337684974  -48.134010537
    3.346511099  -48.387132308
    3.355337225  -48.644567763
    3.364163351  -48.786293415
    3.372989476  -48.769832685
    3.381815602  -48.621719161
    3.390641728  -48.417879889
    3.399467853  -48.227664543
    3.408293979  -48.068129421
    3.417120105  -47.866057120
    3.425946230  -47.521454984
    3.434772356  -47.001608793
    3.443598482  -46.402495914
    3.452424607  -45.907113774
    3.461250733  -45.690049433
    3.470076859  -45.811956979
    3.478902984  -46.183130266
    3.487729110  -46.598296742
    3.496555236  -46.801938329
    3.505381361  -46.545205110
    3.514207487  -45.609957434
    3.523033613  -43.832279026
    3.531859738  -41.124017786
    3.540685864  -37.527936125
    3.549511990  -33.220973090
    3.558338115  -28.498808600
    3.567164241  -23.721274859
    3.575990366  -19.285800082
    3.584816492  -15.614513572
    3.593642618  -13.074450485
    3.602468743  -11.659608307
    3.611294869  -10.982024011
    3.620120995  -10.672574879
    3.628947120  -10.532810858
    3.637773246  -10.471499243
    3.646599372  -10.446172651
    3.655425497  -10.436598617
    3.664251623  -10.433372300
    3.673077749  -10.432395588
    3.681903874  -10.432240308
    3.690730000  -10.432240308
