#! FIELDS pp.proj projection
#! SET min_pp.proj 0.31915
#! SET max_pp.proj 3.69073
#! SET nbins_pp.proj  383
#! SET periodic_pp.proj false
    0.319150000  -10.432240308
    0.327976126  -10.432240308
    0.336802251  -10.432240308
    0.345628377  -10.432240308
    0.354454503  -10.432275320
    0.363280628  -10.432377300
    0.372106754  -10.432728556
    0.380932880  -10.434072105
    0.389759005  -10.438003850
    0.398585131  -10.448319609
    0.407411257  -10.473775223
    0.416237382  -10.533902249
    0.425063508  -10.673794662
    0.433889634  -11.008782291
    0.442715759  -11.849274281
    0.451541885  -13.864341185
    0.460368010  -17.612498134
    0.469194136  -22.672341661
    0.478020262  -28.151170244
    0.486846387  -33.249989271
    0.495672513  -37.431472975
    0.504498639  -40.531359882
    0.513324764  -42.717235437
    0.522150890  -44.296371081
    0.530977016  -45.530610899
    0.539803141  -46.561222076
    0.548629267  -47.460782057
    0.557455393  -48.305892658
    0.566281518  -49.195257341
    0.575107644  -50.205994654
    0.583933770  -51.339786058
    0.592759895  -52.511842473
    0.601586021  -53.598011749
    0.610412147  -54.504989892
    0.619238272  -55.243547809
    0.628064398  -55.935763572
    0.636890524  -56.743040088
    0.645716649  -57.733487611
    0.654542775  -58.795275817
    0.663368901  -59.730154465
    0.672195026  -60.427711248
    0.681021152  -60.939183594
    0.689847277  -61.383875062
    0.698673403  -61.795461109
    0.707499529  -62.075802810
    0.716325654  -62.098991463
    0.725151780  -61.853485270
    0.733977906  -61.483175277
    0.742804031  -61.201838527
    0.751630157  -61.173812253
    0.760456283  -61.475088735
    0.769282408  -62.102190357
    0.778108534  -62.972474307
    0.786934660  -63.980437296
    0.795760785  -65.078379384
    0.804586911  -66.276832629
    0.813413037  -67.591300710
    0.822239162  -68.987701111
    0.831065288  -70.391113155
    0.839891414  -71.729765950
    0.848717539  -72.952906673
    0.857543665  -74.025953030
    0.866369791  -74.901587512
    0.875195916  -75.546258058
    0.884022042  -75.959850231
    0.892848168  -76.151949162
    0.901674293  -76.114444446
    0.910500419  -75.822725281
    0.919326545  -75.277274944
    0.928152670  -74.529880512
    0.936978796  -73.685616910
    0.945804921  -72.868292246
    0.954631047  -72.160149008
    0.963457173  -71.577377985
    0.972283298  -71.083674302
    0.981109424  -70.642866031
    0.989935550  -70.246554320
    0.998761675  -69.908688761
    1.007587801  -69.652097362
    1.016413927  -69.483529380
    1.025240052  -69.391190465
    1.034066178  -69.349116211
    1.042892304  -69.308131619
    1.051718429  -69.198081292
    1.060544555  -68.953075540
    1.069370681  -68.537178526
    1.078196806  -67.928935134
    1.087022932  -67.125193329
    1.095849058  -66.192337796
    1.104675183  -65.264640575
    1.113501309  -64.484099055
    1.122327435  -63.893668604
    1.131153560  -63.423072370
    1.139979686  -62.992992177
    1.148805812  -62.628055633
    1.157631937  -62.450187844
    1.166458063  -62.571693859
    1.175284188  -62.957590962
    1.184110314  -63.430851934
    1.192936440  -63.775107206
    1.201762565  -63.838807217
    1.210588691  -63.604822488
    1.219414817  -63.189247733
    1.228240942  -62.753633082
    1.237067068  -62.404416380
    1.245893194  -62.125984781
    1.254719319  -61.787851280
    1.263545445  -61.238575518
    1.272371571  -60.418350236
    1.281197696  -59.410289283
    1.290023822  -58.384294538
    1.298849948  -57.470483021
    1.307676073  -56.683570599
    1.316502199  -55.936635986
    1.325328325  -55.164324356
    1.334154450  -54.377418452
    1.342980576  -53.637496628
    1.351806702  -52.983478153
    1.360632827  -52.393722715
    1.369458953  -51.791388541
    1.378285079  -51.087011636
    1.387111204  -50.239261705
    1.395937330  -49.318593956
    1.404763455  -48.501567959
    1.413589581  -47.970534602
    1.422415707  -47.802014980
    1.431241832  -47.935335196
    1.440067958  -48.240639449
    1.448894084  -48.592850737
    1.457720209  -48.931731306
    1.466546335  -49.312598684
    1.475372461  -49.839664856
    1.484198586  -50.514590022
    1.493024712  -51.200506104
    1.501850838  -51.729850728
    1.510676963  -52.014608130
    1.519503089  -52.097938459
    1.528329215  -52.111695750
    1.537155340  -52.158111482
    1.545981466  -52.234311401
    1.554807592  -52.306321746
    1.563633717  -52.395676576
    1.572459843  -52.587504171
    1.581285969  -52.917020478
    1.590112094  -53.315385121
    1.598938220  -53.692788198
    1.607764346  -54.025931806
    1.616590471  -54.341430534
    1.625416597  -54.657472995
    1.634242723  -54.939600947
    1.643068848  -55.145645686
    1.651894974  -55.309419054
    1.660721099  -55.505409565
    1.669547225  -55.731589725
    1.678373351  -55.897332386
    1.687199476  -55.923712906
    1.696025602  -55.822747939
    1.704851728  -55.663528187
    1.713677853  -55.492319916
    1.722503979  -55.303493333
    1.731330105  -55.069562773
    1.740156230  -54.783309660
    1.748982356  -54.463475712
    1.757808482  -54.134675473
    1.766634607  -53.805074908
    1.775460733  -53.467569367
    1.784286859  -53.113876162
    1.793112984  -52.754965415
    1.801939110  -52.424493649
    1.810765236  -52.161204999
    1.819591361  -52.000259694
    1.828417487  -51.987661172
    1.837243613  -52.177635161
    1.846069738  -52.582887582
    1.854895864  -53.132543107
    1.863721990  -53.733146137
    1.872548115  -54.321146284
    1.881374241  -54.858669168
    1.890200366  -55.304940697
    1.899026492  -55.630639384
    1.907852618  -55.862016224
    1.916678743  -56.086401385
    1.925504869  -56.410094255
    1.934330995  -56.886710177
    1.943157120  -57.470907971
    1.951983246  -58.031735789
    1.960809372  -58.437929066
    1.969635497  -58.644235749
    1.978461623  -58.710504849
    1.987287749  -58.771849921
    1.996113874  -58.951021751
    2.004940000  -59.281712161
    2.013766126  -59.680887012
    2.022592251  -60.015266797
    2.031418377  -60.200334628
    2.040244503  -60.247948113
    2.049070628  -60.224648655
    2.057896754  -60.180203830
    2.066722880  -60.105038466
    2.075549005  -59.934299528
    2.084375131  -59.614557055
    2.093201257  -59.172650724
    2.102027382  -58.726160005
    2.110853508  -58.416019548
    2.119679634  -58.298844813
    2.128505759  -58.306022387
    2.137331885  -58.309425042
    2.146158010  -58.241159381
    2.154984136  -58.142840344
    2.163810262  -58.101047738
    2.172636387  -58.132231369
    2.181462513  -58.148632059
    2.190288639  -58.026090650
    2.199114764  -57.721195060
    2.207940890  -57.301730416
    2.216767016  -56.884259731
    2.225593141  -56.551114183
    2.234419267  -56.321251643
    2.243245393  -56.173931697
    2.252071518  -56.069672507
    2.260897644  -55.953324687
    2.269723770  -55.778730082
    2.278549895  -55.555510572
    2.287376021  -55.332992309
    2.296202147  -55.147366485
    2.305028272  -54.987150411
    2.313854398  -54.797772839
    2.322680524  -54.556141803
    2.331506649  -54.318453880
    2.340332775  -54.174709272
    2.349158901  -54.168493024
    2.357985026  -54.250726737
    2.366811152  -54.324106837
    2.375637277  -54.309169037
    2.384463403  -54.178107369
    2.393289529  -53.937803294
    2.402115654  -53.603233582
    2.410941780  -53.191930565
    2.419767906  -52.732002075
    2.428594031  -52.269395099
    2.437420157  -51.856907395
    2.446246283  -51.539811207
    2.455072408  -51.331261132
    2.463898534  -51.223355905
    2.472724660  -51.206826433
    2.481550785  -51.275383142
    2.490376911  -51.409191295
    2.499203037  -51.563735822
    2.508029162  -51.673761706
    2.516855288  -51.685160589
    2.525681414  -51.586154321
    2.534507539  -51.384971459
    2.543333665  -51.095971179
    2.552159791  -50.727914554
    2.560985916  -50.295873542
    2.569812042  -49.841271491
    2.578638168  -49.448074880
    2.587464293  -49.199985276
    2.596290419  -49.126600452
    2.605116545  -49.168778801
    2.613942670  -49.220108352
    2.622768796  -49.222115925
    2.631594921  -49.196823253
    2.640421047  -49.207428391
    2.649247173  -49.283002255
    2.658073298  -49.375728512
    2.666899424  -49.386694012
    2.675725550  -49.257830362
    2.684551675  -49.028838678
    2.693377801  -48.822127545
    2.702203927  -48.743541652
    2.711030052  -48.817143512
    2.719856178  -48.981549954
    2.728682304  -49.128765355
    2.737508429  -49.178420224
    2.746334555  -49.114407347
    2.755160681  -48.989594487
    2.763986806  -48.878179870
    2.772812932  -48.834378697
    2.781639058  -48.882332769
    2.790465183  -49.006307641
    2.799291309  -49.158766381
    2.808117435  -49.277730275
    2.816943560  -49.332723241
    2.825769686  -49.339636857
    2.834595812  -49.348102713
    2.843421937  -49.384916737
    2.852248063  -49.437424470
    2.861074188  -49.504655468
    2.869900314  -49.612684284
    2.878726440  -49.776629263
    2.887552565  -49.965616941
    2.896378691  -50.118731722
    2.905204817  -50.192686953
    2.914030942  -50.164153006
    2.922857068  -50.042254324
    2.931683194  -49.869827611
    2.940509319  -49.712787241
    2.949335445  -49.638887980
    2.958161571  -49.672817729
    2.966987696  -49.789550364
    2.975813822  -49.914081132
    2.984639948  -49.955162603
    2.993466073  -49.853506215
    3.002292199  -49.621006409
    3.011118325  -49.345841712
    3.019944450  -49.151243425
    3.028770576  -49.113801689
    3.037596702  -49.236845551
    3.046422827  -49.444616583
    3.055248953  -49.634113368
    3.064075079  -49.727405745
    3.072901204  -49.694561997
    3.081727330  -49.553301638
    3.090553455  -49.358209119
    3.099379581  -49.187398658
    3.108205707  -49.118753240
    3.117031832  -49.192701204
    3.125857958  -49.364063443
    3.134684084  -49.527578171
    3.143510209  -49.607936076
    3.152336335  -49.619506015
    3.161162461  -49.641331334
    3.169988586  -49.742446953
    3.178814712  -49.963292428
    3.187640838  -50.274354792
    3.196466963  -50.569170486
    3.205293089  -50.731822951
    3.214119215  -50.758700369
    3.222945340  -50.739535295
    3.231771466  -50.755766251
    3.240597592  -50.817404369
    3.249423717  -50.891599319
    3.258249843  -50.942051930
    3.267075969  -50.948151455
    3.275902094  -50.906266114
    3.284728220  -50.807375170
    3.293554346  -50.635098428
    3.302380471  -50.387543174
    3.311206597  -50.115398474
    3.320032723  -49.920336976
    3.328858848  -49.908804948
    3.337684974  -50.103848840
    3.346511099  -50.413405606
    3.355337225  -50.675646810
    3.364163351  -50.762693595
    3.372989476  -50.649593480
    3.381815602  -50.412055285
    3.390641728  -50.180837715
    3.399467853  -50.057691549
    3.408293979  -50.060053355
    3.417120105  -50.095131043
    3.425946230  -50.034293018
    3.434772356  -49.809165594
    3.443598482  -49.471038026
    3.452424607  -49.158875150
    3.461250733  -49.016153385
    3.470076859  -49.101631976
    3.478902984  -49.354532094
    3.487729110  -49.609252259
    3.496555236  -49.632595924
    3.505381361  -49.169518304
    3.514207487  -47.985697223
    3.523033613  -45.919083443
    3.531859738  -42.906471044
    3.540685864  -39.021996814
    3.549511990  -34.472255021
    3.558338115  -29.571649779
    3.567164241  -24.680251336
    3.575990366  -20.165493116
    3.584816492  -16.382436077
    3.593642618  -13.645198484
    3.602468743  -12.008099461
    3.611294869  -11.171318281
    3.620120995  -10.770938493
    3.628947120  -10.582318610
    3.637773246  -10.495060537
    3.646599372  -10.456647051
    3.655425497  -10.440826490
    3.664251623  -10.434854515
    3.673077749  -10.432877835
    3.681903874  -10.432379032
    3.690730000  -10.432240308
