#! FIELDS pp.proj projection
#! SET min_pp.proj 0.31915
#! SET max_pp.proj 3.69073
#! SET nbins_pp.proj  383
#! SET periodic_pp.proj false
    0.319150000  -10.432240308
    0.327976126  -10.432240308
    0.336802251  -10.432240308
    0.345628377  -10.432240308
    0.354454503  -10.432275320
    0.363280628  -10.432377300
    0.372106754  -10.432728556
    0.380932880  -10.434072105
    0.389759005  -10.438003850
    0.398585131  -10.448319609
    0.407411257  -10.473775223
    0.416237382  -10.533902249
    0.425063508  -10.673794662
    0.433889634  -11.008782291
    0.442715759  -11.849274281
    0.451541885  -13.864341185
    0.460368010  -17.612498134
    0.469194136  -22.672341661
    0.478020262  -28.151170244
    0.486846387  -33.249989271
    0.495672513  -37.431472975
    0.504498639  -40.531359882
    0.513324764  -42.717235437
    0.522150890  -44.296371081
    0.530977016  -45.530610899
    0.539803141  -46.561222076
    0.548629267  -47.460782057
    0.557455393  -48.305892658
    0.566281518  -49.195257341
    0.575107644  -50.205994654
    0.583933770  -51.339786058
    0.592759895  -52.511842473
    0.601586021  -53.598011749
    0.610412147  -54.504989892
    0.619238272  -55.243547809
    0.628064398  -55.935763572
    0.636890524  -56.743040088
    0.645716649  -57.733487611
    0.654542775  -58.795275817
    0.663368901  -59.730154465
    0.672195026  -60.427711248
    0.681021152  -60.939183594
    0.689847277  -61.383875062
    0.698673403  -61.795461109
    0.707499529  -62.075802810
    0.716325654  -62.098991463
    0.725151780  -61.853485270
    0.733977906  -61.483175277
    0.742804031  -61.201838527
    0.751630157  -61.173812253
    0.760456283  -61.475088735
    0.769282408  -62.102190357
    0.778108534  -62.972474307
    0.786934660  -63.980437296
    0.795760785  -65.078379384
    0.804586911  -66.276832629
    0.813413037  -67.591300710
    0.822239162  -68.987701111
    0.831065288  -70.391113155
    0.839891414  -71.729765950
    0.848717539  -72.952906673
    0.857543665  -74.025953030
    0.866369791  -74.901587512
    0.875195916  -75.546258058
    0.884022042  -75.959850231
    0.892848168  -76.151949162
    0.901674293  -76.114444446
    0.910500419  -75.822725281
    0.919326545  -75.277274944
    0.928152670  -74.529880512
    0.936978796  -73.685616910
    0.945804921  -72.868292246
    0.954631047  -72.160149008
    0.963457173  -71.577377985
    0.972283298  -71.083674302
    0.981109424  -70.642866031
    0.989935550  -70.246554320
    0.998761675  -69.908688761
    1.007587801  -69.652097362
    1.016413927  -69.483529380
    1.025240052  -69.391190465
    1.034066178  -69.349116211
    1.042892304  -69.308131619
    1.051718429  -69.198081292
    1.060544555  -68.953075540
    1.069370681  -68.537299374
    1.078196806  -67.929468650
    1.087022932  -67.127086144
    1.095849058  -66.198262926
    1.104675183  -65.280751051
    1.113501309  -64.522272599
    1.122327435  -63.973530549
    1.131153560  -63.571993219
    1.139979686  -63.239764278
    1.148805812  -62.986702815
    1.157631937  -62.905912853
    1.166458063  -63.095783755
    1.175284188  -63.543802938
    1.184110314  -64.108710030
    1.192936440  -64.590334502
    1.201762565  -64.828544638
    1.210588691  -64.792340896
    1.219414817  -64.604072028
    1.228240942  -64.461796762
    1.237067068  -64.524935966
    1.245893194  -64.816364026
    1.254719319  -65.210608942
    1.263545445  -65.530408350
    1.272371571  -65.690110604
    1.281197696  -65.755313378
    1.290023822  -65.859412112
    1.298849948  -66.063820092
    1.307676073  -66.306005685
    1.316502199  -66.451798737
    1.325328325  -66.415185966
    1.334154450  -66.211746627
    1.342980576  -65.917940693
    1.351806702  -65.590381975
    1.360632827  -65.223756115
    1.369458953  -64.781764789
    1.378285079  -64.272416968
    1.387111204  -63.749353838
    1.395937330  -63.265907514
    1.404763455  -62.804613355
    1.413589581  -62.311674155
    1.422415707  -61.756863803
    1.431241832  -61.177839886
    1.440067958  -60.666144875
    1.448894084  -60.302205086
    1.457720209  -60.084699023
    1.466546335  -59.936273751
    1.475372461  -59.769070736
    1.484198586  -59.569755183
    1.493024712  -59.399849471
    1.501850838  -59.328311471
    1.510676963  -59.361933621
    1.519503089  -59.416965787
    1.528329215  -59.353683966
    1.537155340  -59.055528027
    1.545981466  -58.511094871
    1.554807592  -57.829958374
    1.563633717  -57.172269089
    1.572459843  -56.671609764
    1.581285969  -56.363369245
    1.590112094  -56.199333277
    1.598938220  -56.104190669
    1.607764346  -56.052455469
    1.616590471  -56.057921420
    1.625416597  -56.125633810
    1.634242723  -56.226663578
    1.643068848  -56.340450059
    1.651894974  -56.506854953
    1.660721099  -56.786175895
    1.669547225  -57.175958047
    1.678373351  -57.615436022
    1.687199476  -58.059395859
    1.696025602  -58.524435912
    1.704851728  -59.060569729
    1.713677853  -59.692585969
    1.722503979  -60.392820212
    1.731330105  -61.073999419
    1.740156230  -61.616059901
    1.748982356  -61.925821403
    1.757808482  -62.016088177
    1.766634607  -62.013726574
    1.775460733  -62.064784114
    1.784286859  -62.235760574
    1.793112984  -62.522701556
    1.801939110  -62.909427290
    1.810765236  -63.390627622
    1.819591361  -63.963047722
    1.828417487  -64.607106985
    1.837243613  -65.271965196
    1.846069738  -65.881793363
    1.854895864  -66.363891769
    1.863721990  -66.693190916
    1.872548115  -66.886578455
    1.881374241  -66.986484834
    1.890200366  -67.038622819
    1.899026492  -67.086628876
    1.907852618  -67.171265255
    1.916678743  -67.320592831
    1.925504869  -67.546603643
    1.934330995  -67.819535009
    1.943157120  -68.064642812
    1.951983246  -68.192721273
    1.960809372  -68.142857061
    1.969635497  -67.916559929
    1.978461623  -67.585359228
    1.987287749  -67.273934630
    1.996113874  -67.088452264
    2.004940000  -67.047210135
    2.013766126  -67.064013368
    2.022592251  -67.023801949
    2.031418377  -66.860558589
    2.040244503  -66.571854586
    2.049070628  -66.188577671
    2.057896754  -65.756413327
    2.066722880  -65.332642804
    2.075549005  -64.943535486
    2.084375131  -64.579901548
    2.093201257  -64.238466632
    2.102027382  -63.958544081
    2.110853508  -63.805208103
    2.119679634  -63.796723333
    2.128505759  -63.867203097
    2.137331885  -63.913508998
    2.146158010  -63.884465374
    2.154984136  -63.815565251
    2.163810262  -63.772221814
    2.172636387  -63.755121813
    2.181462513  -63.679969295
    2.190288639  -63.447545024
    2.199114764  -63.054463043
    2.207940890  -62.594513245
    2.216767016  -62.180667148
    2.225593141  -61.882692292
    2.234419267  -61.729551696
    2.243245393  -61.718028584
    2.252071518  -61.798032872
    2.260897644  -61.878845944
    2.269723770  -61.879340619
    2.278549895  -61.787709969
    2.287376021  -61.654612870
    2.296202147  -61.534993232
    2.305028272  -61.443431419
    2.313854398  -61.358516303
    2.322680524  -61.280514974
    2.331506649  -61.258933102
    2.340332775  -61.349785892
    2.349158901  -61.557991525
    2.357985026  -61.820358674
    2.366811152  -62.057829302
    2.375637277  -62.232285784
    2.384463403  -62.355823416
    2.393289529  -62.453372513
    2.402115654  -62.535184485
    2.410941780  -62.588999408
    2.419767906  -62.597771714
    2.428594031  -62.564833658
    2.437420157  -62.518123742
    2.446246283  -62.498681462
    2.455072408  -62.533441965
    2.463898534  -62.638346995
    2.472724660  -62.810067813
    2.481550785  -63.017067591
    2.490376911  -63.220739435
    2.499203037  -63.402510845
    2.508029162  -63.560070823
    2.516855288  -63.686950384
    2.525681414  -63.776320913
    2.534507539  -63.821407380
    2.543333665  -63.836380897
    2.552159791  -63.849305486
    2.560985916  -63.888585018
    2.569812042  -63.972339072
    2.578638168  -64.116609029
    2.587464293  -64.313832692
    2.596290419  -64.519961403
    2.605116545  -64.652873980
    2.613942670  -64.636372328
    2.622768796  -64.472657805
    2.631594921  -64.241418859
    2.640421047  -64.047031467
    2.649247173  -63.941902730
    2.658073298  -63.883831922
    2.666899424  -63.772282581
    2.675725550  -63.535280402
    2.684551675  -63.185953949
    2.693377801  -62.822536927
    2.702203927  -62.551891869
    2.711030052  -62.425573267
    2.719856178  -62.423992904
    2.728682304  -62.478388610
    2.737508429  -62.519574070
    2.746334555  -62.488842501
    2.755160681  -62.364088630
    2.763986806  -62.167478041
    2.772812932  -61.949332855
    2.781639058  -61.764097902
    2.790465183  -61.646957166
    2.799291309  -61.605508379
    2.808117435  -61.618864406
    2.816943560  -61.661932334
    2.825769686  -61.718860024
    2.834595812  -61.787156018
    2.843421937  -61.851847767
    2.852248063  -61.879026819
    2.861074188  -61.846455571
    2.869900314  -61.756232226
    2.878726440  -61.636675830
    2.887552565  -61.540205102
    2.896378691  -61.514877327
    2.905204817  -61.559298542
    2.914030942  -61.595947004
    2.922857068  -61.539784485
    2.931683194  -61.359115406
    2.940509319  -61.100967507
    2.949335445  -60.873080608
    2.958161571  -60.760588502
    2.966987696  -60.780061879
    2.975813822  -60.874461954
    2.984639948  -60.955809472
    2.993466073  -60.959153866
    3.002292199  -60.872304571
    3.011118325  -60.743217696
    3.019944450  -60.653044711
    3.028770576  -60.651812744
    3.037596702  -60.740024962
    3.046422827  -60.877201390
    3.055248953  -61.020183109
    3.064075079  -61.132104754
    3.072901204  -61.166689584
    3.081727330  -61.074639757
    3.090553455  -60.846968386
    3.099379581  -60.552779743
    3.108205707  -60.324906316
    3.117031832  -60.287693063
    3.125857958  -60.472740806
    3.134684084  -60.801759811
    3.143510209  -61.137192191
    3.152336335  -61.367399701
    3.161162461  -61.452162409
    3.169988586  -61.408107717
    3.178814712  -61.295864223
    3.187640838  -61.174575739
    3.196466963  -61.071266596
    3.205293089  -60.982610269
    3.214119215  -60.924736143
    3.222945340  -60.911455144
    3.231771466  -60.920045161
    3.240597592  -60.908629136
    3.249423717  -60.864216355
    3.258249843  -60.817540198
    3.267075969  -60.818372001
    3.275902094  -60.896060590
    3.284728220  -61.021316318
    3.293554346  -61.108891859
    3.302380471  -61.077784713
    3.311206597  -60.927821449
    3.320032723  -60.759012419
    3.328858848  -60.715949571
    3.337684974  -60.865675347
    3.346511099  -61.134527128
    3.355337225  -61.342284425
    3.364163351  -61.311642159
    3.372989476  -60.972986133
    3.381815602  -60.414101230
    3.390641728  -59.835587703
    3.399467853  -59.420976079
    3.408293979  -59.247125590
    3.417120105  -59.262103766
    3.425946230  -59.357530246
    3.434772356  -59.432693449
    3.443598482  -59.442936709
    3.452424607  -59.403605017
    3.461250733  -59.361285396
    3.470076859  -59.336371604
    3.478902984  -59.306226110
    3.487729110  -59.211449781
    3.496555236  -58.960495257
    3.505381361  -58.419225792
    3.514207487  -57.402112680
    3.523033613  -55.714174742
    3.531859738  -53.193182766
    3.540685864  -49.764203790
    3.549511990  -45.451630571
    3.558338115  -40.387059188
    3.567164241  -34.799745858
    3.575990366  -29.011799952
    3.584816492  -23.419768708
    3.593642618  -18.486919482
    3.602468743  -14.713910199
    3.611294869  -12.410200614
    3.620120995  -11.288675662
    3.628947120  -10.796707615
    3.637773246  -10.583227234
    3.646599372  -10.491391798
    3.655425497  -10.453586154
    3.664251623  -10.438982806
    3.673077749  -10.434031127
    3.681903874  -10.432655714
    3.690730000  -10.432240308
