#! FIELDS pp.proj projection
#! SET min_pp.proj 0.31915
#! SET max_pp.proj 3.69073
#! SET nbins_pp.proj  383
#! SET periodic_pp.proj false
    0.319150000  -10.432240308
    0.327976126  -10.432240308
    0.336802251  -10.432240308
    0.345628377  -10.432240308
    0.354454503  -10.432275320
    0.363280628  -10.432377300
    0.372106754  -10.432728556
    0.380932880  -10.434072105
    0.389759005  -10.438003850
    0.398585131  -10.448319609
    0.407411257  -10.473775223
    0.416237382  -10.533902249
    0.425063508  -10.673794662
    0.433889634  -11.008782291
    0.442715759  -11.849274281
    0.451541885  -13.864341185
    0.460368010  -17.612498134
    0.469194136  -22.672341661
    0.478020262  -28.151170244
    0.486846387  -33.249989271
    0.495672513  -37.431472975
    0.504498639  -40.531359882
    0.513324764  -42.717235437
    0.522150890  -44.296371081
    0.530977016  -45.530610899
    0.539803141  -46.561222076
    0.548629267  -47.460782057
    0.557455393  -48.305892658
    0.566281518  -49.195257341
    0.575107644  -50.205994654
    0.583933770  -51.339786058
    0.592759895  -52.511842473
    0.601586021  -53.598011749
    0.610412147  -54.504989892
    0.619238272  -55.243547809
    0.628064398  -55.935763572
    0.636890524  -56.743040088
    0.645716649  -57.733487611
    0.654542775  -58.795275817
    0.663368901  -59.730154465
    0.672195026  -60.427711248
    0.681021152  -60.939183594
    0.689847277  -61.383875062
    0.698673403  -61.795461109
    0.707499529  -62.075802810
    0.716325654  -62.098991463
    0.725151780  -61.853485270
    0.733977906  -61.483175277
    0.742804031  -61.201838527
    0.751630157  -61.173812253
    0.760456283  -61.475088735
    0.769282408  -62.102190357
    0.778108534  -62.972474307
    0.786934660  -63.980437296
    0.795760785  -65.078379384
    0.804586911  -66.276832629
    0.813413037  -67.591300710
    0.822239162  -68.987701111
    0.831065288  -70.391113155
    0.839891414  -71.729765950
    0.848717539  -72.952906673
    0.857543665  -74.025953030
    0.866369791  -74.901587512
    0.875195916  -75.546258058
    0.884022042  -75.959850231
    0.892848168  -76.151949162
    0.901674293  -76.114444446
    0.910500419  -75.822725281
    0.919326545  -75.277274944
    0.928152670  -74.529880512
    0.936978796  -73.685616910
    0.945804921  -72.868292246
    0.954631047  -72.160149008
    0.963457173  -71.577377985
    0.972283298  -71.083674302
    0.981109424  -70.642866031
    0.989935550  -70.246554320
    0.998761675  -69.908688761
    1.007587801  -69.652097362
    1.016413927  -69.483529380
    1.025240052  -69.391190465
    1.034066178  -69.349116211
    1.042892304  -69.308131619
    1.051718429  -69.198081292
    1.060544555  -68.953075540
    1.069370681  -68.537178526
    1.078196806  -67.928935134
    1.087022932  -67.125193329
    1.095849058  -66.192337796
    1.104675183  -65.264640575
    1.113501309  -64.484099055
    1.122327435  -63.893668604
    1.131153560  -63.423068303
    1.139979686  -62.992971325
    1.148805812  -62.627963807
    1.157631937  -62.449832883
    1.166458063  -62.570639870
    1.175284188  -62.955035448
    1.184110314  -63.425621974
    1.192936440  -63.765404721
    1.201762565  -63.821699905
    1.210588691  -63.575623528
    1.219414817  -63.141257687
    1.228240942  -62.678648711
    1.237067068  -62.293773990
    1.245893194  -61.971058425
    1.254719319  -61.579076626
    1.263545445  -60.963643246
    1.272371571  -60.060622143
    1.281197696  -58.948548149
    1.290023822  -57.795617040
    1.298849948  -56.738972209
    1.307676073  -55.809804294
    1.316502199  -54.937436887
    1.325328325  -54.059747839
    1.334154450  -53.177071511
    1.342980576  -52.325713941
    1.351806702  -51.509479297
    1.360632827  -50.676694689
    1.369458953  -49.743447478
    1.378285079  -48.638896967
    1.387111204  -47.349472290
    1.395937330  -45.953313412
    1.404763455  -44.607494170
    1.413589581  -43.481993944
    1.422415707  -42.676767689
    1.431241832  -42.149117274
    1.440067958  -41.718991930
    1.448894084  -41.173551321
    1.457720209  -40.415200863
    1.466546335  -39.545971929
    1.475372461  -38.803287137
    1.484198586  -38.392490953
    1.493024712  -38.379744891
    1.501850838  -38.687426891
    1.510676963  -39.123048882
    1.519503089  -39.440383452
    1.528329215  -39.450833767
    1.537155340  -39.124532166
    1.545981466  -38.609735491
    1.554807592  -38.142808712
    1.563633717  -37.909976016
    1.572459843  -37.952669087
    1.581285969  -38.154158589
    1.590112094  -38.341985105
    1.598938220  -38.390920221
    1.607764346  -38.274743038
    1.616590471  -38.023308814
    1.625416597  -37.673018203
    1.634242723  -37.262243841
    1.643068848  -36.875928517
    1.651894974  -36.645150556
    1.660721099  -36.661939806
    1.669547225  -36.896982256
    1.678373351  -37.241771195
    1.687199476  -37.615156392
    1.696025602  -37.974564314
    1.704851728  -38.261173759
    1.713677853  -38.461174339
    1.722503979  -38.647660158
    1.731330105  -38.885685669
    1.740156230  -39.158786460
    1.748982356  -39.387819496
    1.757808482  -39.522788448
    1.766634607  -39.590981314
    1.775460733  -39.655449301
    1.784286859  -39.727583159
    1.793112984  -39.734647395
    1.801939110  -39.599026656
    1.810765236  -39.350733323
    1.819591361  -39.150014838
    1.828417487  -39.148802927
    1.837243613  -39.379252653
    1.846069738  -39.802940672
    1.854895864  -40.374898824
    1.863721990  -41.043700634
    1.872548115  -41.736431802
    1.881374241  -42.381731199
    1.890200366  -42.919455315
    1.899026492  -43.316051288
    1.907852618  -43.594673831
    1.916678743  -43.830071177
    1.925504869  -44.111697539
    1.934330995  -44.473876430
    1.943157120  -44.860901270
    1.951983246  -45.155236373
    1.960809372  -45.251399870
    1.969635497  -45.131170669
    1.978461623  -44.873980790
    1.987287749  -44.615082088
    1.996113874  -44.453262041
    2.004940000  -44.400182542
    2.013766126  -44.391062319
    2.022592251  -44.353269987
    2.031418377  -44.257704321
    2.040244503  -44.114787539
    2.049070628  -43.927885960
    2.057896754  -43.673871458
    2.066722880  -43.327844037
    2.075549005  -42.886372130
    2.084375131  -42.382267879
    2.093201257  -41.877005995
    2.102027382  -41.452686136
    2.110853508  -41.199393367
    2.119679634  -41.146124185
    2.128505759  -41.204350754
    2.137331885  -41.222623881
    2.146158010  -41.108682868
    2.154984136  -40.897815343
    2.163810262  -40.709828685
    2.172636387  -40.624296755
    2.181462513  -40.599636875
    2.190288639  -40.508218116
    2.199114764  -40.286012771
    2.207940890  -39.997086279
    2.216767016  -39.780204994
    2.225593141  -39.727802105
    2.234419267  -39.818722111
    2.243245393  -39.939224791
    2.252071518  -39.947343753
    2.260897644  -39.762756423
    2.269723770  -39.428213487
    2.278549895  -39.094559902
    2.287376021  -38.910029812
    2.296202147  -38.923436613
    2.305028272  -39.062794151
    2.313854398  -39.188062250
    2.322680524  -39.207591310
    2.331506649  -39.150986171
    2.340332775  -39.116026986
    2.349158901  -39.165540518
    2.357985026  -39.296582353
    2.366811152  -39.494252071
    2.375637277  -39.751156444
    2.384463403  -40.034974871
    2.393289529  -40.292217763
    2.402115654  -40.477611119
    2.410941780  -40.557644910
    2.419767906  -40.511934981
    2.428594031  -40.346735242
    2.437420157  -40.104526341
    2.446246283  -39.853396421
    2.455072408  -39.654950227
    2.463898534  -39.540250370
    2.472724660  -39.508220615
    2.481550785  -39.538497589
    2.490376911  -39.601920619
    2.499203037  -39.658828689
    2.508029162  -39.663771441
    2.516855288  -39.587478967
    2.525681414  -39.445831943
    2.534507539  -39.280523886
    2.543333665  -39.129629913
    2.552159791  -38.995503432
    2.560985916  -38.873084393
    2.569812042  -38.797012859
    2.578638168  -38.847509772
    2.587464293  -39.074669313
    2.596290419  -39.440224708
    2.605116545  -39.821992793
    2.613942670  -40.082856778
    2.622768796  -40.165709933
    2.631594921  -40.120226023
    2.640421047  -40.047452443
    2.649247173  -40.013590448
    2.658073298  -40.017876149
    2.666899424  -40.023563735
    2.675725550  -40.029248948
    2.684551675  -40.087477935
    2.693377801  -40.274165588
    2.702203927  -40.620181887
    2.711030052  -41.071101165
    2.719856178  -41.490344523
    2.728682304  -41.712364083
    2.737508429  -41.636929587
    2.746334555  -41.275936828
    2.755160681  -40.754271096
    2.763986806  -40.250819550
    2.772812932  -39.921795194
    2.781639058  -39.836064247
    2.790465183  -39.939522656
    2.799291309  -40.092668197
    2.808117435  -40.155574882
    2.816943560  -40.081084401
    2.825769686  -39.924631881
    2.834595812  -39.780866421
    2.843421937  -39.690509813
    2.852248063  -39.641211551
    2.861074188  -39.640468908
    2.869900314  -39.733984168
    2.878726440  -39.937471929
    2.887552565  -40.199457791
    2.896378691  -40.448002884
    2.905204817  -40.639922654
    2.914030942  -40.729980208
    2.922857068  -40.667508201
    2.931683194  -40.449331881
    2.940509319  -40.160718550
    2.949335445  -39.948428287
    2.958161571  -39.916887160
    2.966987696  -40.075342795
    2.975813822  -40.348815404
    2.984639948  -40.628392030
    2.993466073  -40.817582471
    3.002292199  -40.875306505
    3.011118325  -40.852970438
    3.019944450  -40.880158487
    3.028770576  -41.071254821
    3.037596702  -41.453971539
    3.046422827  -41.937081934
    3.055248953  -42.382573246
    3.064075079  -42.681368538
    3.072901204  -42.779704001
    3.081727330  -42.674106134
    3.090553455  -42.410142695
    3.099379581  -42.078632165
    3.108205707  -41.796157916
    3.117031832  -41.642562982
    3.125857958  -41.591835034
    3.134684084  -41.532167273
    3.143510209  -41.371371551
    3.152336335  -41.121108366
    3.161162461  -40.881302945
    3.169988586  -40.752837183
    3.178814712  -40.803261535
    3.187640838  -41.036915500
    3.196466963  -41.381711028
    3.205293089  -41.708356831
    3.214119215  -41.927894895
    3.222945340  -42.027921084
    3.231771466  -42.038842279
    3.240597592  -41.989907104
    3.249423717  -41.917174458
    3.258249843  -41.881752642
    3.267075969  -41.953086198
    3.275902094  -42.163582046
    3.284728220  -42.464446165
    3.293554346  -42.741343396
    3.302380471  -42.885420626
    3.311206597  -42.873202864
    3.320032723  -42.790922990
    3.328858848  -42.776894409
    3.337684974  -42.904108751
    3.346511099  -43.115684452
    3.355337225  -43.272996252
    3.364163351  -43.279719981
    3.372989476  -43.150037319
    3.381815602  -42.982597858
    3.390641728  -42.906530415
    3.399467853  -43.008282940
    3.408293979  -43.273030942
    3.417120105  -43.552642943
    3.425946230  -43.656472741
    3.434772356  -43.473355427
    3.443598482  -43.052612689
    3.452424607  -42.573517368
    3.461250733  -42.248191238
    3.470076859  -42.210933769
    3.478902984  -42.454047144
    3.487729110  -42.818215347
    3.496555236  -43.037256477
    3.505381361  -42.817094521
    3.514207487  -41.881296055
    3.523033613  -39.997379861
    3.531859738  -37.024101383
    3.540685864  -33.018913554
    3.549511990  -28.279253081
    3.558338115  -23.310142394
    3.567164241  -18.705955308
    3.575990366  -15.046619543
    3.584816492  -12.686489829
    3.593642618  -11.458910661
    3.602468743  -10.889237763
    3.611294869  -10.631286107
    3.620120995  -10.515110794
    3.628947120  -10.464406786
    3.637773246  -10.443613345
    3.646599372  -10.435788389
    3.655425497  -10.433156566
    3.664251623  -10.432446331
    3.673077749  -10.432240308
    3.681903874  -10.432240308
    3.690730000  -10.432240308
