#! FIELDS pp.proj projection
#! SET min_pp.proj 0.31915
#! SET max_pp.proj 3.69073
#! SET nbins_pp.proj  383
#! SET periodic_pp.proj false
    0.319150000  -10.432240308
    0.327976126  -10.432240308
    0.336802251  -10.432240308
    0.345628377  -10.432240308
    0.354454503  -10.432275320
    0.363280628  -10.432377300
    0.372106754  -10.432728556
    0.380932880  -10.434072105
    0.389759005  -10.438003850
    0.398585131  -10.448319609
    0.407411257  -10.473775223
    0.416237382  -10.533902249
    0.425063508  -10.673794662
    0.433889634  -11.008782291
    0.442715759  -11.849274281
    0.451541885  -13.864341185
    0.460368010  -17.612498134
    0.469194136  -22.672341661
    0.478020262  -28.151170244
    0.486846387  -33.249989271
    0.495672513  -37.431472975
    0.504498639  -40.531359882
    0.513324764  -42.717235437
    0.522150890  -44.296371081
    0.530977016  -45.530610899
    0.539803141  -46.561222076
    0.548629267  -47.460782057
    0.557455393  -48.305892658
    0.566281518  -49.195257341
    0.575107644  -50.205994654
    0.583933770  -51.339786058
    0.592759895  -52.511842473
    0.601586021  -53.598011749
    0.610412147  -54.504989892
    0.619238272  -55.243547809
    0.628064398  -55.935763572
    0.636890524  -56.743040088
    0.645716649  -57.733487611
    0.654542775  -58.795275817
    0.663368901  -59.730154465
    0.672195026  -60.427711248
    0.681021152  -60.939183594
    0.689847277  -61.383875062
    0.698673403  -61.795461109
    0.707499529  -62.075802810
    0.716325654  -62.098991463
    0.725151780  -61.853485270
    0.733977906  -61.483175277
    0.742804031  -61.201838527
    0.751630157  -61.173812253
    0.760456283  -61.475088735
    0.769282408  -62.102190357
    0.778108534  -62.972474307
    0.786934660  -63.980437296
    0.795760785  -65.078379384
    0.804586911  -66.276832629
    0.813413037  -67.591300710
    0.822239162  -68.987701111
    0.831065288  -70.391113155
    0.839891414  -71.729765950
    0.848717539  -72.952906673
    0.857543665  -74.025953030
    0.866369791  -74.901587512
    0.875195916  -75.546258058
    0.884022042  -75.959850231
    0.892848168  -76.151949162
    0.901674293  -76.114444446
    0.910500419  -75.822725281
    0.919326545  -75.277288429
    0.928152670  -74.529940935
    0.936978796  -73.685836142
    0.945804921  -72.869013014
    0.954631047  -72.162220446
    0.963457173  -71.582515641
    0.972283298  -71.094667478
    0.981109424  -70.663255177
    0.989935550  -70.279429073
    0.998761675  -69.954446427
    1.007587801  -69.707807978
    1.016413927  -69.545818532
    1.025240052  -69.460228414
    1.034066178  -69.429390067
    1.042892304  -69.405803272
    1.051718429  -69.316409314
    1.060544555  -69.090154565
    1.069370681  -68.691354135
    1.078196806  -68.112933539
    1.087022932  -67.385531902
    1.095849058  -66.629127980
    1.104675183  -66.011897090
    1.113501309  -65.611120134
    1.122327435  -65.348936914
    1.131153560  -65.123791825
    1.139979686  -64.901777572
    1.148805812  -64.721107644
    1.157631937  -64.650077591
    1.166458063  -64.743399620
    1.175284188  -64.997344182
    1.184110314  -65.340128783
    1.192936440  -65.652932539
    1.201762565  -65.825792274
    1.210588691  -65.838839398
    1.219414817  -65.801750847
    1.228240942  -65.895313864
    1.237067068  -66.277888371
    1.245893194  -67.015725934
    1.254719319  -68.065270679
    1.263545445  -69.304643787
    1.272371571  -70.565381211
    1.281197696  -71.651475215
    1.290023822  -72.406316930
    1.298849948  -72.775506192
    1.307676073  -72.826450910
    1.316502199  -72.679792303
    1.325328325  -72.462787798
    1.334154450  -72.265208305
    1.342980576  -72.146315331
    1.351806702  -72.128327143
    1.360632827  -72.218102115
    1.369458953  -72.438697546
    1.378285079  -72.789120840
    1.387111204  -73.162165976
    1.395937330  -73.411609654
    1.404763455  -73.476897522
    1.413589581  -73.380664269
    1.422415707  -73.160659296
    1.431241832  -72.826854910
    1.440067958  -72.374551916
    1.448894084  -71.808430601
    1.457720209  -71.142154090
    1.466546335  -70.423083066
    1.475372461  -69.738807410
    1.484198586  -69.163723745
    1.493024712  -68.702699080
    1.501850838  -68.296084636
    1.510676963  -67.874151416
    1.519503089  -67.395361262
    1.528329215  -66.845390589
    1.537155340  -66.210470832
    1.545981466  -65.478726738
    1.554807592  -64.666032626
    1.563633717  -63.841361549
    1.572459843  -63.165923173
    1.581285969  -62.790002697
    1.590112094  -62.705645589
    1.598938220  -62.787781460
    1.607764346  -62.928016867
    1.616590471  -63.063961384
    1.625416597  -63.158340196
    1.634242723  -63.187616016
    1.643068848  -63.162940159
    1.651894974  -63.129956845
    1.660721099  -63.126450191
    1.669547225  -63.147733883
    1.678373351  -63.173888094
    1.687199476  -63.209545596
    1.696025602  -63.300148104
    1.704851728  -63.504300319
    1.713677853  -63.849841034
    1.722503979  -64.313217259
    1.731330105  -64.812967574
    1.740156230  -65.244786986
    1.748982356  -65.538497265
    1.757808482  -65.701670062
    1.766634607  -65.805970594
    1.775460733  -65.928583169
    1.784286859  -66.102961519
    1.793112984  -66.329894264
    1.801939110  -66.612722646
    1.810765236  -66.961849806
    1.819591361  -67.374324292
    1.828417487  -67.825979112
    1.837243613  -68.274565013
    1.846069738  -68.670221965
    1.854895864  -68.973672709
    1.863721990  -69.190439055
    1.872548115  -69.356887280
    1.881374241  -69.513263135
    1.890200366  -69.677085290
    1.899026492  -69.847541069
    1.907852618  -70.028976303
    1.916678743  -70.238859269
    1.925504869  -70.505489766
    1.934330995  -70.825071076
    1.943157120  -71.146646699
    1.951983246  -71.396196703
    1.960809372  -71.511793476
    1.969635497  -71.478539753
    1.978461623  -71.346867589
    1.987287749  -71.227191105
    1.996113874  -71.222336338
    2.004940000  -71.352192819
    2.013766126  -71.522584060
    2.022592251  -71.595725070
    2.031418377  -71.495889704
    2.040244503  -71.250260357
    2.049070628  -70.941350166
    2.057896754  -70.638621472
    2.066722880  -70.369566575
    2.075549005  -70.108864913
    2.084375131  -69.806485804
    2.093201257  -69.438295869
    2.102027382  -69.038361840
    2.110853508  -68.680042704
    2.119679634  -68.404683264
    2.128505759  -68.181055619
    2.137331885  -67.939768256
    2.146158010  -67.650889296
    2.154984136  -67.358750271
    2.163810262  -67.137368516
    2.172636387  -67.000950033
    2.181462513  -66.876708613
    2.190288639  -66.667411488
    2.199114764  -66.356151379
    2.207940890  -66.009373812
    2.216767016  -65.711090334
    2.225593141  -65.507602045
    2.234419267  -65.406966410
    2.243245393  -65.390364231
    2.252071518  -65.415755634
    2.260897644  -65.423657633
    2.269723770  -65.360285224
    2.278549895  -65.223063689
    2.287376021  -65.062964299
    2.296202147  -64.944261526
    2.305028272  -64.900643291
    2.313854398  -64.910094701
    2.322680524  -64.938414272
    2.331506649  -64.983741407
    2.340332775  -65.059625467
    2.349158901  -65.155664409
    2.357985026  -65.221516606
    2.366811152  -65.218651978
    2.375637277  -65.157110966
    2.384463403  -65.081929665
    2.393289529  -65.021143110
    2.402115654  -64.968159219
    2.410941780  -64.894217850
    2.419767906  -64.774025426
    2.428594031  -64.610999389
    2.437420157  -64.442472639
    2.446246283  -64.324455736
    2.455072408  -64.291896305
    2.463898534  -64.346192759
    2.472724660  -64.461116572
    2.481550785  -64.594152908
    2.490376911  -64.709108315
    2.499203037  -64.791212644
    2.508029162  -64.839335749
    2.516855288  -64.841913217
    2.525681414  -64.789848679
    2.534507539  -64.684485066
    2.543333665  -64.554636742
    2.552159791  -64.439827575
    2.560985916  -64.375105567
    2.569812042  -64.384472051
    2.578638168  -64.489306593
    2.587464293  -64.681875701
    2.596290419  -64.909553122
    2.605116545  -65.076661027
    2.613942670  -65.096637635
    2.622768796  -64.966867397
    2.631594921  -64.767545909
    2.640421047  -64.602463506
    2.649247173  -64.519234417
    2.658073298  -64.470200844
    2.666899424  -64.352257834
    2.675725550  -64.094557004
    2.684551675  -63.717028383
    2.693377801  -63.328781833
    2.702203927  -63.045089424
    2.711030052  -62.918573998
    2.719856178  -62.926947148
    2.728682304  -63.000232319
    2.737508429  -63.071309494
    2.746334555  -63.082300044
    2.755160681  -63.006121444
    2.763986806  -62.855142968
    2.772812932  -62.670485746
    2.781639058  -62.497797406
    2.790465183  -62.364572311
    2.799291309  -62.274184246
    2.808117435  -62.208936120
    2.816943560  -62.153088687
    2.825769686  -62.104860412
    2.834595812  -62.079188088
    2.843421937  -62.074108678
    2.852248063  -62.059118574
    2.861074188  -62.007724165
    2.869900314  -61.913867567
    2.878726440  -61.797772413
    2.887552565  -61.705952178
    2.896378691  -61.683457590
    2.905204817  -61.728823028
    2.914030942  -61.763515236
    2.922857068  -61.697903035
    2.931683194  -61.495639618
    2.940509319  -61.205337988
    2.949335445  -60.942521870
    2.958161571  -60.800709491
    2.966987696  -60.800469604
    2.975813822  -60.883766727
    2.984639948  -60.959655492
    2.993466073  -60.960580127
    3.002292199  -60.872772621
    3.011118325  -60.743352652
    3.019944450  -60.653044711
    3.028770576  -60.651812744
    3.037596702  -60.740024962
    3.046422827  -60.877201390
    3.055248953  -61.020183109
    3.064075079  -61.132104754
    3.072901204  -61.166689584
    3.081727330  -61.074639757
    3.090553455  -60.846968386
    3.099379581  -60.552779743
    3.108205707  -60.324906316
    3.117031832  -60.287693063
    3.125857958  -60.472740806
    3.134684084  -60.801759811
    3.143510209  -61.137192191
    3.152336335  -61.367399701
    3.161162461  -61.452162409
    3.169988586  -61.408107717
    3.178814712  -61.295864223
    3.187640838  -61.174575739
    3.196466963  -61.071266596
    3.205293089  -60.982610269
    3.214119215  -60.924736143
    3.222945340  -60.911455144
    3.231771466  -60.920045161
    3.240597592  -60.908629136
    3.249423717  -60.864216355
    3.258249843  -60.817540198
    3.267075969  -60.818372001
    3.275902094  -60.896060590
    3.284728220  -61.021316318
    3.293554346  -61.108891859
    3.302380471  -61.077784713
    3.311206597  -60.927821449
    3.320032723  -60.759012419
    3.328858848  -60.715949571
    3.337684974  -60.865675347
    3.346511099  -61.134527128
    3.355337225  -61.342284425
    3.364163351  -61.311642159
    3.372989476  -60.972986133
    3.381815602  -60.414101230
    3.390641728  -59.835587703
    3.399467853  -59.420976079
    3.408293979  -59.247125590
    3.417120105  -59.262103766
    3.425946230  -59.357530246
    3.434772356  -59.432693449
    3.443598482  -59.442936709
    3.452424607  -59.403605017
    3.461250733  -59.361285396
    3.470076859  -59.336371604
    3.478902984  -59.306226110
    3.487729110  -59.211449781
    3.496555236  -58.960495257
    3.505381361  -58.419225792
    3.514207487  -57.402112680
    3.523033613  -55.714174742
    3.531859738  -53.193182766
    3.540685864  -49.764203790
    3.549511990  -45.451630571
    3.558338115  -40.387059188
    3.567164241  -34.799745858
    3.575990366  -29.011799952
    3.584816492  -23.419768708
    3.593642618  -18.486919482
    3.602468743  -14.713910199
    3.611294869  -12.410200614
    3.620120995  -11.288675662
    3.628947120  -10.796707615
    3.637773246  -10.583227234
    3.646599372  -10.491391798
    3.655425497  -10.453586154
    3.664251623  -10.438982806
    3.673077749  -10.434031127
    3.681903874  -10.432655714
    3.690730000  -10.432240308
