#! FIELDS pp.proj projection
#! SET min_pp.proj 0.31915
#! SET max_pp.proj 3.69073
#! SET nbins_pp.proj  383
#! SET periodic_pp.proj false
    0.319150000  -10.432240308
    0.327976126  -10.432240308
    0.336802251  -10.432240308
    0.345628377  -10.432240308
    0.354454503  -10.432275320
    0.363280628  -10.432377300
    0.372106754  -10.432782589
    0.380932880  -10.434317674
    0.389759005  -10.439033358
    0.398585131  -10.452010380
    0.407411257  -10.485030704
    0.416237382  -10.564727720
    0.425063508  -10.750029534
    0.433889634  -11.177370595
    0.442715759  -12.162501097
    0.451541885  -14.284384533
    0.460368010  -17.992338150
    0.469194136  -22.970674824
    0.478020262  -28.415474941
    0.486846387  -33.523476734
    0.495672513  -37.743750011
    0.504498639  -40.908346223
    0.513324764  -43.185631862
    0.522150890  -44.883949023
    0.530977016  -46.270840185
    0.539803141  -47.507272599
    0.548629267  -48.701650959
    0.557455393  -49.969701030
    0.566281518  -51.423627770
    0.575107644  -53.123288419
    0.583933770  -55.081213991
    0.592759895  -57.294122392
    0.601586021  -59.742588579
    0.610412147  -62.375788491
    0.619238272  -65.110637600
    0.628064398  -67.870992253
    0.636890524  -70.581204875
    0.645716649  -73.147142281
    0.654542775  -75.460614380
    0.663368901  -77.425517488
    0.672195026  -79.008552415
    0.681021152  -80.260176998
    0.689847277  -81.307917564
    0.698673403  -82.306205941
    0.707499529  -83.360545388
    0.716325654  -84.481235360
    0.725151780  -85.630328265
    0.733977906  -86.792436899
    0.742804031  -88.006990233
    0.751630157  -89.353173831
    0.760456283  -90.922672041
    0.769282408  -92.765528283
    0.778108534  -94.801110089
    0.786934660  -96.808285119
    0.795760785  -98.551820633
    0.804586911  -99.905023143
    0.813413037 -100.851610570
    0.822239162 -101.412799579
    0.831065288 -101.578807008
    0.839891414 -101.351097407
    0.848717539 -100.789592382
    0.857543665 -100.032367576
    0.866369791  -99.246657481
    0.875195916  -98.516397644
    0.884022042  -97.803338675
    0.892848168  -96.965256705
    0.901674293  -95.860912313
    0.910500419  -94.438799742
    0.919326545  -92.787365025
    0.928152670  -91.088297090
    0.936978796  -89.518824392
    0.945804921  -88.155441651
    0.954631047  -86.973631809
    0.963457173  -85.937252883
    0.972283298  -85.074563459
    0.981109424  -84.431495906
    0.989935550  -83.988696390
    0.998761675  -83.675527327
    1.007587801  -83.422221429
    1.016413927  -83.174223076
    1.025240052  -82.897015006
    1.034066178  -82.565579965
    1.042892304  -82.142768607
    1.051718429  -81.604105607
    1.060544555  -80.972630211
    1.069370681  -80.323463222
    1.078196806  -79.740190578
    1.087022932  -79.274811290
    1.095849058  -78.951851752
    1.104675183  -78.776823837
    1.113501309  -78.742950132
    1.122327435  -78.796228758
    1.131153560  -78.846755117
    1.139979686  -78.840185042
    1.148805812  -78.826800852
    1.157631937  -78.925750857
    1.166458063  -79.236781422
    1.175284188  -79.766303523
    1.184110314  -80.433075754
    1.192936440  -81.076430996
    1.201762565  -81.510170536
    1.210588691  -81.623942751
    1.219414817  -81.469740601
    1.228240942  -81.227425724
    1.237067068  -81.086720366
    1.245893194  -81.111417148
    1.254719319  -81.218839403
    1.263545445  -81.257182226
    1.272371571  -81.132286211
    1.281197696  -80.869692243
    1.290023822  -80.565137130
    1.298849948  -80.286003034
    1.307676073  -80.029698808
    1.316502199  -79.739866016
    1.325328325  -79.373516585
    1.334154450  -78.939000988
    1.342980576  -78.487686019
    1.351806702  -78.074616353
    1.360632827  -77.728631433
    1.369458953  -77.449428744
    1.378285079  -77.223042216
    1.387111204  -77.004960417
    1.395937330  -76.735601355
    1.404763455  -76.379297935
    1.413589581  -75.957345219
    1.422415707  -75.536329921
    1.431241832  -75.181408503
    1.440067958  -74.937111939
    1.448894084  -74.830334027
    1.457720209  -74.860119323
    1.466546335  -75.001618939
    1.475372461  -75.207100128
    1.484198586  -75.425652666
    1.493024712  -75.632781149
    1.501850838  -75.837092713
    1.510676963  -76.050303210
    1.519503089  -76.260274827
    1.528329215  -76.443834450
    1.537155340  -76.590679904
    1.545981466  -76.713781330
    1.554807592  -76.833647331
    1.563633717  -76.951444341
    1.572459843  -77.070127062
    1.581285969  -77.191912707
    1.590112094  -77.284807119
    1.598938220  -77.277614246
    1.607764346  -77.120244311
    1.616590471  -76.812297205
    1.625416597  -76.408886043
    1.634242723  -75.990520856
    1.643068848  -75.631218683
    1.651894974  -75.374682098
    1.660721099  -75.234672408
    1.669547225  -75.201715898
    1.678373351  -75.243413215
    1.687199476  -75.319436296
    1.696025602  -75.419670708
    1.704851728  -75.582307943
    1.713677853  -75.857209480
    1.722503979  -76.255641732
    1.731330105  -76.713100645
    1.740156230  -77.107584901
    1.748982356  -77.319674248
    1.757808482  -77.308470034
    1.766634607  -77.147388911
    1.775460733  -76.960555741
    1.784286859  -76.808256922
    1.793112984  -76.655689447
    1.801939110  -76.438963088
    1.810765236  -76.130303537
    1.819591361  -75.760728671
    1.828417487  -75.405236760
    1.837243613  -75.127252518
    1.846069738  -74.954111250
    1.854895864  -74.882286209
    1.863721990  -74.901733392
    1.872548115  -74.989672469
    1.881374241  -75.112034621
    1.890200366  -75.227448656
    1.899026492  -75.307480665
    1.907852618  -75.358861733
    1.916678743  -75.412960032
    1.925504869  -75.504391868
    1.934330995  -75.633211557
    1.943157120  -75.768264855
    1.951983246  -75.871018781
    1.960809372  -75.901457548
    1.969635497  -75.841562088
    1.978461623  -75.721464715
    1.987287749  -75.622467782
    1.996113874  -75.615369300
    2.004940000  -75.702854220
    2.013766126  -75.802182312
    2.022592251  -75.811415003
    2.031418377  -75.691898574
    2.040244503  -75.485728010
    2.049070628  -75.266410521
    2.057896754  -75.089140315
    2.066722880  -74.972632939
    2.075549005  -74.890954033
    2.084375131  -74.797559339
    2.093201257  -74.662247092
    2.102027382  -74.498972868
    2.110853508  -74.358650906
    2.119679634  -74.272305591
    2.128505759  -74.208762973
    2.137331885  -74.097320928
    2.146158010  -73.897752796
    2.154984136  -73.645240302
    2.163810262  -73.424910991
    2.172636387  -73.285369607
    2.181462513  -73.190365149
    2.190288639  -73.048249877
    2.199114764  -72.805463714
    2.207940890  -72.477148678
    2.216767016  -72.120046912
    2.225593141  -71.792635772
    2.234419267  -71.545805247
    2.243245393  -71.413222005
    2.252071518  -71.387915165
    2.260897644  -71.410895525
    2.269723770  -71.400254244
    2.278549895  -71.320710232
    2.287376021  -71.206558237
    2.296202147  -71.119800227
    2.305028272  -71.087533968
    2.313854398  -71.070921481
    2.322680524  -71.012199263
    2.331506649  -70.886952308
    2.340332775  -70.706380159
    2.349158901  -70.489829809
    2.357985026  -70.243282705
    2.366811152  -69.984387504
    2.375637277  -69.758494079
    2.384463403  -69.619026986
    2.393289529  -69.584491383
    2.402115654  -69.627625624
    2.410941780  -69.692659930
    2.419767906  -69.731056539
    2.428594031  -69.729620197
    2.437420157  -69.705854864
    2.446246283  -69.688179464
    2.455072408  -69.689712370
    2.463898534  -69.700296501
    2.472724660  -69.689376689
    2.481550785  -69.629895489
    2.490376911  -69.530288701
    2.499203037  -69.428588929
    2.508029162  -69.356822629
    2.516855288  -69.308566493
    2.525681414  -69.263209086
    2.534507539  -69.206535258
    2.543333665  -69.148599556
    2.552159791  -69.105516435
    2.560985916  -69.094684931
    2.569812042  -69.131729078
    2.578638168  -69.230283900
    2.587464293  -69.378327894
    2.596290419  -69.535380062
    2.605116545  -69.638264368
    2.613942670  -69.633607385
    2.622768796  -69.530101020
    2.631594921  -69.398606673
    2.640421047  -69.322445918
    2.649247173  -69.339067475
    2.658073298  -69.411360342
    2.666899424  -69.460005243
    2.675725550  -69.427500088
    2.684551675  -69.319421453
    2.693377801  -69.196908333
    2.702203927  -69.112817240
    2.711030052  -69.077284412
    2.719856178  -69.071756928
    2.728682304  -69.077825943
    2.737508429  -69.103490698
    2.746334555  -69.155567878
    2.755160681  -69.231176856
    2.763986806  -69.312579274
    2.772812932  -69.368300801
    2.781639058  -69.368860156
    2.790465183  -69.303020200
    2.799291309  -69.191833680
    2.808117435  -69.071435338
    2.816943560  -68.983175875
    2.825769686  -68.957362834
    2.834595812  -69.008460677
    2.843421937  -69.117163688
    2.852248063  -69.236598314
    2.861074188  -69.336735205
    2.869900314  -69.413929199
    2.878726440  -69.472229175
    2.887552565  -69.513023837
    2.896378691  -69.532171443
    2.905204817  -69.523753615
    2.914030942  -69.460733834
    2.922857068  -69.319423578
    2.931683194  -69.109228284
    2.940509319  -68.886371421
    2.949335445  -68.734165914
    2.958161571  -68.700156771
    2.966987696  -68.777530763
    2.975813822  -68.922902384
    2.984639948  -69.082001006
    2.993466073  -69.210111006
    3.002292199  -69.285861717
    3.011118325  -69.320186392
    3.019944450  -69.337475847
    3.028770576  -69.335521005
    3.037596702  -69.295674852
    3.046422827  -69.211796039
    3.055248953  -69.121184618
    3.064075079  -69.083762085
    3.072901204  -69.122355670
    3.081727330  -69.193243852
    3.090553455  -69.226093841
    3.099379581  -69.191585593
    3.108205707  -69.124747526
    3.117031832  -69.088546157
    3.125857958  -69.113696043
    3.134684084  -69.178627373
    3.143510209  -69.226307642
    3.152336335  -69.209527430
    3.161162461  -69.127318090
    3.169988586  -69.010852459
    3.178814712  -68.902565392
    3.187640838  -68.823090351
    3.196466963  -68.774641893
    3.205293089  -68.751430253
    3.214119215  -68.762178522
    3.222945340  -68.810300632
    3.231771466  -68.878635385
    3.240597592  -68.932526091
    3.249423717  -68.936012541
    3.258249843  -68.873451641
    3.267075969  -68.760031706
    3.275902094  -68.626870614
    3.284728220  -68.490079034
    3.293554346  -68.339280503
    3.302380471  -68.166128428
    3.311206597  -67.997637046
    3.320032723  -67.900036220
    3.328858848  -67.943950766
    3.337684974  -68.135873616
    3.346511099  -68.396517102
    3.355337225  -68.595671719
    3.364163351  -68.629774571
    3.372989476  -68.478988809
    3.381815602  -68.230732665
    3.390641728  -68.035356271
    3.399467853  -68.010915051
    3.408293979  -68.187877511
    3.417120105  -68.495194828
    3.425946230  -68.813664153
    3.434772356  -69.035807633
    3.443598482  -69.118817214
    3.452424607  -69.092576545
    3.461250733  -69.039677605
    3.470076859  -69.046618968
    3.478902984  -69.154284057
    3.487729110  -69.320341758
    3.496555236  -69.415030573
    3.505381361  -69.232043222
    3.514207487  -68.508613428
    3.523033613  -67.002483914
    3.531859738  -64.550823855
    3.540685864  -61.093988184
    3.549511990  -56.629619882
    3.558338115  -51.196897507
    3.567164241  -44.907516056
    3.575990366  -38.008446851
    3.584816492  -30.914313546
    3.593642618  -24.197364011
    3.602468743  -18.491775463
    3.611294869  -14.403596003
    3.620120995  -12.137997918
    3.628947120  -11.132595860
    3.637773246  -10.716037433
    3.646599372  -10.542973910
    3.655425497  -10.472497158
    3.664251623  -10.445353613
    3.673077749  -10.435822259
    3.681903874  -10.432977321
    3.690730000  -10.432291830
