#! FIELDS pp.proj projection
#! SET min_pp.proj 0.31915
#! SET max_pp.proj 3.69073
#! SET nbins_pp.proj  383
#! SET periodic_pp.proj false
    0.319150000  -10.432240308
    0.327976126  -10.432240308
    0.336802251  -10.432240308
    0.345628377  -10.432240308
    0.354454503  -10.432275320
    0.363280628  -10.432377300
    0.372106754  -10.432728556
    0.380932880  -10.434072105
    0.389759005  -10.438003850
    0.398585131  -10.448319609
    0.407411257  -10.473775223
    0.416237382  -10.533902249
    0.425063508  -10.673794662
    0.433889634  -11.008782291
    0.442715759  -11.849274281
    0.451541885  -13.864341185
    0.460368010  -17.612498134
    0.469194136  -22.672341661
    0.478020262  -28.151170244
    0.486846387  -33.249989271
    0.495672513  -37.431472975
    0.504498639  -40.531359882
    0.513324764  -42.717235437
    0.522150890  -44.296371081
    0.530977016  -45.530610899
    0.539803141  -46.561222076
    0.548629267  -47.460782057
    0.557455393  -48.305892658
    0.566281518  -49.195257341
    0.575107644  -50.205994654
    0.583933770  -51.339786058
    0.592759895  -52.511842473
    0.601586021  -53.598011749
    0.610412147  -54.504989892
    0.619238272  -55.243547809
    0.628064398  -55.935763572
    0.636890524  -56.743040088
    0.645716649  -57.733487611
    0.654542775  -58.795275817
    0.663368901  -59.730154465
    0.672195026  -60.427711248
    0.681021152  -60.939183594
    0.689847277  -61.383875062
    0.698673403  -61.795461109
    0.707499529  -62.075802810
    0.716325654  -62.098991463
    0.725151780  -61.853485270
    0.733977906  -61.483175277
    0.742804031  -61.201838527
    0.751630157  -61.173812253
    0.760456283  -61.475088735
    0.769282408  -62.102190357
    0.778108534  -62.972474307
    0.786934660  -63.980437296
    0.795760785  -65.078379384
    0.804586911  -66.276832629
    0.813413037  -67.591300710
    0.822239162  -68.987701111
    0.831065288  -70.391113155
    0.839891414  -71.729765950
    0.848717539  -72.952906673
    0.857543665  -74.025953030
    0.866369791  -74.901587512
    0.875195916  -75.546258058
    0.884022042  -75.959850231
    0.892848168  -76.151949162
    0.901674293  -76.114444446
    0.910500419  -75.822725281
    0.919326545  -75.277274944
    0.928152670  -74.529880512
    0.936978796  -73.685616910
    0.945804921  -72.868292246
    0.954631047  -72.160149008
    0.963457173  -71.577377985
    0.972283298  -71.083674302
    0.981109424  -70.642866031
    0.989935550  -70.246554320
    0.998761675  -69.908688761
    1.007587801  -69.652097362
    1.016413927  -69.483529380
    1.025240052  -69.391190465
    1.034066178  -69.349116211
    1.042892304  -69.308131619
    1.051718429  -69.198081292
    1.060544555  -68.953075540
    1.069370681  -68.537178526
    1.078196806  -67.928935134
    1.087022932  -67.125193329
    1.095849058  -66.192337796
    1.104675183  -65.264640575
    1.113501309  -64.484099055
    1.122327435  -63.893668604
    1.131153560  -63.423072370
    1.139979686  -62.992992177
    1.148805812  -62.628055633
    1.157631937  -62.450187844
    1.166458063  -62.571693859
    1.175284188  -62.957590962
    1.184110314  -63.430851934
    1.192936440  -63.775107206
    1.201762565  -63.838807217
    1.210588691  -63.604822488
    1.219414817  -63.189247733
    1.228240942  -62.753633082
    1.237067068  -62.404416380
    1.245893194  -62.125984781
    1.254719319  -61.787851280
    1.263545445  -61.238575518
    1.272371571  -60.418350236
    1.281197696  -59.410289283
    1.290023822  -58.384294538
    1.298849948  -57.470483021
    1.307676073  -56.683570599
    1.316502199  -55.936635986
    1.325328325  -55.164324356
    1.334154450  -54.377418452
    1.342980576  -53.637496628
    1.351806702  -52.983478153
    1.360632827  -52.393722715
    1.369458953  -51.791388541
    1.378285079  -51.087011636
    1.387111204  -50.239261705
    1.395937330  -49.318593956
    1.404763455  -48.501567959
    1.413589581  -47.970534602
    1.422415707  -47.802014980
    1.431241832  -47.935335196
    1.440067958  -48.240639449
    1.448894084  -48.592850737
    1.457720209  -48.931731306
    1.466546335  -49.312598684
    1.475372461  -49.839664856
    1.484198586  -50.514590022
    1.493024712  -51.200506104
    1.501850838  -51.729850728
    1.510676963  -52.014608130
    1.519503089  -52.097938459
    1.528329215  -52.111695750
    1.537155340  -52.158111482
    1.545981466  -52.234311401
    1.554807592  -52.306321746
    1.563633717  -52.395676576
    1.572459843  -52.587504171
    1.581285969  -52.917020478
    1.590112094  -53.315385121
    1.598938220  -53.692788198
    1.607764346  -54.025931806
    1.616590471  -54.341430534
    1.625416597  -54.657472995
    1.634242723  -54.939600947
    1.643068848  -55.145645686
    1.651894974  -55.309419054
    1.660721099  -55.505409565
    1.669547225  -55.731589725
    1.678373351  -55.897332386
    1.687199476  -55.923712906
    1.696025602  -55.822747939
    1.704851728  -55.663528187
    1.713677853  -55.492319916
    1.722503979  -55.303493333
    1.731330105  -55.069562773
    1.740156230  -54.783309660
    1.748982356  -54.463475712
    1.757808482  -54.134675473
    1.766634607  -53.805074908
    1.775460733  -53.467569367
    1.784286859  -53.113876162
    1.793112984  -52.754965415
    1.801939110  -52.424493649
    1.810765236  -52.161204999
    1.819591361  -52.000259694
    1.828417487  -51.987661172
    1.837243613  -52.177635161
    1.846069738  -52.582887582
    1.854895864  -53.132543107
    1.863721990  -53.733146137
    1.872548115  -54.321146284
    1.881374241  -54.858669168
    1.890200366  -55.304940697
    1.899026492  -55.630639384
    1.907852618  -55.862016224
    1.916678743  -56.086401385
    1.925504869  -56.410094255
    1.934330995  -56.886710177
    1.943157120  -57.470907971
    1.951983246  -58.031735789
    1.960809372  -58.437929066
    1.969635497  -58.644235749
    1.978461623  -58.710504849
    1.987287749  -58.771849921
    1.996113874  -58.951021751
    2.004940000  -59.281712161
    2.013766126  -59.680887012
    2.022592251  -60.015266797
    2.031418377  -60.200334628
    2.040244503  -60.247948113
    2.049070628  -60.224697018
    2.057896754  -60.180402074
    2.066722880  -60.105719320
    2.075549005  -59.936357254
    2.084375131  -59.619963891
    2.093201257  -59.185156240
    2.102027382  -58.751832933
    2.110853508  -58.463314590
    2.119679634  -58.377395812
    2.128505759  -58.423956088
    2.137331885  -58.470409366
    2.146158010  -58.443324049
    2.154984136  -58.380578281
    2.163810262  -58.368650802
    2.172636387  -58.427301067
    2.181462513  -58.473415190
    2.190288639  -58.386782438
    2.199114764  -58.127211626
    2.207940890  -57.765272741
    2.216767016  -57.421621500
    2.225593141  -57.184788304
    2.234419267  -57.080881311
    2.243245393  -57.090185214
    2.252071518  -57.163247215
    2.260897644  -57.227422711
    2.269723770  -57.218639823
    2.278549895  -57.137480058
    2.287376021  -57.038969041
    2.296202147  -56.973910060
    2.305028272  -56.939904550
    2.313854398  -56.878874736
    2.322680524  -56.753006342
    2.331506649  -56.601389855
    2.340332775  -56.505389885
    2.349158901  -56.512369604
    2.357985026  -56.588913925
    2.366811152  -56.659624818
    2.375637277  -56.665404829
    2.384463403  -56.590879418
    2.393289529  -56.444174446
    2.402115654  -56.225699478
    2.410941780  -55.920438932
    2.419767906  -55.518680716
    2.428594031  -55.045154088
    2.437420157  -54.559264397
    2.446246283  -54.133298846
    2.455072408  -53.813268363
    2.463898534  -53.625108796
    2.472724660  -53.583547394
    2.481550785  -53.680779098
    2.490376911  -53.877819991
    2.499203037  -54.115895555
    2.508029162  -54.332612974
    2.516855288  -54.481037903
    2.525681414  -54.535689086
    2.534507539  -54.472847133
    2.543333665  -54.290573807
    2.552159791  -54.011457309
    2.560985916  -53.669386102
    2.569812042  -53.299000575
    2.578638168  -52.953839851
    2.587464293  -52.690515583
    2.596290419  -52.534161048
    2.605116545  -52.446484578
    2.613942670  -52.358434039
    2.622768796  -52.248597578
    2.631594921  -52.157901306
    2.640421047  -52.140266779
    2.649247173  -52.195088834
    2.658073298  -52.247796812
    2.666899424  -52.197129675
    2.675725550  -51.993564460
    2.684551675  -51.675587766
    2.693377801  -51.352899373
    2.702203927  -51.127046102
    2.711030052  -51.035274518
    2.719856178  -51.041802400
    2.728682304  -51.067367061
    2.737508429  -51.050026620
    2.746334555  -50.970534692
    2.755160681  -50.863704648
    2.763986806  -50.784412635
    2.772812932  -50.773351915
    2.781639058  -50.848770444
    2.790465183  -50.994213711
    2.799291309  -51.162612137
    2.808117435  -51.293671793
    2.816943560  -51.361534786
    2.825769686  -51.389321115
    2.834595812  -51.429095240
    2.843421937  -51.508493142
    2.852248063  -51.621207499
    2.861074188  -51.773720604
    2.869900314  -51.986563706
    2.878726440  -52.249630770
    2.887552565  -52.504455447
    2.896378691  -52.678102069
    2.905204817  -52.731429119
    2.914030942  -52.652001546
    2.922857068  -52.459785875
    2.931683194  -52.210788385
    2.940509319  -51.987672681
    2.949335445  -51.873421782
    2.958161571  -51.895098851
    2.966987696  -52.016230114
    2.975813822  -52.147276541
    2.984639948  -52.190162323
    2.993466073  -52.088617144
    3.002292199  -51.857999664
    3.011118325  -51.579415474
    3.019944450  -51.368945691
    3.028770576  -51.312857941
    3.037596702  -51.437170875
    3.046422827  -51.684236127
    3.055248953  -51.954445481
    3.064075079  -52.158161212
    3.072901204  -52.240404265
    3.081727330  -52.183510412
    3.090553455  -52.005337647
    3.099379581  -51.762177476
    3.108205707  -51.539679715
    3.117031832  -51.415181971
    3.125857958  -51.399239383
    3.134684084  -51.437627218
    3.143510209  -51.469123034
    3.152336335  -51.476414342
    3.161162461  -51.486471810
    3.169988586  -51.538146668
    3.178814712  -51.669627927
    3.187640838  -51.865051682
    3.196466963  -52.036186130
    3.205293089  -52.086825891
    3.214119215  -52.021775678
    3.222945340  -51.921516641
    3.231771466  -51.847843846
    3.240597592  -51.798606253
    3.249423717  -51.745278225
    3.258249843  -51.667276204
    3.267075969  -51.562758190
    3.275902094  -51.442279563
    3.284728220  -51.305104174
    3.293554346  -51.131831268
    3.302380471  -50.910831003
    3.311206597  -50.681962175
    3.320032723  -50.539369943
    3.328858848  -50.582351978
    3.337684974  -50.823835478
    3.346511099  -51.158313381
    3.355337225  -51.413087429
    3.364163351  -51.456869593
    3.372989476  -51.270801594
    3.381815602  -50.946543675
    3.390641728  -50.631669486
    3.399467853  -50.440937905
    3.408293979  -50.398166722
    3.417120105  -50.412315640
    3.425946230  -50.354466374
    3.434772356  -50.152063726
    3.443598482  -49.845906718
    3.452424607  -49.558473960
    3.461250733  -49.418968731
    3.470076859  -49.483243727
    3.478902984  -49.697714639
    3.487729110  -49.903204182
    3.496555236  -49.869935050
    3.505381361  -49.347600358
    3.514207487  -48.109842160
    3.523033613  -46.001050818
    3.531859738  -42.958974364
    3.540685864  -39.054931225
    3.549511990  -34.492293502
    3.558338115  -29.583186931
    3.567164241  -24.686367048
    3.575990366  -20.168368699
    3.584816492  -16.383572825
    3.593642618  -13.645555129
    3.602468743  -12.008185821
    3.611294869  -11.171318281
    3.620120995  -10.770938493
    3.628947120  -10.582318610
    3.637773246  -10.495060537
    3.646599372  -10.456647051
    3.655425497  -10.440826490
    3.664251623  -10.434854515
    3.673077749  -10.432877835
    3.681903874  -10.432379032
    3.690730000  -10.432240308
