#! FIELDS pp.proj projection
#! SET min_pp.proj 0.31915
#! SET max_pp.proj 3.69073
#! SET nbins_pp.proj  383
#! SET periodic_pp.proj false
    0.319150000  -10.432240308
    0.327976126  -10.432240308
    0.336802251  -10.432240308
    0.345628377  -10.432240308
    0.354454503  -10.432275320
    0.363280628  -10.432377300
    0.372106754  -10.432728556
    0.380932880  -10.434072105
    0.389759005  -10.438003850
    0.398585131  -10.448319609
    0.407411257  -10.473775223
    0.416237382  -10.533902249
    0.425063508  -10.673794662
    0.433889634  -11.008782291
    0.442715759  -11.849274281
    0.451541885  -13.864341185
    0.460368010  -17.612498134
    0.469194136  -22.672341661
    0.478020262  -28.151170244
    0.486846387  -33.249989271
    0.495672513  -37.431472975
    0.504498639  -40.531359882
    0.513324764  -42.717235437
    0.522150890  -44.296371081
    0.530977016  -45.530610899
    0.539803141  -46.561222076
    0.548629267  -47.460782057
    0.557455393  -48.305892658
    0.566281518  -49.195257341
    0.575107644  -50.205994654
    0.583933770  -51.339786058
    0.592759895  -52.511842473
    0.601586021  -53.598011749
    0.610412147  -54.504989892
    0.619238272  -55.243547809
    0.628064398  -55.935763572
    0.636890524  -56.743040088
    0.645716649  -57.733487611
    0.654542775  -58.795275817
    0.663368901  -59.730154465
    0.672195026  -60.427711248
    0.681021152  -60.939183594
    0.689847277  -61.383875062
    0.698673403  -61.795461109
    0.707499529  -62.075802810
    0.716325654  -62.098991463
    0.725151780  -61.853485270
    0.733977906  -61.483175277
    0.742804031  -61.201838527
    0.751630157  -61.173812253
    0.760456283  -61.475088735
    0.769282408  -62.102190357
    0.778108534  -62.972474307
    0.786934660  -63.980437296
    0.795760785  -65.078379384
    0.804586911  -66.276832629
    0.813413037  -67.591300710
    0.822239162  -68.987701111
    0.831065288  -70.391113155
    0.839891414  -71.729765950
    0.848717539  -72.952906673
    0.857543665  -74.025953030
    0.866369791  -74.901587512
    0.875195916  -75.546258058
    0.884022042  -75.959850231
    0.892848168  -76.151949162
    0.901674293  -76.114444446
    0.910500419  -75.822725281
    0.919326545  -75.277274944
    0.928152670  -74.529880512
    0.936978796  -73.685616910
    0.945804921  -72.868292246
    0.954631047  -72.160149008
    0.963457173  -71.577377985
    0.972283298  -71.083674302
    0.981109424  -70.642866031
    0.989935550  -70.246554320
    0.998761675  -69.908688761
    1.007587801  -69.652097362
    1.016413927  -69.483529380
    1.025240052  -69.391190465
    1.034066178  -69.349116211
    1.042892304  -69.308131619
    1.051718429  -69.198081292
    1.060544555  -68.953075540
    1.069370681  -68.537178526
    1.078196806  -67.928935134
    1.087022932  -67.125193329
    1.095849058  -66.192337796
    1.104675183  -65.264640575
    1.113501309  -64.484099055
    1.122327435  -63.893668604
    1.131153560  -63.423072370
    1.139979686  -62.992992177
    1.148805812  -62.628055633
    1.157631937  -62.450187844
    1.166458063  -62.571693859
    1.175284188  -62.957590962
    1.184110314  -63.430851934
    1.192936440  -63.775107206
    1.201762565  -63.838807217
    1.210588691  -63.604822488
    1.219414817  -63.189247733
    1.228240942  -62.753633082
    1.237067068  -62.404416380
    1.245893194  -62.125984781
    1.254719319  -61.787851280
    1.263545445  -61.238575518
    1.272371571  -60.418350236
    1.281197696  -59.410289283
    1.290023822  -58.384294538
    1.298849948  -57.470483021
    1.307676073  -56.683570599
    1.316502199  -55.936635986
    1.325328325  -55.164324356
    1.334154450  -54.377418452
    1.342980576  -53.637496628
    1.351806702  -52.983478153
    1.360632827  -52.393722715
    1.369458953  -51.791388541
    1.378285079  -51.087011636
    1.387111204  -50.239261705
    1.395937330  -49.318593956
    1.404763455  -48.501567959
    1.413589581  -47.970534602
    1.422415707  -47.802014980
    1.431241832  -47.935335196
    1.440067958  -48.240639449
    1.448894084  -48.592850737
    1.457720209  -48.931731306
    1.466546335  -49.312598684
    1.475372461  -49.839664856
    1.484198586  -50.514590022
    1.493024712  -51.200506104
    1.501850838  -51.729850728
    1.510676963  -52.014608130
    1.519503089  -52.097938459
    1.528329215  -52.111695750
    1.537155340  -52.158137074
    1.545981466  -52.234407943
    1.554807592  -52.306774045
    1.563633717  -52.396904420
    1.572459843  -52.590262798
    1.581285969  -52.922455825
    1.590112094  -53.325774896
    1.598938220  -53.712960362
    1.607764346  -54.064221059
    1.616590471  -54.410020326
    1.625416597  -54.773775235
    1.634242723  -55.128270823
    1.643068848  -55.436508032
    1.651894974  -55.728052203
    1.660721099  -56.068194666
    1.669547225  -56.464971274
    1.678373351  -56.865194043
    1.687199476  -57.237195973
    1.696025602  -57.626732106
    1.704851728  -58.120082398
    1.713677853  -58.765037714
    1.722503979  -59.528853921
    1.731330105  -60.291725274
    1.740156230  -60.888033041
    1.748982356  -61.186495132
    1.757808482  -61.179773715
    1.766634607  -60.999368452
    1.775460733  -60.825629071
    1.784286859  -60.768720750
    1.793112984  -60.845875702
    1.801939110  -61.039171244
    1.810765236  -61.347798289
    1.819591361  -61.804407813
    1.828417487  -62.433264332
    1.837243613  -63.179725853
    1.846069738  -63.914095928
    1.854895864  -64.515479137
    1.863721990  -64.942316012
    1.872548115  -65.216361686
    1.881374241  -65.387876486
    1.890200366  -65.499658715
    1.899026492  -65.585658413
    1.907852618  -65.686832262
    1.916678743  -65.849168405
    1.925504869  -66.108528065
    1.934330995  -66.441003542
    1.943157120  -66.750934656
    1.951983246  -66.920086488
    1.960809372  -66.871992229
    1.969635497  -66.606929765
    1.978461623  -66.203497109
    1.987287749  -65.802652301
    1.996113874  -65.536323127
    2.004940000  -65.440581228
    2.013766126  -65.415594523
    2.022592251  -65.312459168
    2.031418377  -65.056656522
    2.040244503  -64.685790161
    2.049070628  -64.293897792
    2.057896754  -63.955941401
    2.066722880  -63.688934567
    2.075549005  -63.447159158
    2.084375131  -63.175511496
    2.093201257  -62.870440063
    2.102027382  -62.595481089
    2.110853508  -62.435389118
    2.119679634  -62.411752847
    2.128505759  -62.454824632
    2.137331885  -62.458193938
    2.146158010  -62.377517606
    2.154984136  -62.269425542
    2.163810262  -62.222109694
    2.172636387  -62.239085771
    2.181462513  -62.214750025
    2.190288639  -62.022786711
    2.199114764  -61.638196484
    2.207940890  -61.147796817
    2.216767016  -60.672501138
    2.225593141  -60.292506131
    2.234419267  -60.041252767
    2.243245393  -59.927851165
    2.252071518  -59.936024758
    2.260897644  -60.004813277
    2.269723770  -60.054128899
    2.278549895  -60.052851267
    2.287376021  -60.029987886
    2.296202147  -60.028080479
    2.305028272  -60.053159988
    2.313854398  -60.065256920
    2.322680524  -60.043125071
    2.331506649  -60.030884094
    2.340332775  -60.096678163
    2.349158901  -60.259916158
    2.357985026  -60.461356550
    2.366811152  -60.617769522
    2.375637277  -60.687803072
    2.384463403  -60.691058829
    2.393289529  -60.667338260
    2.402115654  -60.628923899
    2.410941780  -60.552480417
    2.419767906  -60.412247321
    2.428594031  -60.212679673
    2.437420157  -59.984910475
    2.446246283  -59.768399233
    2.455072408  -59.584190224
    2.463898534  -59.437804539
    2.472724660  -59.324901042
    2.481550785  -59.242145248
    2.490376911  -59.193538192
    2.499203037  -59.179439997
    2.508029162  -59.187204005
    2.516855288  -59.192943514
    2.525681414  -59.164170799
    2.534507539  -59.048265271
    2.543333665  -58.819263161
    2.552159791  -58.509326344
    2.560985916  -58.190231318
    2.569812042  -57.916980869
    2.578638168  -57.721042649
    2.587464293  -57.618025595
    2.596290419  -57.606085347
    2.605116545  -57.633775857
    2.613942670  -57.611720288
    2.622768796  -57.488465280
    2.631594921  -57.289429174
    2.640421047  -57.088531750
    2.649247173  -56.935926543
    2.658073298  -56.812204757
    2.666899424  -56.655218446
    2.675725550  -56.426983920
    2.684551675  -56.150250080
    2.693377801  -55.899188159
    2.702203927  -55.735886896
    2.711030052  -55.669557906
    2.719856178  -55.655825139
    2.728682304  -55.626214873
    2.737508429  -55.541564630
    2.746334555  -55.401065735
    2.755160681  -55.241199650
    2.763986806  -55.107350243
    2.772812932  -55.029075219
    2.781639058  -55.019279801
    2.790465183  -55.064131589
    2.799291309  -55.136096147
    2.808117435  -55.201564491
    2.816943560  -55.252315309
    2.825769686  -55.309079280
    2.834595812  -55.401603014
    2.843421937  -55.525838999
    2.852248063  -55.639239346
    2.861074188  -55.709748503
    2.869900314  -55.736060117
    2.878726440  -55.728581841
    2.887552565  -55.684603900
    2.896378691  -55.583888018
    2.905204817  -55.410209578
    2.914030942  -55.145845040
    2.922857068  -54.801077080
    2.931683194  -54.433230731
    2.940509319  -54.140604612
    2.949335445  -54.026811307
    2.958161571  -54.118362548
    2.966987696  -54.349982247
    2.975813822  -54.596561748
    2.984639948  -54.727711634
    2.993466073  -54.658670738
    3.002292199  -54.383913168
    3.011118325  -53.986416856
    3.019944450  -53.605751829
    3.028770576  -53.358365986
    3.037596702  -53.298986668
    3.046422827  -53.403560575
    3.055248953  -53.605739081
    3.064075079  -53.826570006
    3.072901204  -53.979853273
    3.081727330  -53.991085010
    3.090553455  -53.840935566
    3.099379581  -53.595573337
    3.108205707  -53.384403500
    3.117031832  -53.325811265
    3.125857958  -53.443104744
    3.134684084  -53.658964706
    3.143510209  -53.871371714
    3.152336335  -54.036820764
    3.161162461  -54.184128564
    3.169988586  -54.357970789
    3.178814712  -54.587824223
    3.187640838  -54.844969893
    3.196466963  -55.048914945
    3.205293089  -55.124789432
    3.214119215  -55.094003088
    3.222945340  -55.038370733
    3.231771466  -55.012162445
    3.240597592  -55.007542468
    3.249423717  -54.996688018
    3.258249843  -54.970068058
    3.267075969  -54.944878911
    3.275902094  -54.946300889
    3.284728220  -54.968516588
    3.293554346  -54.966979019
    3.302380471  -54.895901922
    3.311206597  -54.772752200
    3.320032723  -54.695916676
    3.328858848  -54.794171544
    3.337684974  -55.110208262
    3.346511099  -55.546511490
    3.355337225  -55.901837370
    3.364163351  -55.984304110
    3.372989476  -55.723655320
    3.381815602  -55.224653392
    3.390641728  -54.720512349
    3.399467853  -54.415248099
    3.408293979  -54.368283770
    3.417120105  -54.480674426
    3.425946230  -54.603134417
    3.434772356  -54.621238453
    3.443598482  -54.510194704
    3.452424607  -54.336803517
    3.461250733  -54.211608380
    3.470076859  -54.209453717
    3.478902984  -54.325671170
    3.487729110  -54.464801546
    3.496555236  -54.448865152
    3.505381361  -54.043137521
    3.514207487  -52.992207515
    3.523033613  -51.083754080
    3.531859738  -48.196765131
    3.540685864  -44.356948355
    3.549511990  -39.730512223
    3.558338115  -34.588830441
    3.567164241  -29.250661809
    3.575990366  -24.056136116
    3.584816492  -19.358024479
    3.593642618  -15.553355299
    3.602468743  -12.982629591
    3.611294869  -11.591955981
    3.620120995  -10.941839341
    3.628947120  -10.650547699
    3.637773246  -10.521461456
    3.646599372  -10.466210689
    3.655425497  -10.443996050
    3.664251623  -10.435688753
    3.673077749  -10.433060429
    3.681903874  -10.432379032
    3.690730000  -10.432240308
