#! FIELDS pp.proj projection
#! SET min_pp.proj 0.31915
#! SET max_pp.proj 3.69073
#! SET nbins_pp.proj  383
#! SET periodic_pp.proj false
    0.319150000  -10.432240308
    0.327976126  -10.432240308
    0.336802251  -10.432240308
    0.345628377  -10.432240308
    0.354454503  -10.432275320
    0.363280628  -10.432377300
    0.372106754  -10.432728556
    0.380932880  -10.434072105
    0.389759005  -10.438003850
    0.398585131  -10.448319609
    0.407411257  -10.473775223
    0.416237382  -10.533902249
    0.425063508  -10.673794662
    0.433889634  -11.008782291
    0.442715759  -11.849274281
    0.451541885  -13.864341185
    0.460368010  -17.612498134
    0.469194136  -22.672341661
    0.478020262  -28.151170244
    0.486846387  -33.249989271
    0.495672513  -37.431472975
    0.504498639  -40.531359882
    0.513324764  -42.717235437
    0.522150890  -44.296371081
    0.530977016  -45.530610899
    0.539803141  -46.561222076
    0.548629267  -47.460782057
    0.557455393  -48.305892658
    0.566281518  -49.195257341
    0.575107644  -50.205994654
    0.583933770  -51.339786058
    0.592759895  -52.511842473
    0.601586021  -53.598011749
    0.610412147  -54.504989892
    0.619238272  -55.243547809
    0.628064398  -55.935763572
    0.636890524  -56.743040088
    0.645716649  -57.733487611
    0.654542775  -58.795275817
    0.663368901  -59.730154465
    0.672195026  -60.427711248
    0.681021152  -60.939183594
    0.689847277  -61.383875062
    0.698673403  -61.795461109
    0.707499529  -62.075802810
    0.716325654  -62.098991463
    0.725151780  -61.853485270
    0.733977906  -61.483175277
    0.742804031  -61.201838527
    0.751630157  -61.173812253
    0.760456283  -61.475088735
    0.769282408  -62.102190357
    0.778108534  -62.972474307
    0.786934660  -63.980437296
    0.795760785  -65.078379384
    0.804586911  -66.276832629
    0.813413037  -67.591300710
    0.822239162  -68.987701111
    0.831065288  -70.391113155
    0.839891414  -71.729765950
    0.848717539  -72.952906673
    0.857543665  -74.025953030
    0.866369791  -74.901587512
    0.875195916  -75.546258058
    0.884022042  -75.959850231
    0.892848168  -76.151949162
    0.901674293  -76.114444446
    0.910500419  -75.822725281
    0.919326545  -75.277288429
    0.928152670  -74.529940935
    0.936978796  -73.685836142
    0.945804921  -72.869013014
    0.954631047  -72.162220446
    0.963457173  -71.582515641
    0.972283298  -71.094667478
    0.981109424  -70.663255177
    0.989935550  -70.279429073
    0.998761675  -69.954446427
    1.007587801  -69.707807978
    1.016413927  -69.545818532
    1.025240052  -69.460228414
    1.034066178  -69.429390067
    1.042892304  -69.405803272
    1.051718429  -69.316409314
    1.060544555  -69.090154565
    1.069370681  -68.691354135
    1.078196806  -68.112933539
    1.087022932  -67.385531902
    1.095849058  -66.629127980
    1.104675183  -66.011897090
    1.113501309  -65.611120134
    1.122327435  -65.348936914
    1.131153560  -65.123791825
    1.139979686  -64.901777572
    1.148805812  -64.721107644
    1.157631937  -64.650077591
    1.166458063  -64.743399620
    1.175284188  -64.997344182
    1.184110314  -65.340128783
    1.192936440  -65.652932539
    1.201762565  -65.825792274
    1.210588691  -65.838839398
    1.219414817  -65.801750847
    1.228240942  -65.895313864
    1.237067068  -66.277888371
    1.245893194  -67.015725934
    1.254719319  -68.065270679
    1.263545445  -69.304643787
    1.272371571  -70.565381211
    1.281197696  -71.651475215
    1.290023822  -72.406316930
    1.298849948  -72.775506192
    1.307676073  -72.826450910
    1.316502199  -72.679792303
    1.325328325  -72.462787798
    1.334154450  -72.265208305
    1.342980576  -72.146315331
    1.351806702  -72.128327143
    1.360632827  -72.218102115
    1.369458953  -72.438697546
    1.378285079  -72.789120840
    1.387111204  -73.162165976
    1.395937330  -73.411609654
    1.404763455  -73.476897522
    1.413589581  -73.380664269
    1.422415707  -73.160659296
    1.431241832  -72.826854910
    1.440067958  -72.374551916
    1.448894084  -71.808430601
    1.457720209  -71.142154090
    1.466546335  -70.423083066
    1.475372461  -69.738807410
    1.484198586  -69.163723745
    1.493024712  -68.702699080
    1.501850838  -68.296084636
    1.510676963  -67.874151416
    1.519503089  -67.395361262
    1.528329215  -66.845390589
    1.537155340  -66.210470832
    1.545981466  -65.478726738
    1.554807592  -64.666032626
    1.563633717  -63.841361549
    1.572459843  -63.165923173
    1.581285969  -62.790002697
    1.590112094  -62.705645589
    1.598938220  -62.787781460
    1.607764346  -62.928016867
    1.616590471  -63.063961384
    1.625416597  -63.158340196
    1.634242723  -63.187616016
    1.643068848  -63.162940159
    1.651894974  -63.129956845
    1.660721099  -63.126450191
    1.669547225  -63.147733883
    1.678373351  -63.173888094
    1.687199476  -63.209545596
    1.696025602  -63.300148104
    1.704851728  -63.504300319
    1.713677853  -63.849841034
    1.722503979  -64.313217259
    1.731330105  -64.812967574
    1.740156230  -65.244786986
    1.748982356  -65.538497265
    1.757808482  -65.701670062
    1.766634607  -65.805970594
    1.775460733  -65.928583169
    1.784286859  -66.102961519
    1.793112984  -66.329894264
    1.801939110  -66.612722646
    1.810765236  -66.961853052
    1.819591361  -67.374337099
    1.828417487  -67.826031214
    1.837243613  -68.274714623
    1.846069738  -68.670584792
    1.854895864  -68.974490912
    1.863721990  -69.192148599
    1.872548115  -69.360149834
    1.881374241  -69.518824070
    1.890200366  -69.685630659
    1.899026492  -69.859866166
    1.907852618  -70.046183944
    1.916678743  -70.262069279
    1.925504869  -70.534641158
    1.934330995  -70.858655512
    1.943157120  -71.183696821
    1.951983246  -71.439303864
    1.960809372  -71.568248861
    1.969635497  -71.560318576
    1.978461623  -71.469167862
    1.987287749  -71.405225846
    1.996113874  -71.469780642
    2.004940000  -71.684333829
    2.013766126  -71.960108100
    2.022592251  -72.161628000
    2.031418377  -72.205629529
    2.040244503  -72.104843533
    2.049070628  -71.932477187
    2.057896754  -71.759072476
    2.066722880  -71.614150078
    2.075549005  -71.472570973
    2.084375131  -71.284575814
    2.093201257  -71.024653987
    2.102027382  -70.720260597
    2.110853508  -70.435489637
    2.119679634  -70.205417709
    2.128505759  -69.997361441
    2.137331885  -69.747157851
    2.146158010  -69.441779810
    2.154984136  -69.150392746
    2.163810262  -68.970197906
    2.172636387  -68.930201461
    2.181462513  -68.957991967
    2.190288639  -68.936255219
    2.199114764  -68.809365223
    2.207940890  -68.599781722
    2.216767016  -68.360042408
    2.225593141  -68.126565982
    2.234419267  -67.921415028
    2.243245393  -67.756049712
    2.252071518  -67.616533082
    2.260897644  -67.459712523
    2.269723770  -67.241600733
    2.278549895  -66.970104656
    2.287376021  -66.706618132
    2.296202147  -66.518301378
    2.305028272  -66.429451652
    2.313854398  -66.401656365
    2.322680524  -66.384489317
    2.331506649  -66.366110821
    2.340332775  -66.364265679
    2.349158901  -66.381114585
    2.357985026  -66.382829531
    2.366811152  -66.344483777
    2.375637277  -66.282062790
    2.384463403  -66.230446997
    2.393289529  -66.198427644
    2.402115654  -66.166554907
    2.410941780  -66.103475220
    2.419767906  -65.990507582
    2.428594031  -65.843015144
    2.437420157  -65.703135388
    2.446246283  -65.611740693
    2.455072408  -65.583924363
    2.463898534  -65.626846844
    2.472724660  -65.732065409
    2.481550785  -65.863529550
    2.490376911  -65.982982687
    2.499203037  -66.073779064
    2.508029162  -66.131915720
    2.516855288  -66.147975534
    2.525681414  -66.123510827
    2.534507539  -66.074233024
    2.543333665  -66.029741054
    2.552159791  -66.011673359
    2.560985916  -66.029036929
    2.569812042  -66.085601238
    2.578638168  -66.189476875
    2.587464293  -66.330010918
    2.596290419  -66.465919816
    2.605116545  -66.528898278
    2.613942670  -66.467004188
    2.622768796  -66.306926507
    2.631594921  -66.145207222
    2.640421047  -66.080835623
    2.649247173  -66.148081914
    2.658073298  -66.297764370
    2.666899424  -66.430601655
    2.675725550  -66.459872327
    2.684551675  -66.370212285
    2.693377801  -66.237996086
    2.702203927  -66.161557765
    2.711030052  -66.186318043
    2.719856178  -66.286869073
    2.728682304  -66.405438630
    2.737508429  -66.507951214
    2.746334555  -66.576815677
    2.755160681  -66.608558514
    2.763986806  -66.607989712
    2.772812932  -66.580739583
    2.781639058  -66.533201690
    2.790465183  -66.472276227
    2.799291309  -66.409521047
    2.808117435  -66.352450246
    2.816943560  -66.308320888
    2.825769686  -66.285465554
    2.834595812  -66.297492105
    2.843421937  -66.338823495
    2.852248063  -66.377072724
    2.861074188  -66.387007473
    2.869900314  -66.363650475
    2.878726440  -66.321520325
    2.887552565  -66.295097268
    2.896378691  -66.318133480
    2.905204817  -66.389096104
    2.914030942  -66.439281912
    2.922857068  -66.390204421
    2.931683194  -66.217633359
    2.940509319  -65.972494375
    2.949335445  -65.756313556
    2.958161571  -65.644712651
    2.966987696  -65.654998540
    2.975813822  -65.753897378
    2.984639948  -65.884923097
    2.993466073  -65.997980393
    3.002292199  -66.071242844
    3.011118325  -66.120777992
    3.019944450  -66.176463396
    3.028770576  -66.234667628
    3.037596702  -66.265160699
    3.046422827  -66.238878194
    3.055248953  -66.162643075
    3.064075079  -66.065011693
    3.072901204  -65.952604344
    3.081727330  -65.800455216
    3.090553455  -65.591151447
    3.099379581  -65.354793274
    3.108205707  -65.161666091
    3.117031832  -65.074922785
    3.125857958  -65.102631392
    3.134684084  -65.192981663
    3.143510209  -65.262844922
    3.152336335  -65.255196004
    3.161162461  -65.174684508
    3.169988586  -65.063407816
    3.178814712  -64.970213511
    3.187640838  -64.920508112
    3.196466963  -64.925209518
    3.205293089  -64.989646285
    3.214119215  -65.125606653
    3.222945340  -65.325408088
    3.231771466  -65.547830424
    3.240597592  -65.728861922
    3.249423717  -65.811280688
    3.258249843  -65.777329985
    3.267075969  -65.655119598
    3.275902094  -65.490477204
    3.284728220  -65.305838994
    3.293554346  -65.083884044
    3.302380471  -64.802629262
    3.311206597  -64.486751418
    3.320032723  -64.224253844
    3.328858848  -64.125118680
    3.337684974  -64.227836401
    3.346511099  -64.463958120
    3.355337225  -64.697816937
    3.364163351  -64.804200588
    3.372989476  -64.719694535
    3.381815602  -64.474102896
    3.390641728  -64.179881681
    3.399467853  -63.960670607
    3.408293979  -63.887714220
    3.417120105  -63.938253425
    3.425946230  -64.035407582
    3.434772356  -64.100708925
    3.443598482  -64.097200378
    3.452424607  -64.030413892
    3.461250733  -63.934456293
    3.470076859  -63.841367518
    3.478902984  -63.756109633
    3.487729110  -63.631905352
    3.496555236  -63.366078755
    3.505381361  -62.804193232
    3.514207487  -61.743548397
    3.523033613  -59.986927425
    3.531859738  -57.389768063
    3.540685864  -53.898327676
    3.549511990  -49.534001743
    3.558338115  -44.387658062
    3.567164241  -38.624092505
    3.575990366  -32.504403110
    3.584816492  -26.393077007
    3.593642618  -20.764645217
    3.602468743  -16.172768833
    3.611294869  -13.126002734
    3.620120995  -11.573496959
    3.628947120  -10.903480621
    3.637773246  -10.623124703
    3.646599372  -10.505874278
    3.655425497  -10.458535039
    3.664251623  -10.440504962
    3.673077749  -10.434396525
    3.681903874  -10.432655714
    3.690730000  -10.432240308
