#! FIELDS pp.proj projection
#! SET min_pp.proj 0.31915
#! SET max_pp.proj 3.69073
#! SET nbins_pp.proj  383
#! SET periodic_pp.proj false
    0.319150000  -10.432240308
    0.327976126  -10.432240308
    0.336802251  -10.432240308
    0.345628377  -10.432240308
    0.354454503  -10.432275320
    0.363280628  -10.432377300
    0.372106754  -10.432728556
    0.380932880  -10.434072105
    0.389759005  -10.438003850
    0.398585131  -10.448319609
    0.407411257  -10.473775223
    0.416237382  -10.533902249
    0.425063508  -10.673794662
    0.433889634  -11.008782291
    0.442715759  -11.849274281
    0.451541885  -13.864341185
    0.460368010  -17.612498134
    0.469194136  -22.672341661
    0.478020262  -28.151170244
    0.486846387  -33.249989271
    0.495672513  -37.431472975
    0.504498639  -40.531359882
    0.513324764  -42.717235437
    0.522150890  -44.296371081
    0.530977016  -45.530610899
    0.539803141  -46.561222076
    0.548629267  -47.460782057
    0.557455393  -48.305892658
    0.566281518  -49.195257341
    0.575107644  -50.205994654
    0.583933770  -51.339786058
    0.592759895  -52.511842473
    0.601586021  -53.598011749
    0.610412147  -54.504989892
    0.619238272  -55.243547809
    0.628064398  -55.935763572
    0.636890524  -56.743040088
    0.645716649  -57.733487611
    0.654542775  -58.795275817
    0.663368901  -59.730154465
    0.672195026  -60.427711248
    0.681021152  -60.939183594
    0.689847277  -61.383875062
    0.698673403  -61.795461109
    0.707499529  -62.075802810
    0.716325654  -62.098991463
    0.725151780  -61.853485270
    0.733977906  -61.483175277
    0.742804031  -61.201838527
    0.751630157  -61.173812253
    0.760456283  -61.475088735
    0.769282408  -62.102190357
    0.778108534  -62.972474307
    0.786934660  -63.980437296
    0.795760785  -65.078379384
    0.804586911  -66.276832629
    0.813413037  -67.591300710
    0.822239162  -68.987701111
    0.831065288  -70.391113155
    0.839891414  -71.729765950
    0.848717539  -72.952906673
    0.857543665  -74.025953030
    0.866369791  -74.901587512
    0.875195916  -75.546258058
    0.884022042  -75.959850231
    0.892848168  -76.151949162
    0.901674293  -76.114444446
    0.910500419  -75.822725281
    0.919326545  -75.277274944
    0.928152670  -74.529880512
    0.936978796  -73.685616910
    0.945804921  -72.868292246
    0.954631047  -72.160149008
    0.963457173  -71.577377985
    0.972283298  -71.083674302
    0.981109424  -70.642866031
    0.989935550  -70.246554320
    0.998761675  -69.908688761
    1.007587801  -69.652097362
    1.016413927  -69.483529380
    1.025240052  -69.391190465
    1.034066178  -69.349116211
    1.042892304  -69.308131619
    1.051718429  -69.198081292
    1.060544555  -68.953075540
    1.069370681  -68.537299374
    1.078196806  -67.929468650
    1.087022932  -67.127086144
    1.095849058  -66.198262926
    1.104675183  -65.280751051
    1.113501309  -64.522272599
    1.122327435  -63.973530549
    1.131153560  -63.571993219
    1.139979686  -63.239764278
    1.148805812  -62.986702815
    1.157631937  -62.905912853
    1.166458063  -63.095783755
    1.175284188  -63.543802938
    1.184110314  -64.108710030
    1.192936440  -64.590334502
    1.201762565  -64.828544638
    1.210588691  -64.792340896
    1.219414817  -64.604072028
    1.228240942  -64.461796762
    1.237067068  -64.524935966
    1.245893194  -64.816364026
    1.254719319  -65.210608942
    1.263545445  -65.530408350
    1.272371571  -65.690110604
    1.281197696  -65.755313378
    1.290023822  -65.859412112
    1.298849948  -66.063820092
    1.307676073  -66.306005685
    1.316502199  -66.451798737
    1.325328325  -66.415185966
    1.334154450  -66.211746627
    1.342980576  -65.917940693
    1.351806702  -65.590381975
    1.360632827  -65.223756115
    1.369458953  -64.781764789
    1.378285079  -64.272416968
    1.387111204  -63.749353838
    1.395937330  -63.265907514
    1.404763455  -62.804613355
    1.413589581  -62.311674155
    1.422415707  -61.756863803
    1.431241832  -61.177839886
    1.440067958  -60.666144875
    1.448894084  -60.302205086
    1.457720209  -60.084699023
    1.466546335  -59.936273751
    1.475372461  -59.769070736
    1.484198586  -59.569755183
    1.493024712  -59.399849471
    1.501850838  -59.328311471
    1.510676963  -59.361933621
    1.519503089  -59.416965787
    1.528329215  -59.353683966
    1.537155340  -59.055528027
    1.545981466  -58.511094871
    1.554807592  -57.829958374
    1.563633717  -57.172269089
    1.572459843  -56.671609764
    1.581285969  -56.363369245
    1.590112094  -56.199333277
    1.598938220  -56.104190669
    1.607764346  -56.052455469
    1.616590471  -56.057921420
    1.625416597  -56.125633810
    1.634242723  -56.226663578
    1.643068848  -56.340450059
    1.651894974  -56.506854953
    1.660721099  -56.786175895
    1.669547225  -57.175958047
    1.678373351  -57.615436022
    1.687199476  -58.059395859
    1.696025602  -58.524435912
    1.704851728  -59.060569729
    1.713677853  -59.692585969
    1.722503979  -60.392820212
    1.731330105  -61.073999419
    1.740156230  -61.616059901
    1.748982356  -61.925821403
    1.757808482  -62.016088177
    1.766634607  -62.013726574
    1.775460733  -62.064784114
    1.784286859  -62.235760574
    1.793112984  -62.522701556
    1.801939110  -62.909418793
    1.810765236  -63.390593909
    1.819591361  -63.962921568
    1.828417487  -64.606734915
    1.837243613  -65.271016277
    1.846069738  -65.879648235
    1.854895864  -66.359345946
    1.863721990  -66.684044885
    1.872548115  -66.868855885
    1.881374241  -66.953246563
    1.890200366  -66.978960860
    1.899026492  -66.986237323
    1.907852618  -67.016341912
    1.916678743  -67.103544387
    1.925504869  -67.269330279
    1.934330995  -67.489709129
    1.943157120  -67.685761978
    1.951983246  -67.757640135
    1.960809372  -67.635213404
    1.969635497  -67.317039531
    1.978461623  -66.881433648
    1.987287749  -66.470740201
    1.996113874  -66.214103542
    2.004940000  -66.141838862
    2.013766126  -66.156000686
    2.022592251  -66.115903687
    2.031418377  -65.945589919
    2.040244503  -65.660417643
    2.049070628  -65.320671087
    2.057896754  -64.983050619
    2.066722880  -64.682862918
    2.075549005  -64.412443296
    2.084375131  -64.143067717
    2.093201257  -63.870959588
    2.102027382  -63.642021020
    2.110853508  -63.525111663
    2.119679634  -63.538323445
    2.128505759  -63.614949266
    2.137331885  -63.651075362
    2.146158010  -63.597085426
    2.154984136  -63.495722272
    2.163810262  -63.422516736
    2.172636387  -63.378186120
    2.181462513  -63.264381258
    2.190288639  -62.968520860
    2.199114764  -62.489147222
    2.207940890  -61.940052577
    2.216767016  -61.455363985
    2.225593141  -61.107762136
    2.234419267  -60.915119207
    2.243245393  -60.869382617
    2.252071518  -60.929274157
    2.260897644  -61.012468792
    2.269723770  -61.034872802
    2.278549895  -60.975025362
    2.287376021  -60.875693865
    2.296202147  -60.788737647
    2.305028272  -60.727405557
    2.313854398  -60.664347230
    2.322680524  -60.592978585
    2.331506649  -60.564057577
    2.340332775  -60.640724861
    2.349158901  -60.830079362
    2.357985026  -61.060574545
    2.366811152  -61.240910138
    2.375637277  -61.327262074
    2.384463403  -61.341885454
    2.393289529  -61.329712005
    2.402115654  -61.309082939
    2.410941780  -61.257633086
    2.419767906  -61.142931930
    2.428594031  -60.957873809
    2.437420157  -60.726490506
    2.446246283  -60.494876140
    2.455072408  -60.303482375
    2.463898534  -60.176416375
    2.472724660  -60.114563880
    2.481550785  -60.104643966
    2.490376911  -60.138298367
    2.499203037  -60.212080476
    2.508029162  -60.308579513
    2.516855288  -60.381260199
    2.525681414  -60.372472305
    2.534507539  -60.234320977
    2.543333665  -59.974842619
    2.552159791  -59.655534992
    2.560985916  -59.346720707
    2.569812042  -59.086912471
    2.578638168  -58.901494265
    2.587464293  -58.806928631
    2.596290419  -58.794792750
    2.605116545  -58.800481339
    2.613942670  -58.728700710
    2.622768796  -58.539014660
    2.631594921  -58.279980851
    2.640421047  -58.048414308
    2.649247173  -57.904534122
    2.658073298  -57.821675482
    2.666899424  -57.716655989
    2.675725550  -57.527394124
    2.684551675  -57.261559742
    2.693377801  -56.995039514
    2.702203927  -56.807712787
    2.711030052  -56.733744399
    2.719856178  -56.748389990
    2.728682304  -56.789957279
    2.737508429  -56.813781656
    2.746334555  -56.807859462
    2.755160681  -56.795616682
    2.763986806  -56.812495252
    2.772812932  -56.884021907
    2.781639058  -57.017154906
    2.790465183  -57.181762483
    2.799291309  -57.318757096
    2.808117435  -57.366593004
    2.816943560  -57.312566612
    2.825769686  -57.199699216
    2.834595812  -57.085058185
    2.843421937  -56.979881695
    2.852248063  -56.854501222
    2.861074188  -56.698718231
    2.869900314  -56.538849612
    2.878726440  -56.403075340
    2.887552565  -56.287284824
    2.896378691  -56.151034774
    2.905204817  -55.954083457
    2.914030942  -55.668658153
    2.922857068  -55.312222041
    2.931683194  -54.952257122
    2.940509319  -54.689096722
    2.949335445  -54.621973764
    2.958161571  -54.776290931
    2.966987696  -55.092852596
    2.975813822  -55.453562845
    2.984639948  -55.727064881
    2.993466073  -55.818450618
    3.002292199  -55.708352942
    3.011118325  -55.465804868
    3.019944450  -55.214136468
    3.028770576  -55.049738577
    3.037596702  -55.011043341
    3.046422827  -55.075290992
    3.055248953  -55.199990918
    3.064075079  -55.339374004
    3.072901204  -55.434279086
    3.081727330  -55.422365360
    3.090553455  -55.282596761
    3.099379581  -55.070327059
    3.108205707  -54.896756840
    3.117031832  -54.858791727
    3.125857958  -54.962131080
    3.134684084  -55.127207048
    3.143510209  -55.262593302
    3.152336335  -55.334926344
    3.161162461  -55.378357585
    3.169988586  -55.444591833
    3.178814712  -55.571916937
    3.187640838  -55.733081948
    3.196466963  -55.841892785
    3.205293089  -55.820742977
    3.214119215  -55.697651362
    3.222945340  -55.565408015
    3.231771466  -55.481233485
    3.240597592  -55.430500875
    3.249423717  -55.375411173
    3.258249843  -55.301809712
    3.267075969  -55.228404800
    3.275902094  -55.187218908
    3.284728220  -55.181085087
    3.293554346  -55.169454493
    3.302380471  -55.101960685
    3.311206597  -54.985581167
    3.320032723  -54.908764623
    3.328858848  -54.995508245
    3.337684974  -55.288995098
    3.346511099  -55.694281382
    3.355337225  -56.013573376
    3.364163351  -56.059866187
    3.372989476  -55.768562767
    3.381815602  -55.247866905
    3.390641728  -54.730958434
    3.399467853  -54.419395918
    3.408293979  -54.369758367
    3.417120105  -54.481157554
    3.425946230  -54.603277278
    3.434772356  -54.621238453
    3.443598482  -54.510194704
    3.452424607  -54.336803517
    3.461250733  -54.211608380
    3.470076859  -54.209453717
    3.478902984  -54.325671170
    3.487729110  -54.464801546
    3.496555236  -54.448865152
    3.505381361  -54.043137521
    3.514207487  -52.992207515
    3.523033613  -51.083754080
    3.531859738  -48.196765131
    3.540685864  -44.356948355
    3.549511990  -39.730512223
    3.558338115  -34.588830441
    3.567164241  -29.250661809
    3.575990366  -24.056136116
    3.584816492  -19.358024479
    3.593642618  -15.553355299
    3.602468743  -12.982629591
    3.611294869  -11.591955981
    3.620120995  -10.941839341
    3.628947120  -10.650547699
    3.637773246  -10.521461456
    3.646599372  -10.466210689
    3.655425497  -10.443996050
    3.664251623  -10.435688753
    3.673077749  -10.433060429
    3.681903874  -10.432379032
    3.690730000  -10.432240308
