#! FIELDS pp.proj projection
#! SET min_pp.proj 0.31915
#! SET max_pp.proj 3.69073
#! SET nbins_pp.proj  383
#! SET periodic_pp.proj false
    0.319150000  -10.432240308
    0.327976126  -10.432240308
    0.336802251  -10.432240308
    0.345628377  -10.432240308
    0.354454503  -10.432275320
    0.363280628  -10.432377300
    0.372106754  -10.432728556
    0.380932880  -10.434072105
    0.389759005  -10.438003850
    0.398585131  -10.448319609
    0.407411257  -10.473775223
    0.416237382  -10.533902249
    0.425063508  -10.673794662
    0.433889634  -11.008782291
    0.442715759  -11.849274281
    0.451541885  -13.864341185
    0.460368010  -17.612498134
    0.469194136  -22.672341661
    0.478020262  -28.151170244
    0.486846387  -33.249989271
    0.495672513  -37.431472975
    0.504498639  -40.531359882
    0.513324764  -42.717235437
    0.522150890  -44.296371081
    0.530977016  -45.530610899
    0.539803141  -46.561222076
    0.548629267  -47.460782057
    0.557455393  -48.305892658
    0.566281518  -49.195257341
    0.575107644  -50.205994654
    0.583933770  -51.339786058
    0.592759895  -52.511842473
    0.601586021  -53.598011749
    0.610412147  -54.504989892
    0.619238272  -55.243547809
    0.628064398  -55.935763572
    0.636890524  -56.743040088
    0.645716649  -57.733487611
    0.654542775  -58.795275817
    0.663368901  -59.730154465
    0.672195026  -60.427711248
    0.681021152  -60.939183594
    0.689847277  -61.383875062
    0.698673403  -61.795461109
    0.707499529  -62.075802810
    0.716325654  -62.098991463
    0.725151780  -61.853485270
    0.733977906  -61.483175277
    0.742804031  -61.201838527
    0.751630157  -61.173812253
    0.760456283  -61.475088735
    0.769282408  -62.102190357
    0.778108534  -62.972474307
    0.786934660  -63.980437296
    0.795760785  -65.078379384
    0.804586911  -66.276832629
    0.813413037  -67.591300710
    0.822239162  -68.987701111
    0.831065288  -70.391113155
    0.839891414  -71.729765950
    0.848717539  -72.952906673
    0.857543665  -74.025953030
    0.866369791  -74.901587512
    0.875195916  -75.546258058
    0.884022042  -75.959850231
    0.892848168  -76.151949162
    0.901674293  -76.114444446
    0.910500419  -75.822725281
    0.919326545  -75.277274944
    0.928152670  -74.529880512
    0.936978796  -73.685616910
    0.945804921  -72.868292246
    0.954631047  -72.160149008
    0.963457173  -71.577377985
    0.972283298  -71.083674302
    0.981109424  -70.642866031
    0.989935550  -70.246554320
    0.998761675  -69.908688761
    1.007587801  -69.652097362
    1.016413927  -69.483529380
    1.025240052  -69.391190465
    1.034066178  -69.349116211
    1.042892304  -69.308131619
    1.051718429  -69.198081292
    1.060544555  -68.953075540
    1.069370681  -68.537299374
    1.078196806  -67.929468650
    1.087022932  -67.127086144
    1.095849058  -66.198262926
    1.104675183  -65.280751051
    1.113501309  -64.522272599
    1.122327435  -63.973530549
    1.131153560  -63.571993219
    1.139979686  -63.239764278
    1.148805812  -62.986702815
    1.157631937  -62.905912853
    1.166458063  -63.095783755
    1.175284188  -63.543802938
    1.184110314  -64.108710030
    1.192936440  -64.590334502
    1.201762565  -64.828544638
    1.210588691  -64.792340896
    1.219414817  -64.604072028
    1.228240942  -64.461796762
    1.237067068  -64.524935966
    1.245893194  -64.816364026
    1.254719319  -65.210608942
    1.263545445  -65.530408350
    1.272371571  -65.690110604
    1.281197696  -65.755313378
    1.290023822  -65.859412112
    1.298849948  -66.063820092
    1.307676073  -66.306005685
    1.316502199  -66.451798737
    1.325328325  -66.415185966
    1.334154450  -66.211746627
    1.342980576  -65.917940693
    1.351806702  -65.590381975
    1.360632827  -65.223756115
    1.369458953  -64.781764789
    1.378285079  -64.272416968
    1.387111204  -63.749353838
    1.395937330  -63.265907514
    1.404763455  -62.804613355
    1.413589581  -62.311674155
    1.422415707  -61.756863803
    1.431241832  -61.177839886
    1.440067958  -60.666144875
    1.448894084  -60.302205086
    1.457720209  -60.084699023
    1.466546335  -59.936273751
    1.475372461  -59.769070736
    1.484198586  -59.569755183
    1.493024712  -59.399849471
    1.501850838  -59.328311471
    1.510676963  -59.361933621
    1.519503089  -59.416965787
    1.528329215  -59.353683966
    1.537155340  -59.055528027
    1.545981466  -58.511094871
    1.554807592  -57.829958374
    1.563633717  -57.172269089
    1.572459843  -56.671609764
    1.581285969  -56.363369245
    1.590112094  -56.199333277
    1.598938220  -56.104190669
    1.607764346  -56.052455469
    1.616590471  -56.057921420
    1.625416597  -56.125633810
    1.634242723  -56.226663578
    1.643068848  -56.340450059
    1.651894974  -56.506854953
    1.660721099  -56.786175895
    1.669547225  -57.175958047
    1.678373351  -57.615436022
    1.687199476  -58.059395859
    1.696025602  -58.524435912
    1.704851728  -59.060569729
    1.713677853  -59.692585969
    1.722503979  -60.392820212
    1.731330105  -61.073999419
    1.740156230  -61.616059901
    1.748982356  -61.925821403
    1.757808482  -62.016088177
    1.766634607  -62.013726574
    1.775460733  -62.064784114
    1.784286859  -62.235760574
    1.793112984  -62.522701556
    1.801939110  -62.909418793
    1.810765236  -63.390593909
    1.819591361  -63.962921568
    1.828417487  -64.606734915
    1.837243613  -65.271016277
    1.846069738  -65.879648235
    1.854895864  -66.359345946
    1.863721990  -66.684044885
    1.872548115  -66.868855885
    1.881374241  -66.953246563
    1.890200366  -66.978960860
    1.899026492  -66.986237323
    1.907852618  -67.016341912
    1.916678743  -67.103544387
    1.925504869  -67.269330279
    1.934330995  -67.489709129
    1.943157120  -67.685761978
    1.951983246  -67.757640135
    1.960809372  -67.635213404
    1.969635497  -67.317039531
    1.978461623  -66.881433648
    1.987287749  -66.470740201
    1.996113874  -66.214103542
    2.004940000  -66.141838862
    2.013766126  -66.156001660
    2.022592251  -66.115907715
    2.031418377  -65.945606040
    2.040244503  -65.660484049
    2.049070628  -65.320879525
    2.057896754  -64.983627063
    2.066722880  -64.684338031
    2.075549005  -64.415933173
    2.084375131  -64.150691836
    2.093201257  -63.885838370
    2.102027382  -63.667295492
    2.110853508  -63.562867255
    2.119679634  -63.590359370
    2.128505759  -63.684254871
    2.137331885  -63.741768815
    2.146158010  -63.712215606
    2.154984136  -63.633904051
    2.163810262  -63.577561691
    2.172636387  -63.545138108
    2.181462513  -63.447071281
    2.190288639  -63.180340281
    2.199114764  -62.745180443
    2.207940890  -62.243159658
    2.216767016  -61.788854210
    2.225593141  -61.445795062
    2.234419267  -61.238059068
    2.243245393  -61.167142247
    2.252071518  -61.195709159
    2.260897644  -61.243789439
    2.269723770  -61.232388371
    2.278549895  -61.146746412
    2.287376021  -61.035261944
    2.296202147  -60.953105053
    2.305028272  -60.914302511
    2.313854398  -60.891290994
    2.322680524  -60.874315252
    2.331506649  -60.905808018
    2.340332775  -61.039812599
    2.349158901  -61.280188631
    2.357985026  -61.560323464
    2.366811152  -61.797102349
    2.375637277  -61.952043420
    2.384463403  -62.044074247
    2.393289529  -62.108768533
    2.402115654  -62.160684359
    2.410941780  -62.184596061
    2.419767906  -62.160859498
    2.428594031  -62.093421785
    2.437420157  -62.009459544
    2.446246283  -61.939589977
    2.455072408  -61.892863365
    2.463898534  -61.878224845
    2.472724660  -61.912523824
    2.481550785  -62.003273661
    2.490376911  -62.142283888
    2.499203037  -62.313810515
    2.508029162  -62.495808347
    2.516855288  -62.656801286
    2.525681414  -62.768283206
    2.534507539  -62.809928034
    2.543333665  -62.793927924
    2.552159791  -62.754023316
    2.560985916  -62.720834880
    2.569812042  -62.710068680
    2.578638168  -62.740738930
    2.587464293  -62.821467052
    2.596290419  -62.930442142
    2.605116545  -62.998510223
    2.613942670  -62.945256106
    2.622768796  -62.754906765
    2.631594921  -62.489892697
    2.640421047  -62.247505420
    2.649247173  -62.085473600
    2.658073298  -61.980293823
    2.666899424  -61.863408600
    2.675725550  -61.692021679
    2.684551675  -61.481971293
    2.693377801  -61.296539227
    2.702203927  -61.188350477
    2.711030052  -61.164327703
    2.719856178  -61.188008508
    2.728682304  -61.201657761
    2.737508429  -61.165042000
    2.746334555  -61.058128562
    2.755160681  -60.891673800
    2.763986806  -60.701965331
    2.772812932  -60.530229917
    2.781639058  -60.407712976
    2.790465183  -60.340803716
    2.799291309  -60.314606587
    2.808117435  -60.296583006
    2.816943560  -60.269731639
    2.825769686  -60.245100193
    2.834595812  -60.249453715
    2.843421937  -60.287029506
    2.852248063  -60.335957798
    2.861074188  -60.382584893
    2.869900314  -60.427573512
    2.878726440  -60.471950068
    2.887552565  -60.519908915
    2.896378691  -60.578879765
    2.905204817  -60.641498443
    2.914030942  -60.649852400
    2.922857068  -60.539851543
    2.931683194  -60.298907562
    2.940509319  -59.995942693
    2.949335445  -59.751036057
    2.958161571  -59.635252401
    2.966987696  -59.634388065
    2.975813822  -59.672313573
    2.984639948  -59.658860111
    2.993466073  -59.528334325
    3.002292199  -59.268262110
    3.011118325  -58.941656684
    3.019944450  -58.664078001
    3.028770576  -58.521802883
    3.037596702  -58.535121136
    3.046422827  -58.657044350
    3.055248953  -58.816905902
    3.064075079  -58.946396845
    3.072901204  -58.982657302
    3.081727330  -58.882303411
    3.090553455  -58.654810511
    3.099379581  -58.383544416
    3.108205707  -58.196096898
    3.117031832  -58.197405747
    3.125857958  -58.399449587
    3.134684084  -58.713267026
    3.143510209  -59.004309310
    3.152336335  -59.176482277
    3.161162461  -59.214386698
    3.169988586  -59.156001389
    3.178814712  -59.063186397
    3.187640838  -58.964099828
    3.196466963  -58.844847114
    3.205293089  -58.688422774
    3.214119215  -58.539706681
    3.222945340  -58.456912454
    3.231771466  -58.441174817
    3.240597592  -58.448055596
    3.249423717  -58.454841628
    3.258249843  -58.482718388
    3.267075969  -58.569646113
    3.275902094  -58.733078919
    3.284728220  -58.934047454
    3.293554346  -59.085090762
    3.302380471  -59.108731662
    3.311206597  -59.010305578
    3.320032723  -58.892313941
    3.328858848  -58.901125064
    3.337684974  -59.109543360
    3.346511099  -59.452386342
    3.355337225  -59.755972522
    3.364163351  -59.844486846
    3.372989476  -59.645498120
    3.381815602  -59.239451521
    3.390641728  -58.813197024
    3.399467853  -58.529872330
    3.408293979  -58.446144207
    3.417120105  -58.501419282
    3.425946230  -58.593650071
    3.434772356  -58.635113552
    3.443598482  -58.594590344
    3.452424607  -58.499356515
    3.461250733  -58.406236591
    3.470076859  -58.345453293
    3.478902984  -58.305687332
    3.487729110  -58.237566115
    3.496555236  -58.047222765
    3.505381361  -57.579941041
    3.514207487  -56.617090542
    3.523033613  -54.930642662
    3.531859738  -52.338339782
    3.540685864  -48.771194099
    3.549511990  -44.289420826
    3.558338115  -39.079887727
    3.567164241  -33.425678840
    3.575990366  -27.683161343
    3.584816492  -22.257147237
    3.593642618  -17.598674104
    3.602468743  -14.166131492
    3.611294869  -12.150847269
    3.620120995  -11.183688210
    3.628947120  -10.755153979
    3.637773246  -10.566635358
    3.646599372  -10.484909975
    3.655425497  -10.451242039
    3.664251623  -10.438200979
    3.673077749  -10.433816759
    3.681903874  -10.432596977
    3.690730000  -10.432240308
