#! FIELDS pp.proj projection
#! SET min_pp.proj 0.31915
#! SET max_pp.proj 3.69073
#! SET nbins_pp.proj  383
#! SET periodic_pp.proj false
    0.319150000  -10.432240308
    0.327976126  -10.432240308
    0.336802251  -10.432240308
    0.345628377  -10.432240308
    0.354454503  -10.432240308
    0.363280628  -10.432240308
    0.372106754  -10.432240308
    0.380932880  -10.432240308
    0.389759005  -10.432240308
    0.398585131  -10.432240308
    0.407411257  -10.432240308
    0.416237382  -10.432240308
    0.425063508  -10.432240308
    0.433889634  -10.432240308
    0.442715759  -10.432240308
    0.451541885  -10.432240308
    0.460368010  -10.432240308
    0.469194136  -10.432240308
    0.478020262  -10.432240308
    0.486846387  -10.432240308
    0.495672513  -10.432240308
    0.504498639  -10.432240308
    0.513324764  -10.432240308
    0.522150890  -10.432240308
    0.530977016  -10.432240308
    0.539803141  -10.432240308
    0.548629267  -10.432240308
    0.557455393  -10.432240308
    0.566281518  -10.432240308
    0.575107644  -10.432240308
    0.583933770  -10.432240308
    0.592759895  -10.432240308
    0.601586021  -10.432240308
    0.610412147  -10.432240308
    0.619238272  -10.432240308
    0.628064398  -10.432240308
    0.636890524  -10.432240308
    0.645716649  -10.432240308
    0.654542775  -10.432240308
    0.663368901  -10.432240308
    0.672195026  -10.432240308
    0.681021152  -10.432240308
    0.689847277  -10.432240308
    0.698673403  -10.432240308
    0.707499529  -10.432240308
    0.716325654  -10.432240308
    0.725151780  -10.432240308
    0.733977906  -10.432240308
    0.742804031  -10.432240308
    0.751630157  -10.432240308
    0.760456283  -10.432240308
    0.769282408  -10.432240308
    0.778108534  -10.432240308
    0.786934660  -10.432240308
    0.795760785  -10.432274840
    0.804586911  -10.432427018
    0.813413037  -10.432983041
    0.822239162  -10.434728863
    0.831065288  -10.439520636
    0.839891414  -10.451422780
    0.848717539  -10.477739932
    0.857543665  -10.530061152
    0.866369791  -10.625245197
    0.875195916  -10.784216026
    0.884022042  -11.028641683
    0.892848168  -11.374511673
    0.901674293  -11.831574515
    0.910500419  -12.412952861
    0.919326545  -13.141724911
    0.928152670  -14.031639813
    0.936978796  -15.057448984
    0.945804921  -16.153381981
    0.954631047  -17.237680150
    0.963457173  -18.221733558
    0.972283298  -19.008387768
    0.981109424  -19.514398098
    0.989935550  -19.723341935
    0.998761675  -19.720296664
    1.007587801  -19.660628231
    1.016413927  -19.682825876
    1.025240052  -19.827288999
    1.034066178  -20.016696989
    1.042892304  -20.114828994
    1.051718429  -20.029746846
    1.060544555  -19.793741524
    1.069370681  -19.575918276
    1.078196806  -19.596585244
    1.087022932  -19.988194670
    1.095849058  -20.745165427
    1.104675183  -21.780352948
    1.113501309  -22.991598416
    1.122327435  -24.257560740
    1.131153560  -25.429028121
    1.139979686  -26.360993070
    1.148805812  -26.976425449
    1.157631937  -27.316347095
    1.166458063  -27.519147802
    1.175284188  -27.703275175
    1.184110314  -27.871846737
    1.192936440  -27.921833072
    1.201762565  -27.717521777
    1.210588691  -27.181885845
    1.219414817  -26.378950707
    1.228240942  -25.477917810
    1.237067068  -24.632990005
    1.245893194  -23.860221439
    1.254719319  -23.038353828
    1.263545445  -22.002643613
    1.272371571  -20.681134190
    1.281197696  -19.167501875
    1.290023822  -17.690632204
    1.298849948  -16.515568781
    1.307676073  -15.860110899
    1.316502199  -15.861019136
    1.325328325  -16.578777994
    1.334154450  -17.903777948
    1.342980576  -19.543129047
    1.351806702  -21.198246786
    1.360632827  -22.700577408
    1.369458953  -23.998261216
    1.378285079  -25.090922425
    1.387111204  -25.961961106
    1.395937330  -26.582698552
    1.404763455  -26.948244209
    1.413589581  -27.079465505
    1.422415707  -26.981866068
    1.431241832  -26.650970034
    1.440067958  -26.129038299
    1.448894084  -25.540834444
    1.457720209  -25.021597037
    1.466546335  -24.627649891
    1.475372461  -24.311791129
    1.484198586  -23.979974903
    1.493024712  -23.585262065
    1.501850838  -23.189788746
    1.510676963  -22.923118928
    1.519503089  -22.871523644
    1.528329215  -22.961924218
    1.537155340  -22.984991827
    1.545981466  -22.753863773
    1.554807592  -22.225754022
    1.563633717  -21.484338880
    1.572459843  -20.672894438
    1.581285969  -19.920121797
    1.590112094  -19.297660429
    1.598938220  -18.811959413
    1.607764346  -18.435303996
    1.616590471  -18.139833527
    1.625416597  -17.922444980
    1.634242723  -17.794968836
    1.643068848  -17.748084897
    1.651894974  -17.747705137
    1.660721099  -17.761156144
    1.669547225  -17.771517435
    1.678373351  -17.770113799
    1.687199476  -17.758631097
    1.696025602  -17.762887886
    1.704851728  -17.833263107
    1.713677853  -18.029442847
    1.722503979  -18.358613376
    1.731330105  -18.723430526
    1.740156230  -18.942489451
    1.748982356  -18.849953102
    1.757808482  -18.413814860
    1.766634607  -17.793368641
    1.775460733  -17.271774468
    1.784286859  -17.046137804
    1.793112984  -17.056485408
    1.801939110  -17.108637707
    1.810765236  -17.114234297
    1.819591361  -17.119196847
    1.828417487  -17.134697123
    1.837243613  -17.081451179
    1.846069738  -16.914039066
    1.854895864  -16.700236410
    1.863721990  -16.579786172
    1.872548115  -16.684189223
    1.881374241  -17.071377270
    1.890200366  -17.674987639
    1.899026492  -18.321503265
    1.907852618  -18.831407096
    1.916678743  -19.117898452
    1.925504869  -19.217407387
    1.934330995  -19.234038702
    1.943157120  -19.285683101
    1.951983246  -19.459376854
    1.960809372  -19.780474999
    1.969635497  -20.220575114
    1.978461623  -20.741562291
    1.987287749  -21.311964520
    1.996113874  -21.876267910
    2.004940000  -22.345155599
    2.013766126  -22.639575374
    2.022592251  -22.768429051
    2.031418377  -22.832277834
    2.040244503  -22.956547467
    2.049070628  -23.214657466
    2.057896754  -23.597422957
    2.066722880  -24.027531983
    2.075549005  -24.396648603
    2.084375131  -24.609563890
    2.093201257  -24.632021715
    2.102027382  -24.523414862
    2.110853508  -24.403140170
    2.119679634  -24.342454273
    2.128505759  -24.285169035
    2.137331885  -24.123845664
    2.146158010  -23.809127516
    2.154984136  -23.384365641
    2.163810262  -22.924222625
    2.172636387  -22.474777387
    2.181462513  -22.057063716
    2.190288639  -21.671673562
    2.199114764  -21.310564246
    2.207940890  -20.981920796
    2.216767016  -20.747196497
    2.225593141  -20.675715095
    2.234419267  -20.765529949
    2.243245393  -20.907351219
    2.252071518  -20.926003702
    2.260897644  -20.705361470
    2.269723770  -20.274471803
    2.278549895  -19.791910999
    2.287376021  -19.441094950
    2.296202147  -19.322975940
    2.305028272  -19.402482625
    2.313854398  -19.537165475
    2.322680524  -19.604121924
    2.331506649  -19.588903820
    2.340332775  -19.549862759
    2.349158901  -19.523969194
    2.357985026  -19.477946051
    2.366811152  -19.342891080
    2.375637277  -19.060363042
    2.384463403  -18.606344579
    2.393289529  -18.000471958
    2.402115654  -17.316229828
    2.410941780  -16.679006268
    2.419767906  -16.233473343
    2.428594031  -16.091158373
    2.437420157  -16.254178579
    2.446246283  -16.585756431
    2.455072408  -16.888855445
    2.463898534  -17.048931945
    2.472724660  -17.084269260
    2.481550785  -17.078444900
    2.490376911  -17.075237604
    2.499203037  -17.035270602
    2.508029162  -16.874562419
    2.516855288  -16.552099454
    2.525681414  -16.107962779
    2.534507539  -15.628686647
    2.543333665  -15.185617847
    2.552159791  -14.810845947
    2.560985916  -14.512843974
    2.569812042  -14.295599024
    2.578638168  -14.171128900
    2.587464293  -14.143518428
    2.596290419  -14.185358348
    2.605116545  -14.230086016
    2.613942670  -14.207432800
    2.622768796  -14.089880709
    2.631594921  -13.911845566
    2.640421047  -13.736315020
    2.649247173  -13.605059083
    2.658073298  -13.518420628
    2.666899424  -13.452329603
    2.675725550  -13.391588602
    2.684551675  -13.343196347
    2.693377801  -13.326787082
    2.702203927  -13.354945960
    2.711030052  -13.413657221
    2.719856178  -13.451929681
    2.728682304  -13.405665812
    2.737508429  -13.244889651
    2.746334555  -13.005403361
    2.755160681  -12.772251746
    2.763986806  -12.630776148
    2.772812932  -12.625565485
    2.781639058  -12.749779782
    2.790465183  -12.962683905
    2.799291309  -13.210851120
    2.808117435  -13.441872074
    2.816943560  -13.612454256
    2.825769686  -13.690584337
    2.834595812  -13.648098636
    2.843421937  -13.451875720
    2.852248063  -13.096644694
    2.861074188  -12.656630523
    2.869900314  -12.257575322
    2.878726440  -11.988685555
    2.887552565  -11.864927565
    2.896378691  -11.850922784
    2.905204817  -11.883633127
    2.914030942  -11.887429047
    2.922857068  -11.812063619
    2.931683194  -11.670553084
    2.940509319  -11.527921315
    2.949335445  -11.446580886
    2.958161571  -11.441192560
    2.966987696  -11.475823590
    2.975813822  -11.485473239
    2.984639948  -11.418051135
    2.993466073  -11.267566816
    3.002292199  -11.074218313
    3.011118325  -10.892391662
    3.019944450  -10.760024213
    3.028770576  -10.690997871
    3.037596702  -10.681098491
    3.046422827  -10.714981374
    3.055248953  -10.767694908
    3.064075079  -10.809683946
    3.072901204  -10.816840826
    3.081727330  -10.781018165
    3.090553455  -10.712309461
    3.099379581  -10.631452995
    3.108205707  -10.558458648
    3.117031832  -10.503774234
    3.125857958  -10.468593991
    3.134684084  -10.448796523
    3.143510209  -10.438980043
    3.152336335  -10.434685316
    3.161162461  -10.432948167
    3.169988586  -10.432446860
    3.178814712  -10.432240308
    3.187640838  -10.432240308
    3.196466963  -10.432240308
    3.205293089  -10.432240308
    3.214119215  -10.432240308
    3.222945340  -10.432240308
    3.231771466  -10.432240308
    3.240597592  -10.432240308
    3.249423717  -10.432240308
    3.258249843  -10.432240308
    3.267075969  -10.432240308
    3.275902094  -10.432240308
    3.284728220  -10.432240308
    3.293554346  -10.432240308
    3.302380471  -10.432240308
    3.311206597  -10.432240308
    3.320032723  -10.432240308
    3.328858848  -10.432240308
    3.337684974  -10.432240308
    3.346511099  -10.432240308
    3.355337225  -10.432240308
    3.364163351  -10.432240308
    3.372989476  -10.432240308
    3.381815602  -10.432240308
    3.390641728  -10.432240308
    3.399467853  -10.432240308
    3.408293979  -10.432240308
    3.417120105  -10.432240308
    3.425946230  -10.432240308
    3.434772356  -10.432240308
    3.443598482  -10.432240308
    3.452424607  -10.432240308
    3.461250733  -10.432240308
    3.470076859  -10.432240308
    3.478902984  -10.432240308
    3.487729110  -10.432240308
    3.496555236  -10.432240308
    3.505381361  -10.432240308
    3.514207487  -10.432240308
    3.523033613  -10.432240308
    3.531859738  -10.432240308
    3.540685864  -10.432240308
    3.549511990  -10.432240308
    3.558338115  -10.432240308
    3.567164241  -10.432240308
    3.575990366  -10.432240308
    3.584816492  -10.432240308
    3.593642618  -10.432240308
    3.602468743  -10.432240308
    3.611294869  -10.432240308
    3.620120995  -10.432240308
    3.628947120  -10.432240308
    3.637773246  -10.432240308
    3.646599372  -10.432240308
    3.655425497  -10.432240308
    3.664251623  -10.432240308
    3.673077749  -10.432240308
    3.681903874  -10.432240308
    3.690730000  -10.432240308
