#! FIELDS pp.proj projection
#! SET min_pp.proj 0.31915
#! SET max_pp.proj 3.69073
#! SET nbins_pp.proj  383
#! SET periodic_pp.proj false
    0.319150000  -10.432240308
    0.327976126  -10.432240308
    0.336802251  -10.432240308
    0.345628377  -10.432240308
    0.354454503  -10.432275320
    0.363280628  -10.432377300
    0.372106754  -10.432782589
    0.380932880  -10.434317674
    0.389759005  -10.439033358
    0.398585131  -10.452010380
    0.407411257  -10.485030704
    0.416237382  -10.564727720
    0.425063508  -10.750029534
    0.433889634  -11.177370595
    0.442715759  -12.162501097
    0.451541885  -14.284384533
    0.460368010  -17.992338150
    0.469194136  -22.970674824
    0.478020262  -28.415474941
    0.486846387  -33.523476734
    0.495672513  -37.743750011
    0.504498639  -40.908346223
    0.513324764  -43.185631862
    0.522150890  -44.883949023
    0.530977016  -46.270840185
    0.539803141  -47.507272599
    0.548629267  -48.701650959
    0.557455393  -49.969701030
    0.566281518  -51.423627770
    0.575107644  -53.123288419
    0.583933770  -55.081213991
    0.592759895  -57.294122392
    0.601586021  -59.742588579
    0.610412147  -62.375788491
    0.619238272  -65.110637600
    0.628064398  -67.870992253
    0.636890524  -70.581204875
    0.645716649  -73.147142281
    0.654542775  -75.460614380
    0.663368901  -77.425517488
    0.672195026  -79.008552415
    0.681021152  -80.260176998
    0.689847277  -81.307917564
    0.698673403  -82.306205941
    0.707499529  -83.360545388
    0.716325654  -84.481235360
    0.725151780  -85.630328265
    0.733977906  -86.792436899
    0.742804031  -88.006990233
    0.751630157  -89.353173831
    0.760456283  -90.922672041
    0.769282408  -92.765528283
    0.778108534  -94.801110089
    0.786934660  -96.808285119
    0.795760785  -98.551820633
    0.804586911  -99.905023143
    0.813413037 -100.851610570
    0.822239162 -101.412799579
    0.831065288 -101.578807008
    0.839891414 -101.351097407
    0.848717539 -100.789592382
    0.857543665 -100.032367576
    0.866369791  -99.246657481
    0.875195916  -98.516397644
    0.884022042  -97.803338675
    0.892848168  -96.965256705
    0.901674293  -95.860912313
    0.910500419  -94.438799742
    0.919326545  -92.787365025
    0.928152670  -91.088297090
    0.936978796  -89.518824392
    0.945804921  -88.155441651
    0.954631047  -86.973631809
    0.963457173  -85.937252883
    0.972283298  -85.074563459
    0.981109424  -84.431495906
    0.989935550  -83.988696390
    0.998761675  -83.675527327
    1.007587801  -83.422221429
    1.016413927  -83.174223076
    1.025240052  -82.897015006
    1.034066178  -82.565579965
    1.042892304  -82.142768607
    1.051718429  -81.604105607
    1.060544555  -80.972630211
    1.069370681  -80.323463222
    1.078196806  -79.740190578
    1.087022932  -79.274811290
    1.095849058  -78.951851752
    1.104675183  -78.776823837
    1.113501309  -78.742950132
    1.122327435  -78.796228758
    1.131153560  -78.846755117
    1.139979686  -78.840185042
    1.148805812  -78.826800852
    1.157631937  -78.925750857
    1.166458063  -79.236781422
    1.175284188  -79.766303523
    1.184110314  -80.433075754
    1.192936440  -81.076430996
    1.201762565  -81.510170536
    1.210588691  -81.623942751
    1.219414817  -81.469740601
    1.228240942  -81.227425724
    1.237067068  -81.086720366
    1.245893194  -81.111417148
    1.254719319  -81.218839403
    1.263545445  -81.257182226
    1.272371571  -81.132286211
    1.281197696  -80.869692243
    1.290023822  -80.565137130
    1.298849948  -80.286003034
    1.307676073  -80.029698808
    1.316502199  -79.739866016
    1.325328325  -79.373516585
    1.334154450  -78.939000988
    1.342980576  -78.487686019
    1.351806702  -78.074616353
    1.360632827  -77.728631433
    1.369458953  -77.449428744
    1.378285079  -77.223042216
    1.387111204  -77.004960417
    1.395937330  -76.735601355
    1.404763455  -76.379297935
    1.413589581  -75.957345219
    1.422415707  -75.536329921
    1.431241832  -75.181408503
    1.440067958  -74.937111939
    1.448894084  -74.830334027
    1.457720209  -74.860119323
    1.466546335  -75.001618939
    1.475372461  -75.207100128
    1.484198586  -75.425652666
    1.493024712  -75.632781149
    1.501850838  -75.837092713
    1.510676963  -76.050303210
    1.519503089  -76.260274827
    1.528329215  -76.443834450
    1.537155340  -76.590679904
    1.545981466  -76.713781330
    1.554807592  -76.833647331
    1.563633717  -76.951444341
    1.572459843  -77.070127062
    1.581285969  -77.191912707
    1.590112094  -77.284807119
    1.598938220  -77.277614246
    1.607764346  -77.120244311
    1.616590471  -76.812303281
    1.625416597  -76.408912270
    1.634242723  -75.990635532
    1.643068848  -75.631646377
    1.651894974  -75.376056862
    1.660721099  -75.238360521
    1.669547225  -75.210264284
    1.678373351  -75.260957349
    1.687199476  -75.351495024
    1.696025602  -75.471873022
    1.704851728  -75.658116275
    1.713677853  -75.957012322
    1.722503979  -76.377892359
    1.731330105  -76.856830221
    1.740156230  -77.275117000
    1.748982356  -77.519631031
    1.757808482  -77.559400872
    1.766634607  -77.479735784
    1.775460733  -77.412625257
    1.784286859  -77.415824693
    1.793112984  -77.444599060
    1.801939110  -77.428872204
    1.810765236  -77.343794856
    1.819591361  -77.222180063
    1.828417487  -77.128000755
    1.837243613  -77.099058364
    1.846069738  -77.134172136
    1.854895864  -77.210634673
    1.863721990  -77.317150344
    1.872548115  -77.448987096
    1.881374241  -77.600398614
    1.890200366  -77.757101968
    1.899026492  -77.905408191
    1.907852618  -78.047617763
    1.916678743  -78.198006146
    1.925504869  -78.369172108
    1.934330995  -78.544981585
    1.943157120  -78.685991019
    1.951983246  -78.753147270
    1.960809372  -78.720406277
    1.969635497  -78.592196085
    1.978461623  -78.415187398
    1.987287749  -78.271866483
    1.996113874  -78.223886105
    2.004940000  -78.266408224
    2.013766126  -78.321276434
    2.022592251  -78.302959571
    2.031418377  -78.189670898
    2.040244503  -78.035371286
    2.049070628  -77.914906958
    2.057896754  -77.870007641
    2.066722880  -77.904630220
    2.075549005  -77.980560640
    2.084375131  -78.036811027
    2.093201257  -78.018930866
    2.102027382  -77.916777018
    2.110853508  -77.774094737
    2.119679634  -77.638079936
    2.128505759  -77.513458944
    2.137331885  -77.368853795
    2.146158010  -77.186776097
    2.154984136  -77.003618912
    2.163810262  -76.895995458
    2.172636387  -76.911105161
    2.181462513  -77.022358041
    2.190288639  -77.143026465
    2.199114764  -77.206653717
    2.207940890  -77.191514965
    2.216767016  -77.107890751
    2.225593141  -76.986435975
    2.234419267  -76.883978719
    2.243245393  -76.858989474
    2.252071518  -76.924207054
    2.260897644  -77.025587236
    2.269723770  -77.073477645
    2.278549895  -77.017124351
    2.287376021  -76.877242216
    2.296202147  -76.713444432
    2.305028272  -76.571046183
    2.313854398  -76.455508260
    2.322680524  -76.362395867
    2.331506649  -76.299771897
    2.340332775  -76.279567523
    2.349158901  -76.293337290
    2.357985026  -76.303122886
    2.366811152  -76.277910582
    2.375637277  -76.226174757
    2.384463403  -76.184202223
    2.393289529  -76.177902597
    2.402115654  -76.207225491
    2.410941780  -76.247927952
    2.419767906  -76.274828472
    2.428594031  -76.280223856
    2.437420157  -76.268461923
    2.446246283  -76.243414531
    2.455072408  -76.197938459
    2.463898534  -76.128891990
    2.472724660  -76.036698128
    2.481550785  -75.925636420
    2.490376911  -75.813534782
    2.499203037  -75.728024144
    2.508029162  -75.676935596
    2.516855288  -75.634845249
    2.525681414  -75.572171979
    2.534507539  -75.477672490
    2.543333665  -75.367508326
    2.552159791  -75.258921513
    2.560985916  -75.165837128
    2.569812042  -75.109763828
    2.578638168  -75.122097535
    2.587464293  -75.215400474
    2.596290419  -75.366957635
    2.605116545  -75.517619779
    2.613942670  -75.596973942
    2.622768796  -75.575753280
    2.631594921  -75.487481013
    2.640421047  -75.400708414
    2.649247173  -75.366348036
    2.658073298  -75.377374510
    2.666899424  -75.379283554
    2.675725550  -75.324381894
    2.684551675  -75.211186238
    2.693377801  -75.083652568
    2.702203927  -74.981452468
    2.711030052  -74.914229331
    2.719856178  -74.876361065
    2.728682304  -74.862543210
    2.737508429  -74.884205821
    2.746334555  -74.937929800
    2.755160681  -75.001366091
    2.763986806  -75.039159792
    2.772812932  -75.017326399
    2.781639058  -74.926354659
    2.790465183  -74.786895695
    2.799291309  -74.642670454
    2.808117435  -74.533118726
    2.816943560  -74.487172446
    2.825769686  -74.514648833
    2.834595812  -74.607590420
    2.843421937  -74.735092737
    2.852248063  -74.847876210
    2.861074188  -74.913322055
    2.869900314  -74.928626494
    2.878726440  -74.910877329
    2.887552565  -74.883610161
    2.896378691  -74.856960746
    2.905204817  -74.823323454
    2.914030942  -74.745436509
    2.922857068  -74.587388005
    2.931683194  -74.351290390
    2.940509319  -74.101297594
    2.949335445  -73.942577120
    2.958161571  -73.943246598
    2.966987696  -74.099162294
    2.975813822  -74.344302732
    2.984639948  -74.588223619
    2.993466073  -74.758844506
    3.002292199  -74.825107037
    3.011118325  -74.798567851
    3.019944450  -74.711126603
    3.028770576  -74.572506383
    3.037596702  -74.374649899
    3.046422827  -74.118054290
    3.055248953  -73.845504422
    3.064075079  -73.627579566
    3.072901204  -73.506340706
    3.081727330  -73.461399534
    3.090553455  -73.438405147
    3.099379581  -73.406894016
    3.108205707  -73.386705449
    3.117031832  -73.414624315
    3.125857958  -73.488014895
    3.134684084  -73.551272656
    3.143510209  -73.528609575
    3.152336335  -73.377256636
    3.161162461  -73.118825856
    3.169988586  -72.817364151
    3.178814712  -72.544778736
    3.187640838  -72.336184570
    3.196466963  -72.189359604
    3.205293089  -72.082856417
    3.214119215  -72.005977290
    3.222945340  -71.952434228
    3.231771466  -71.910846055
    3.240597592  -71.860592849
    3.249423717  -71.778777979
    3.258249843  -71.654521251
    3.267075969  -71.504373132
    3.275902094  -71.368896035
    3.284728220  -71.286948495
    3.293554346  -71.269878869
    3.302380471  -71.307730453
    3.311206597  -71.389412334
    3.320032723  -71.519746813
    3.328858848  -71.716647486
    3.337684974  -71.968966494
    3.346511099  -72.215045341
    3.355337225  -72.356679699
    3.364163351  -72.319900098
    3.372989476  -72.103750624
    3.381815602  -71.796505021
    3.390641728  -71.534321136
    3.399467853  -71.421385396
    3.408293979  -71.491359420
    3.417120105  -71.695355870
    3.425946230  -71.941774386
    3.434772356  -72.144078946
    3.443598482  -72.262057074
    3.452424607  -72.299958508
    3.461250733  -72.294187111
    3.470076859  -72.291667540
    3.478902984  -72.334460882
    3.487729110  -72.417107889
    3.496555236  -72.450460942
    3.505381361  -72.252961615
    3.514207487  -71.571570707
    3.523033613  -70.167674839
    3.531859738  -67.876180480
    3.540685864  -64.621534695
    3.549511990  -60.363058490
    3.558338115  -55.076046077
    3.567164241  -48.786769023
    3.575990366  -41.663591965
    3.584816492  -34.101946489
    3.593642618  -26.736231495
    3.602468743  -20.299544708
    3.611294869  -15.477747720
    3.620120995  -12.637416246
    3.628947120  -11.335455359
    3.637773246  -10.797833237
    3.646599372  -10.575997275
    3.655425497  -10.485297112
    3.664251623  -10.449921875
    3.673077749  -10.437255276
    3.681903874  -10.433351277
    3.690730000  -10.432360630
