#! FIELDS pp.proj projection
#! SET min_pp.proj 0.31915
#! SET max_pp.proj 3.69073
#! SET nbins_pp.proj  383
#! SET periodic_pp.proj false
    0.319150000  -10.432240308
    0.327976126  -10.432240308
    0.336802251  -10.432240308
    0.345628377  -10.432240308
    0.354454503  -10.432275320
    0.363280628  -10.432377300
    0.372106754  -10.432782589
    0.380932880  -10.434317674
    0.389759005  -10.439033358
    0.398585131  -10.452010380
    0.407411257  -10.485030704
    0.416237382  -10.564727720
    0.425063508  -10.750029534
    0.433889634  -11.177370595
    0.442715759  -12.162501097
    0.451541885  -14.284384533
    0.460368010  -17.992338150
    0.469194136  -22.970674824
    0.478020262  -28.415474941
    0.486846387  -33.523476734
    0.495672513  -37.743750011
    0.504498639  -40.908346223
    0.513324764  -43.185631862
    0.522150890  -44.883949023
    0.530977016  -46.270840185
    0.539803141  -47.507272599
    0.548629267  -48.701650959
    0.557455393  -49.969701030
    0.566281518  -51.423627770
    0.575107644  -53.123288419
    0.583933770  -55.081213991
    0.592759895  -57.294122392
    0.601586021  -59.742588579
    0.610412147  -62.375788491
    0.619238272  -65.110637600
    0.628064398  -67.870992253
    0.636890524  -70.581204875
    0.645716649  -73.147142281
    0.654542775  -75.460614380
    0.663368901  -77.425517488
    0.672195026  -79.008552415
    0.681021152  -80.260176998
    0.689847277  -81.307917564
    0.698673403  -82.306205941
    0.707499529  -83.360545388
    0.716325654  -84.481235360
    0.725151780  -85.630328265
    0.733977906  -86.792436899
    0.742804031  -88.006990233
    0.751630157  -89.353173831
    0.760456283  -90.922672041
    0.769282408  -92.765528283
    0.778108534  -94.801110089
    0.786934660  -96.808285119
    0.795760785  -98.551820633
    0.804586911  -99.905023143
    0.813413037 -100.851610570
    0.822239162 -101.412799579
    0.831065288 -101.578807008
    0.839891414 -101.351097407
    0.848717539 -100.789592382
    0.857543665 -100.032367576
    0.866369791  -99.246657481
    0.875195916  -98.516397644
    0.884022042  -97.803338675
    0.892848168  -96.965256705
    0.901674293  -95.860912313
    0.910500419  -94.438799742
    0.919326545  -92.787365025
    0.928152670  -91.088297090
    0.936978796  -89.518824392
    0.945804921  -88.155441651
    0.954631047  -86.973631809
    0.963457173  -85.937252883
    0.972283298  -85.074563459
    0.981109424  -84.431495906
    0.989935550  -83.988696390
    0.998761675  -83.675527327
    1.007587801  -83.422221429
    1.016413927  -83.174223076
    1.025240052  -82.897015006
    1.034066178  -82.565579965
    1.042892304  -82.142768607
    1.051718429  -81.604105607
    1.060544555  -80.972630211
    1.069370681  -80.323463222
    1.078196806  -79.740190578
    1.087022932  -79.274811290
    1.095849058  -78.951851752
    1.104675183  -78.776823837
    1.113501309  -78.742950132
    1.122327435  -78.796228758
    1.131153560  -78.846755117
    1.139979686  -78.840185042
    1.148805812  -78.826800852
    1.157631937  -78.925750857
    1.166458063  -79.236781422
    1.175284188  -79.766303523
    1.184110314  -80.433075754
    1.192936440  -81.076430996
    1.201762565  -81.510170536
    1.210588691  -81.623942751
    1.219414817  -81.469740601
    1.228240942  -81.227425724
    1.237067068  -81.086720366
    1.245893194  -81.111417148
    1.254719319  -81.218839403
    1.263545445  -81.257182226
    1.272371571  -81.132286211
    1.281197696  -80.869692243
    1.290023822  -80.565137130
    1.298849948  -80.286003034
    1.307676073  -80.029698808
    1.316502199  -79.739866016
    1.325328325  -79.373516585
    1.334154450  -78.939000988
    1.342980576  -78.487686019
    1.351806702  -78.074616353
    1.360632827  -77.728631433
    1.369458953  -77.449428744
    1.378285079  -77.223042216
    1.387111204  -77.004960417
    1.395937330  -76.735601355
    1.404763455  -76.379297935
    1.413589581  -75.957345219
    1.422415707  -75.536329921
    1.431241832  -75.181408503
    1.440067958  -74.937111939
    1.448894084  -74.830334027
    1.457720209  -74.860119323
    1.466546335  -75.001618939
    1.475372461  -75.207100128
    1.484198586  -75.425652666
    1.493024712  -75.632781149
    1.501850838  -75.837092713
    1.510676963  -76.050303210
    1.519503089  -76.260274827
    1.528329215  -76.443834450
    1.537155340  -76.590679904
    1.545981466  -76.713781330
    1.554807592  -76.833647331
    1.563633717  -76.951444341
    1.572459843  -77.070127062
    1.581285969  -77.191912707
    1.590112094  -77.284807119
    1.598938220  -77.277614246
    1.607764346  -77.120244311
    1.616590471  -76.812297205
    1.625416597  -76.408886043
    1.634242723  -75.990520856
    1.643068848  -75.631228840
    1.651894974  -75.374738125
    1.660721099  -75.234894961
    1.669547225  -75.202419620
    1.678373351  -75.245330944
    1.687199476  -75.323937681
    1.696025602  -75.428792183
    1.704851728  -75.598143364
    1.713677853  -75.880741877
    1.722503979  -76.285943166
    1.731330105  -76.747826151
    1.740156230  -77.144209228
    1.748982356  -77.356317937
    1.757808482  -77.344107650
    1.766634607  -77.181910890
    1.775460733  -76.995223373
    1.784286859  -76.846156827
    1.793112984  -76.701736773
    1.801939110  -76.500048999
    1.810765236  -76.216285258
    1.819591361  -75.884978411
    1.828417487  -75.581700078
    1.837243613  -75.363967699
    1.846069738  -75.247570424
    1.854895864  -75.217980045
    1.863721990  -75.260535204
    1.872548115  -75.355826094
    1.881374241  -75.475630291
    1.890200366  -75.581058163
    1.899026492  -75.641529923
    1.907852618  -75.660567913
    1.916678743  -75.672078851
    1.925504869  -75.719992575
    1.934330995  -75.814519070
    1.943157120  -75.929148864
    1.951983246  -76.023812381
    1.960809372  -76.055066045
    1.969635497  -76.001846534
    1.978461623  -75.891229470
    1.987287749  -75.801664100
    1.996113874  -75.803126045
    2.004940000  -75.901135038
    2.013766126  -76.019029125
    2.022592251  -76.062700719
    2.031418377  -76.001187342
    2.040244503  -75.881893878
    2.049070628  -75.777430152
    2.057896754  -75.735331156
    2.066722880  -75.766805364
    2.075549005  -75.839947968
    2.084375131  -75.898759869
    2.093201257  -75.896270670
    2.102027382  -75.830686455
    2.110853508  -75.749942655
    2.119679634  -75.698433926
    2.128505759  -75.668848578
    2.137331885  -75.613018396
    2.146158010  -75.498881566
    2.154984136  -75.353332986
    2.163810262  -75.247034700
    2.172636387  -75.221290818
    2.181462513  -75.242430328
    2.190288639  -75.222543754
    2.199114764  -75.106517037
    2.207940890  -74.897192857
    2.216767016  -74.634363220
    2.225593141  -74.372537079
    2.234419267  -74.179331677
    2.243245393  -74.112738642
    2.252071518  -74.179628798
    2.260897644  -74.316398512
    2.269723770  -74.421265208
    2.278549895  -74.434192743
    2.287376021  -74.374852647
    2.296202147  -74.306060767
    2.305028272  -74.266520968
    2.313854398  -74.240907479
    2.322680524  -74.202328198
    2.331506649  -74.155174654
    2.340332775  -74.127940606
    2.349158901  -74.130703192
    2.357985026  -74.134070238
    2.366811152  -74.107614514
    2.375637277  -74.059341292
    2.384463403  -74.023744211
    2.393289529  -74.020924523
    2.402115654  -74.047403515
    2.410941780  -74.080247988
    2.419767906  -74.099759563
    2.428594031  -74.107047791
    2.437420157  -74.115195129
    2.446246283  -74.125481453
    2.455072408  -74.118805452
    2.463898534  -74.088939091
    2.472724660  -74.043842720
    2.481550785  -73.992070810
    2.490376911  -73.946365228
    2.499203037  -73.922351263
    2.508029162  -73.913495922
    2.516855288  -73.892317170
    2.525681414  -73.840614868
    2.534507539  -73.758158305
    2.543333665  -73.659101734
    2.552159791  -73.550714433
    2.560985916  -73.440037997
    2.569812042  -73.349161511
    2.578638168  -73.315426839
    2.587464293  -73.359902717
    2.596290419  -73.467509115
    2.605116545  -73.583221980
    2.613942670  -73.636127558
    2.622768796  -73.593467288
    2.631594921  -73.487035775
    2.640421047  -73.383949338
    2.649247173  -73.334378710
    2.658073298  -73.333663791
    2.666899424  -73.329337723
    2.675725550  -73.266571223
    2.684551675  -73.132371504
    2.693377801  -72.964578144
    2.702203927  -72.803935348
    2.711030052  -72.662869596
    2.719856178  -72.534842331
    2.728682304  -72.412122121
    2.737508429  -72.307007553
    2.746334555  -72.223226238
    2.755160681  -72.152494931
    2.763986806  -72.077925610
    2.772812932  -71.982276751
    2.781639058  -71.859771259
    2.790465183  -71.716873727
    2.799291309  -71.574739738
    2.808117435  -71.453422175
    2.816943560  -71.371545827
    2.825769686  -71.334648325
    2.834595812  -71.334956082
    2.843421937  -71.344151769
    2.852248063  -71.321521335
    2.861074188  -71.250737287
    2.869900314  -71.145386522
    2.878726440  -71.028268980
    2.887552565  -70.918981359
    2.896378691  -70.825044122
    2.905204817  -70.742704383
    2.914030942  -70.638511533
    2.922857068  -70.474984425
    2.931683194  -70.245591124
    2.940509319  -69.996393650
    2.949335445  -69.809481582
    2.958161571  -69.735705876
    2.966987696  -69.769610090
    2.975813822  -69.862621730
    2.984639948  -69.951184339
    2.993466073  -69.985900096
    3.002292199  -69.952265114
    3.011118325  -69.875945593
    3.019944450  -69.796483620
    3.028770576  -69.720253678
    3.037596702  -69.630024911
    3.046422827  -69.515612997
    3.055248953  -69.408979375
    3.064075079  -69.364728571
    3.072901204  -69.401691758
    3.081727330  -69.472938687
    3.090553455  -69.506442866
    3.099379581  -69.472380923
    3.108205707  -69.408568653
    3.117031832  -69.381261127
    3.125857958  -69.422101703
    3.134684084  -69.508600240
    3.143510209  -69.582511773
    3.152336335  -69.593144237
    3.161162461  -69.532442576
    3.169988586  -69.427583469
    3.178814712  -69.322483231
    3.187640838  -69.238882996
    3.196466963  -69.176397832
    3.205293089  -69.130508568
    3.214119215  -69.116986671
    3.222945340  -69.144332040
    3.231771466  -69.195417390
    3.240597592  -69.236567104
    3.249423717  -69.236399885
    3.258249843  -69.183009980
    3.267075969  -69.094162925
    3.275902094  -69.005085238
    3.284728220  -68.938968948
    3.293554346  -68.889936576
    3.302380471  -68.843691530
    3.311206597  -68.808135712
    3.320032723  -68.824647975
    3.328858848  -68.946793948
    3.337684974  -69.178459204
    3.346511099  -69.447724911
    3.355337225  -69.633481121
    3.364163351  -69.641969176
    3.372989476  -69.462305349
    3.381815602  -69.186247848
    3.390641728  -68.964743369
    3.399467853  -68.917550066
    3.408293979  -69.079408008
    3.417120105  -69.384437097
    3.425946230  -69.719738838
    3.434772356  -69.984071751
    3.443598482  -70.134339518
    3.452424607  -70.188139987
    3.461250733  -70.204919993
    3.470076859  -70.247907639
    3.478902984  -70.354204014
    3.487729110  -70.499946585
    3.496555236  -70.579778248
    3.505381361  -70.403720662
    3.514207487  -69.713252864
    3.523033613  -68.262591553
    3.531859738  -65.883808642
    3.540685864  -62.512158041
    3.549511990  -58.131964436
    3.558338115  -52.753722311
    3.567164241  -46.453687992
    3.575990366  -39.457277910
    3.584816492  -32.183917073
    3.593642618  -25.233816028
    3.602468743  -19.267082180
    3.611294869  -14.896876801
    3.620120995  -12.386646120
    3.628947120  -11.242220105
    3.637773246  -10.763260766
    3.646599372  -10.563019480
    3.655425497  -10.480566385
    3.664251623  -10.448332947
    3.673077749  -10.436788945
    3.681903874  -10.433272571
    3.690730000  -10.432360630
