#! FIELDS pp.proj projection
#! SET min_pp.proj 0.31915
#! SET max_pp.proj 3.69073
#! SET nbins_pp.proj  383
#! SET periodic_pp.proj false
    0.319150000  -10.432240308
    0.327976126  -10.432240308
    0.336802251  -10.432240308
    0.345628377  -10.432240308
    0.354454503  -10.432275320
    0.363280628  -10.432377300
    0.372106754  -10.432728556
    0.380932880  -10.434072105
    0.389759005  -10.438003850
    0.398585131  -10.448319609
    0.407411257  -10.473775223
    0.416237382  -10.533902249
    0.425063508  -10.673794662
    0.433889634  -11.008782291
    0.442715759  -11.849274281
    0.451541885  -13.864341185
    0.460368010  -17.612498134
    0.469194136  -22.672341661
    0.478020262  -28.151170244
    0.486846387  -33.249989271
    0.495672513  -37.431472975
    0.504498639  -40.531359882
    0.513324764  -42.717235437
    0.522150890  -44.296371081
    0.530977016  -45.530610899
    0.539803141  -46.561222076
    0.548629267  -47.460782057
    0.557455393  -48.305892658
    0.566281518  -49.195257341
    0.575107644  -50.205994654
    0.583933770  -51.339786058
    0.592759895  -52.511842473
    0.601586021  -53.598011749
    0.610412147  -54.504989892
    0.619238272  -55.243547809
    0.628064398  -55.935763572
    0.636890524  -56.743040088
    0.645716649  -57.733487611
    0.654542775  -58.795275817
    0.663368901  -59.730154465
    0.672195026  -60.427711248
    0.681021152  -60.939183594
    0.689847277  -61.383875062
    0.698673403  -61.795461109
    0.707499529  -62.075802810
    0.716325654  -62.098991463
    0.725151780  -61.853485270
    0.733977906  -61.483175277
    0.742804031  -61.201838527
    0.751630157  -61.173812253
    0.760456283  -61.475088735
    0.769282408  -62.102190357
    0.778108534  -62.972474307
    0.786934660  -63.980437296
    0.795760785  -65.078379384
    0.804586911  -66.276832629
    0.813413037  -67.591300710
    0.822239162  -68.987701111
    0.831065288  -70.391113155
    0.839891414  -71.729765950
    0.848717539  -72.952906673
    0.857543665  -74.025953030
    0.866369791  -74.901587512
    0.875195916  -75.546258058
    0.884022042  -75.959850231
    0.892848168  -76.151949162
    0.901674293  -76.114444446
    0.910500419  -75.822725281
    0.919326545  -75.277288429
    0.928152670  -74.529940935
    0.936978796  -73.685836142
    0.945804921  -72.869013014
    0.954631047  -72.162220446
    0.963457173  -71.582515641
    0.972283298  -71.094667478
    0.981109424  -70.663255177
    0.989935550  -70.279429073
    0.998761675  -69.954446427
    1.007587801  -69.707807978
    1.016413927  -69.545818532
    1.025240052  -69.460228414
    1.034066178  -69.429390067
    1.042892304  -69.405803272
    1.051718429  -69.316409314
    1.060544555  -69.090154565
    1.069370681  -68.691354135
    1.078196806  -68.112933539
    1.087022932  -67.385531902
    1.095849058  -66.629127980
    1.104675183  -66.011897090
    1.113501309  -65.611120134
    1.122327435  -65.348936914
    1.131153560  -65.123791825
    1.139979686  -64.901777572
    1.148805812  -64.721107644
    1.157631937  -64.650077591
    1.166458063  -64.743399620
    1.175284188  -64.997344182
    1.184110314  -65.340128783
    1.192936440  -65.652932539
    1.201762565  -65.825792274
    1.210588691  -65.838839398
    1.219414817  -65.801750847
    1.228240942  -65.895313864
    1.237067068  -66.277888371
    1.245893194  -67.015725934
    1.254719319  -68.065270679
    1.263545445  -69.304643787
    1.272371571  -70.565381211
    1.281197696  -71.651475215
    1.290023822  -72.406316930
    1.298849948  -72.775506192
    1.307676073  -72.826450910
    1.316502199  -72.679792303
    1.325328325  -72.462787798
    1.334154450  -72.265208305
    1.342980576  -72.146315331
    1.351806702  -72.128327143
    1.360632827  -72.218102115
    1.369458953  -72.438697546
    1.378285079  -72.789120840
    1.387111204  -73.162165976
    1.395937330  -73.411609654
    1.404763455  -73.476897522
    1.413589581  -73.380664269
    1.422415707  -73.160659296
    1.431241832  -72.826854910
    1.440067958  -72.374551916
    1.448894084  -71.808430601
    1.457720209  -71.142154090
    1.466546335  -70.423083066
    1.475372461  -69.738807410
    1.484198586  -69.163723745
    1.493024712  -68.702699080
    1.501850838  -68.296084636
    1.510676963  -67.874151416
    1.519503089  -67.395361262
    1.528329215  -66.845390589
    1.537155340  -66.210470832
    1.545981466  -65.478726738
    1.554807592  -64.666032626
    1.563633717  -63.841361549
    1.572459843  -63.165923173
    1.581285969  -62.790002697
    1.590112094  -62.705645589
    1.598938220  -62.787781460
    1.607764346  -62.928016867
    1.616590471  -63.063961384
    1.625416597  -63.158340196
    1.634242723  -63.187616016
    1.643068848  -63.162940159
    1.651894974  -63.129956845
    1.660721099  -63.126450191
    1.669547225  -63.147733883
    1.678373351  -63.173888094
    1.687199476  -63.209545596
    1.696025602  -63.300148104
    1.704851728  -63.504300319
    1.713677853  -63.849841034
    1.722503979  -64.313217259
    1.731330105  -64.812967574
    1.740156230  -65.244786986
    1.748982356  -65.538497265
    1.757808482  -65.701670062
    1.766634607  -65.805970594
    1.775460733  -65.928583169
    1.784286859  -66.102961519
    1.793112984  -66.329894264
    1.801939110  -66.612722646
    1.810765236  -66.961849806
    1.819591361  -67.374324292
    1.828417487  -67.825979112
    1.837243613  -68.274565013
    1.846069738  -68.670221965
    1.854895864  -68.973672709
    1.863721990  -69.190439055
    1.872548115  -69.356887280
    1.881374241  -69.513263135
    1.890200366  -69.677085290
    1.899026492  -69.847541069
    1.907852618  -70.028976303
    1.916678743  -70.238859269
    1.925504869  -70.505489766
    1.934330995  -70.825071076
    1.943157120  -71.146646699
    1.951983246  -71.396196703
    1.960809372  -71.511793476
    1.969635497  -71.478539753
    1.978461623  -71.346867589
    1.987287749  -71.227191105
    1.996113874  -71.222336338
    2.004940000  -71.352192819
    2.013766126  -71.522584060
    2.022592251  -71.595725070
    2.031418377  -71.495889704
    2.040244503  -71.250260357
    2.049070628  -70.941350166
    2.057896754  -70.638621472
    2.066722880  -70.369566575
    2.075549005  -70.108864913
    2.084375131  -69.806485804
    2.093201257  -69.438296352
    2.102027382  -69.038364147
    2.110853508  -68.680051714
    2.119679634  -68.404714402
    2.128505759  -68.181155311
    2.137331885  -67.940066835
    2.146158010  -67.651727040
    2.154984136  -67.360825675
    2.163810262  -67.141719672
    2.172636387  -67.008813567
    2.181462513  -66.889818943
    2.190288639  -66.688850658
    2.199114764  -66.390722882
    2.207940890  -66.062471074
    2.216767016  -65.786995086
    2.225593141  -65.609565181
    2.234419267  -65.538516277
    2.243245393  -65.554840667
    2.252071518  -65.612532903
    2.260897644  -65.645746427
    2.269723770  -65.598725647
    2.278549895  -65.474827762
    2.287376021  -65.335378044
    2.296202147  -65.251590234
    2.305028272  -65.254376021
    2.313854398  -65.310846128
    2.322680524  -65.374297814
    2.331506649  -65.435593386
    2.340332775  -65.510132807
    2.349158901  -65.593155228
    2.357985026  -65.640484594
    2.366811152  -65.618419664
    2.375637277  -65.540414847
    2.384463403  -65.450937939
    2.393289529  -65.376462283
    2.402115654  -65.311833716
    2.410941780  -65.231874384
    2.419767906  -65.113107854
    2.428594031  -64.958702454
    2.437420157  -64.806122022
    2.446246283  -64.713658367
    2.455072408  -64.718641708
    2.463898534  -64.820306964
    2.472724660  -64.982457148
    2.481550785  -65.150335863
    2.490376911  -65.281437507
    2.499203037  -65.361416390
    2.508029162  -65.393755108
    2.516855288  -65.376220496
    2.525681414  -65.315299819
    2.534507539  -65.229140525
    2.543333665  -65.154498873
    2.552159791  -65.124754202
    2.560985916  -65.158673612
    2.569812042  -65.258179730
    2.578638168  -65.422676567
    2.587464293  -65.628945940
    2.596290419  -65.822717542
    2.605116545  -65.919224817
    2.613942670  -65.848468443
    2.622768796  -65.625829741
    2.631594921  -65.348787110
    2.640421047  -65.134993120
    2.649247173  -65.039291506
    2.658073298  -65.013865161
    2.666899424  -64.947583278
    2.675725550  -64.755970270
    2.684551675  -64.443116705
    2.693377801  -64.106189984
    2.702203927  -63.854101132
    2.711030052  -63.737125237
    2.719856178  -63.732916635
    2.728682304  -63.775486052
    2.737508429  -63.806134153
    2.746334555  -63.777986566
    2.755160681  -63.672040122
    2.763986806  -63.501126690
    2.772812932  -63.300832175
    2.781639058  -63.114619757
    2.790465183  -62.971896532
    2.799291309  -62.876987864
    2.808117435  -62.806992436
    2.816943560  -62.736988378
    2.825769686  -62.656834273
    2.834595812  -62.581831100
    2.843421937  -62.525798567
    2.852248063  -62.484320205
    2.861074188  -62.453367464
    2.869900314  -62.430927072
    2.878726440  -62.419840053
    2.887552565  -62.438458673
    2.896378691  -62.509672672
    2.905204817  -62.627394682
    2.914030942  -62.720294391
    2.922857068  -62.705261489
    2.931683194  -62.549275730
    2.940509319  -62.303585618
    2.949335445  -62.088598484
    2.958161571  -62.004223002
    2.966987696  -62.073809647
    2.975813822  -62.238940730
    2.984639948  -62.410607470
    2.993466073  -62.526932847
    3.002292199  -62.575939137
    3.011118325  -62.592589204
    3.019944450  -62.631361860
    3.028770576  -62.714823145
    3.037596702  -62.829891421
    3.046422827  -62.945565517
    3.055248953  -63.049524697
    3.064075079  -63.139801526
    3.072901204  -63.192363430
    3.081727330  -63.163778031
    3.090553455  -63.038755688
    3.099379581  -62.866641761
    3.108205707  -62.742741762
    3.117031832  -62.746369976
    3.125857958  -62.885788976
    3.134684084  -63.100319576
    3.143510209  -63.295452359
    3.152336335  -63.400719465
    3.161162461  -63.400231673
    3.169988586  -63.320121978
    3.178814712  -63.217561074
    3.187640838  -63.149281018
    3.196466963  -63.147240681
    3.205293089  -63.207209678
    3.214119215  -63.318499864
    3.222945340  -63.458582012
    3.231771466  -63.585281261
    3.240597592  -63.651237901
    3.249423717  -63.634973177
    3.258249843  -63.557347502
    3.267075969  -63.468663472
    3.275902094  -63.413156435
    3.284728220  -63.395232833
    3.293554346  -63.373280158
    3.302380471  -63.301848638
    3.311206597  -63.186165840
    3.320032723  -63.102094425
    3.328858848  -63.154789291
    3.337684974  -63.381974779
    3.346511099  -63.710345814
    3.355337225  -63.993558630
    3.364163351  -64.097933596
    3.372989476  -63.964637598
    3.381815602  -63.639766331
    3.390641728  -63.252530649
    3.399467853  -62.936312004
    3.408293979  -62.768208738
    3.417120105  -62.734421082
    3.425946230  -62.774428282
    3.434772356  -62.824585617
    3.443598482  -62.849207538
    3.452424607  -62.840765976
    3.461250733  -62.815352766
    3.470076859  -62.783993631
    3.478902984  -62.729759479
    3.487729110  -62.594729126
    3.496555236  -62.281659098
    3.505381361  -61.649682774
    3.514207487  -60.509963609
    3.523033613  -58.676160280
    3.531859738  -56.010240822
    3.540685864  -52.459931366
    3.549511990  -48.047962473
    3.558338115  -42.874880829
    3.567164241  -37.129452641
    3.575990366  -31.103015765
    3.584816492  -25.176450205
    3.593642618  -19.817525675
    3.602468743  -15.555343352
    3.611294869  -12.819756955
    3.620120995  -11.452768357
    3.628947120  -10.858784661
    3.637773246  -10.606420404
    3.646599372  -10.499748504
    3.655425497  -10.456411666
    3.664251623  -10.439818948
    3.673077749  -10.434206347
    3.681903874  -10.432655714
    3.690730000  -10.432240308
