#! FIELDS pp.proj projection
#! SET min_pp.proj 0.31915
#! SET max_pp.proj 3.69073
#! SET nbins_pp.proj  383
#! SET periodic_pp.proj false
    0.319150000  -10.432240308
    0.327976126  -10.432240308
    0.336802251  -10.432240308
    0.345628377  -10.432240308
    0.354454503  -10.432275320
    0.363280628  -10.432377300
    0.372106754  -10.432728556
    0.380932880  -10.434072105
    0.389759005  -10.438003850
    0.398585131  -10.448319609
    0.407411257  -10.473775223
    0.416237382  -10.533902249
    0.425063508  -10.673794662
    0.433889634  -11.008782291
    0.442715759  -11.849274281
    0.451541885  -13.864341185
    0.460368010  -17.612498134
    0.469194136  -22.672341661
    0.478020262  -28.151170244
    0.486846387  -33.249989271
    0.495672513  -37.431472975
    0.504498639  -40.531359882
    0.513324764  -42.717235437
    0.522150890  -44.296371081
    0.530977016  -45.530610899
    0.539803141  -46.561222076
    0.548629267  -47.460782057
    0.557455393  -48.305892658
    0.566281518  -49.195257341
    0.575107644  -50.205994654
    0.583933770  -51.339786058
    0.592759895  -52.511842473
    0.601586021  -53.598011749
    0.610412147  -54.504989892
    0.619238272  -55.243547809
    0.628064398  -55.935763572
    0.636890524  -56.743040088
    0.645716649  -57.733487611
    0.654542775  -58.795275817
    0.663368901  -59.730154465
    0.672195026  -60.427711248
    0.681021152  -60.939183594
    0.689847277  -61.383875062
    0.698673403  -61.795461109
    0.707499529  -62.075802810
    0.716325654  -62.098991463
    0.725151780  -61.853485270
    0.733977906  -61.483175277
    0.742804031  -61.201838527
    0.751630157  -61.173812253
    0.760456283  -61.475088735
    0.769282408  -62.102190357
    0.778108534  -62.972474307
    0.786934660  -63.980437296
    0.795760785  -65.078379384
    0.804586911  -66.276832629
    0.813413037  -67.591300710
    0.822239162  -68.987701111
    0.831065288  -70.391113155
    0.839891414  -71.729765950
    0.848717539  -72.952906673
    0.857543665  -74.025953030
    0.866369791  -74.901587512
    0.875195916  -75.546258058
    0.884022042  -75.959850231
    0.892848168  -76.151949162
    0.901674293  -76.114444446
    0.910500419  -75.822725281
    0.919326545  -75.277274944
    0.928152670  -74.529880512
    0.936978796  -73.685616910
    0.945804921  -72.868292246
    0.954631047  -72.160149008
    0.963457173  -71.577377985
    0.972283298  -71.083674302
    0.981109424  -70.642866031
    0.989935550  -70.246554320
    0.998761675  -69.908688761
    1.007587801  -69.652097362
    1.016413927  -69.483529380
    1.025240052  -69.391190465
    1.034066178  -69.349116211
    1.042892304  -69.308131619
    1.051718429  -69.198081292
    1.060544555  -68.953075540
    1.069370681  -68.537178526
    1.078196806  -67.928935134
    1.087022932  -67.125193329
    1.095849058  -66.192337796
    1.104675183  -65.264640575
    1.113501309  -64.484099055
    1.122327435  -63.893668604
    1.131153560  -63.423068303
    1.139979686  -62.992971325
    1.148805812  -62.627963807
    1.157631937  -62.449832883
    1.166458063  -62.570639870
    1.175284188  -62.955035448
    1.184110314  -63.425621974
    1.192936440  -63.765404721
    1.201762565  -63.821699905
    1.210588691  -63.575623528
    1.219414817  -63.141257687
    1.228240942  -62.678648711
    1.237067068  -62.293773990
    1.245893194  -61.971058425
    1.254719319  -61.579076626
    1.263545445  -60.963643246
    1.272371571  -60.060622143
    1.281197696  -58.948548149
    1.290023822  -57.795617040
    1.298849948  -56.738972209
    1.307676073  -55.809804294
    1.316502199  -54.937436887
    1.325328325  -54.059747839
    1.334154450  -53.177071511
    1.342980576  -52.325713941
    1.351806702  -51.509479297
    1.360632827  -50.676694689
    1.369458953  -49.743447478
    1.378285079  -48.638896967
    1.387111204  -47.349472290
    1.395937330  -45.953313412
    1.404763455  -44.607494170
    1.413589581  -43.481993944
    1.422415707  -42.676767689
    1.431241832  -42.149117274
    1.440067958  -41.718991930
    1.448894084  -41.173551321
    1.457720209  -40.415200863
    1.466546335  -39.545971929
    1.475372461  -38.803287137
    1.484198586  -38.392490953
    1.493024712  -38.379744891
    1.501850838  -38.687426891
    1.510676963  -39.123044530
    1.519503089  -39.440372123
    1.528329215  -39.450804680
    1.537155340  -39.124455459
    1.545981466  -38.609542643
    1.554807592  -38.142397319
    1.563633717  -37.909279141
    1.572459843  -37.951698358
    1.581285969  -38.152892329
    1.590112094  -38.340234824
    1.598938220  -38.388172305
    1.607764346  -38.269902496
    1.616590471  -38.014245007
    1.625416597  -37.655432437
    1.634242723  -37.227007099
    1.643068848  -36.803774517
    1.651894974  -36.498555937
    1.660721099  -36.375577518
    1.669547225  -36.360183845
    1.678373351  -36.269776453
    1.687199476  -35.950316626
    1.696025602  -35.401828663
    1.704851728  -34.762031621
    1.713677853  -34.185302712
    1.722503979  -33.770480596
    1.731330105  -33.542583231
    1.740156230  -33.471455030
    1.748982356  -33.493211750
    1.757808482  -33.546289196
    1.766634607  -33.600060932
    1.775460733  -33.663307205
    1.784286859  -33.745130060
    1.793112984  -33.798955292
    1.801939110  -33.754067928
    1.810765236  -33.616464716
    1.819591361  -33.459791118
    1.828417487  -33.314251798
    1.837243613  -33.151452462
    1.846069738  -32.983815979
    1.854895864  -32.856634076
    1.863721990  -32.797354759
    1.872548115  -32.820295928
    1.881374241  -32.944864962
    1.890200366  -33.144614878
    1.899026492  -33.320726257
    1.907852618  -33.372818148
    1.916678743  -33.284077075
    1.925504869  -33.129295748
    1.934330995  -32.998316121
    1.943157120  -32.946391478
    1.951983246  -32.984137358
    1.960809372  -33.086194876
    1.969635497  -33.221657882
    1.978461623  -33.387946332
    1.987287749  -33.632189703
    1.996113874  -33.996039954
    2.004940000  -34.436303791
    2.013766126  -34.805260945
    2.022592251  -34.936238057
    2.031418377  -34.756375834
    2.040244503  -34.333329125
    2.049070628  -33.811643214
    2.057896754  -33.319711524
    2.066722880  -32.906163132
    2.075549005  -32.546943680
    2.084375131  -32.180665870
    2.093201257  -31.743467826
    2.102027382  -31.211762503
    2.110853508  -30.640772862
    2.119679634  -30.127744910
    2.128505759  -29.724785249
    2.137331885  -29.406458068
    2.146158010  -29.139594621
    2.154984136  -28.945803172
    2.163810262  -28.867337433
    2.172636387  -28.884423742
    2.181462513  -28.903189766
    2.190288639  -28.831685172
    2.199114764  -28.670626679
    2.207940890  -28.494928014
    2.216767016  -28.403669194
    2.225593141  -28.450429056
    2.234419267  -28.601738493
    2.243245393  -28.741640789
    2.252071518  -28.733288752
    2.260897644  -28.514523985
    2.269723770  -28.145600296
    2.278549895  -27.763981607
    2.287376021  -27.470682691
    2.296202147  -27.256413514
    2.305028272  -27.017087958
    2.313854398  -26.635601916
    2.322680524  -26.103560952
    2.331506649  -25.557130044
    2.340332775  -25.174797332
    2.349158901  -25.028149514
    2.357985026  -25.035949472
    2.366811152  -25.072694567
    2.375637277  -25.068354212
    2.384463403  -25.019675934
    2.393289529  -24.948089731
    2.402115654  -24.866012996
    2.410941780  -24.771348892
    2.419767906  -24.667906774
    2.428594031  -24.593170332
    2.437420157  -24.600637677
    2.446246283  -24.704036276
    2.455072408  -24.845628117
    2.463898534  -24.941268785
    2.472724660  -24.951231543
    2.481550785  -24.913620491
    2.490376911  -24.912342540
    2.499203037  -24.999881802
    2.508029162  -25.149114379
    2.516855288  -25.286023869
    2.525681414  -25.351579775
    2.534507539  -25.325470348
    2.543333665  -25.223470334
    2.552159791  -25.065034405
    2.560985916  -24.846528947
    2.569812042  -24.571335654
    2.578638168  -24.310705178
    2.587464293  -24.165561336
    2.596290419  -24.156340423
    2.605116545  -24.193699576
    2.613942670  -24.181225322
    2.622768796  -24.106585191
    2.631594921  -24.018233279
    2.640421047  -23.967467526
    2.649247173  -23.973007380
    2.658073298  -24.023797352
    2.666899424  -24.101542866
    2.675725550  -24.211891052
    2.684551675  -24.385874641
    2.693377801  -24.656480927
    2.702203927  -25.024617248
    2.711030052  -25.464017579
    2.719856178  -25.918173527
    2.728682304  -26.301403378
    2.737508429  -26.521691364
    2.746334555  -26.522000023
    2.755160681  -26.325077060
    2.763986806  -26.033794152
    2.772812932  -25.788903003
    2.781639058  -25.692473527
    2.790465183  -25.752723666
    2.799291309  -25.892396153
    2.808117435  -26.011880339
    2.816943560  -26.059120121
    2.825769686  -26.031054024
    2.834595812  -25.941374730
    2.843421937  -25.773025723
    2.852248063  -25.476008358
    2.861074188  -25.060107538
    2.869900314  -24.659070249
    2.878726440  -24.455265785
    2.887552565  -24.542285276
    2.896378691  -24.843046527
    2.905204817  -25.153657280
    2.914030942  -25.265741518
    2.922857068  -25.106615903
    2.931683194  -24.753666925
    2.940509319  -24.346651935
    2.949335445  -24.027925985
    2.958161571  -23.901010034
    2.966987696  -23.990630605
    2.975813822  -24.209402751
    2.984639948  -24.389560529
    2.993466073  -24.367166647
    3.002292199  -24.082806261
    3.011118325  -23.617025342
    3.019944450  -23.137933514
    3.028770576  -22.781983701
    3.037596702  -22.608208676
    3.046422827  -22.626831151
    3.055248953  -22.825619160
    3.064075079  -23.136159906
    3.072901204  -23.438542823
    3.081727330  -23.643971534
    3.090553455  -23.754338245
    3.099379581  -23.846682558
    3.108205707  -24.028776275
    3.117031832  -24.351601044
    3.125857958  -24.728962421
    3.134684084  -24.975351151
    3.143510209  -24.948084673
    3.152336335  -24.649755432
    3.161162461  -24.207442461
    3.169988586  -23.776394456
    3.178814712  -23.460622145
    3.187640838  -23.279720867
    3.196466963  -23.198973606
    3.205293089  -23.172675036
    3.214119215  -23.174146607
    3.222945340  -23.196826337
    3.231771466  -23.225816585
    3.240597592  -23.222799148
    3.249423717  -23.160024702
    3.258249843  -23.058491038
    3.267075969  -22.985449217
    3.275902094  -23.005523782
    3.284728220  -23.121221305
    3.293554346  -23.256179537
    3.302380471  -23.303854963
    3.311206597  -23.194712637
    3.320032723  -22.934467983
    3.328858848  -22.576731764
    3.337684974  -22.171281656
    3.346511099  -21.730832807
    3.355337225  -21.224456290
    3.364163351  -20.621212706
    3.372989476  -19.929734968
    3.381815602  -19.229339580
    3.390641728  -18.668043203
    3.399467853  -18.393174763
    3.408293979  -18.461199971
    3.417120105  -18.771866097
    3.425946230  -19.100835650
    3.434772356  -19.202965953
    3.443598482  -18.959167872
    3.452424607  -18.448441516
    3.461250733  -17.875036814
    3.470076859  -17.414565733
    3.478902984  -17.113649914
    3.487729110  -16.877521803
    3.496555236  -16.507052325
    3.505381361  -15.805092263
    3.514207487  -14.717842964
    3.523033613  -13.425116419
    3.531859738  -12.250098336
    3.540685864  -11.419330427
    3.549511990  -10.930558665
    3.558338115  -10.671258439
    3.567164241  -10.540564684
    3.575990366  -10.477944358
    3.584816492  -10.449873722
    3.593642618  -10.438306351
    3.602468743  -10.434109759
    3.611294869  -10.432625073
    3.620120995  -10.432327225
    3.628947120  -10.432240308
    3.637773246  -10.432240308
    3.646599372  -10.432240308
    3.655425497  -10.432240308
    3.664251623  -10.432240308
    3.673077749  -10.432240308
    3.681903874  -10.432240308
    3.690730000  -10.432240308
