#! FIELDS pp.proj projection
#! SET min_pp.proj 0.31915
#! SET max_pp.proj 3.69073
#! SET nbins_pp.proj  383
#! SET periodic_pp.proj false
    0.319150000  -10.432240308
    0.327976126  -10.432240308
    0.336802251  -10.432240308
    0.345628377  -10.432240308
    0.354454503  -10.432275320
    0.363280628  -10.432377300
    0.372106754  -10.432728556
    0.380932880  -10.434072105
    0.389759005  -10.438003850
    0.398585131  -10.448319609
    0.407411257  -10.473775223
    0.416237382  -10.533902249
    0.425063508  -10.673794662
    0.433889634  -11.008782291
    0.442715759  -11.849274281
    0.451541885  -13.864341185
    0.460368010  -17.612498134
    0.469194136  -22.672341661
    0.478020262  -28.151170244
    0.486846387  -33.249989271
    0.495672513  -37.431472975
    0.504498639  -40.531359882
    0.513324764  -42.717235437
    0.522150890  -44.296371081
    0.530977016  -45.530610899
    0.539803141  -46.561222076
    0.548629267  -47.460782057
    0.557455393  -48.305892658
    0.566281518  -49.195257341
    0.575107644  -50.205994654
    0.583933770  -51.339786058
    0.592759895  -52.511842473
    0.601586021  -53.598011749
    0.610412147  -54.504989892
    0.619238272  -55.243547809
    0.628064398  -55.935763572
    0.636890524  -56.743040088
    0.645716649  -57.733487611
    0.654542775  -58.795275817
    0.663368901  -59.730154465
    0.672195026  -60.427711248
    0.681021152  -60.939183594
    0.689847277  -61.383875062
    0.698673403  -61.795461109
    0.707499529  -62.075802810
    0.716325654  -62.098991463
    0.725151780  -61.853485270
    0.733977906  -61.483175277
    0.742804031  -61.201838527
    0.751630157  -61.173812253
    0.760456283  -61.475088735
    0.769282408  -62.102190357
    0.778108534  -62.972474307
    0.786934660  -63.980437296
    0.795760785  -65.078379384
    0.804586911  -66.276832629
    0.813413037  -67.591300710
    0.822239162  -68.987701111
    0.831065288  -70.391113155
    0.839891414  -71.729765950
    0.848717539  -72.952906673
    0.857543665  -74.025953030
    0.866369791  -74.901587512
    0.875195916  -75.546258058
    0.884022042  -75.959850231
    0.892848168  -76.151949162
    0.901674293  -76.114444446
    0.910500419  -75.822725281
    0.919326545  -75.277274944
    0.928152670  -74.529880512
    0.936978796  -73.685616910
    0.945804921  -72.868292246
    0.954631047  -72.160149008
    0.963457173  -71.577377985
    0.972283298  -71.083674302
    0.981109424  -70.642866031
    0.989935550  -70.246554320
    0.998761675  -69.908688761
    1.007587801  -69.652097362
    1.016413927  -69.483529380
    1.025240052  -69.391190465
    1.034066178  -69.349116211
    1.042892304  -69.308131619
    1.051718429  -69.198081292
    1.060544555  -68.953075540
    1.069370681  -68.537178526
    1.078196806  -67.928935134
    1.087022932  -67.125193329
    1.095849058  -66.192337796
    1.104675183  -65.264640575
    1.113501309  -64.484099055
    1.122327435  -63.893668604
    1.131153560  -63.423072370
    1.139979686  -62.992992177
    1.148805812  -62.628055633
    1.157631937  -62.450187844
    1.166458063  -62.571693859
    1.175284188  -62.957590962
    1.184110314  -63.430851934
    1.192936440  -63.775107206
    1.201762565  -63.838807217
    1.210588691  -63.604822488
    1.219414817  -63.189247733
    1.228240942  -62.753633082
    1.237067068  -62.404416380
    1.245893194  -62.125984781
    1.254719319  -61.787851280
    1.263545445  -61.238575518
    1.272371571  -60.418350236
    1.281197696  -59.410289283
    1.290023822  -58.384294538
    1.298849948  -57.470483021
    1.307676073  -56.683570599
    1.316502199  -55.936635986
    1.325328325  -55.164324356
    1.334154450  -54.377418452
    1.342980576  -53.637496628
    1.351806702  -52.983478153
    1.360632827  -52.393722715
    1.369458953  -51.791388541
    1.378285079  -51.087011636
    1.387111204  -50.239261705
    1.395937330  -49.318593956
    1.404763455  -48.501567959
    1.413589581  -47.970534602
    1.422415707  -47.802014980
    1.431241832  -47.935335196
    1.440067958  -48.240639449
    1.448894084  -48.592850737
    1.457720209  -48.931731306
    1.466546335  -49.312598684
    1.475372461  -49.839664856
    1.484198586  -50.514590022
    1.493024712  -51.200506104
    1.501850838  -51.729850728
    1.510676963  -52.014608130
    1.519503089  -52.097938459
    1.528329215  -52.111695750
    1.537155340  -52.158111482
    1.545981466  -52.234311401
    1.554807592  -52.306321746
    1.563633717  -52.395676576
    1.572459843  -52.587504171
    1.581285969  -52.917020478
    1.590112094  -53.315385121
    1.598938220  -53.692788198
    1.607764346  -54.025876293
    1.616590471  -54.341189325
    1.625416597  -54.656665298
    1.634242723  -54.937282277
    1.643068848  -55.139864254
    1.651894974  -55.297250452
    1.660721099  -55.483699545
    1.669547225  -55.697913659
    1.678373351  -55.850004463
    1.687199476  -55.862400709
    1.696025602  -55.749381216
    1.704851728  -55.579095161
    1.713677853  -55.391123077
    1.722503979  -55.170385579
    1.731330105  -54.880841329
    1.740156230  -54.510758687
    1.748982356  -54.080538001
    1.757808482  -53.618267924
    1.766634607  -53.128663479
    1.775460733  -52.594556577
    1.784286859  -52.002623551
    1.793112984  -51.375326430
    1.801939110  -50.767098549
    1.810765236  -50.211659853
    1.819591361  -49.684528617
    1.828417487  -49.144601324
    1.837243613  -48.609635305
    1.846069738  -48.176155611
    1.854895864  -47.926392723
    1.863721990  -47.871085011
    1.872548115  -47.960321252
    1.881374241  -48.131171346
    1.890200366  -48.326639316
    1.899026492  -48.516329328
    1.907852618  -48.722121813
    1.916678743  -49.020519581
    1.925504869  -49.513906675
    1.934330995  -50.237575643
    1.943157120  -51.081376616
    1.951983246  -51.845536572
    1.960809372  -52.367159967
    1.969635497  -52.607378097
    1.978461623  -52.651073535
    1.987287749  -52.656748577
    1.996113874  -52.749419322
    2.004940000  -52.945097333
    2.013766126  -53.152837200
    2.022592251  -53.259716506
    2.031418377  -53.217739856
    2.040244503  -53.073082077
    2.049070628  -52.915009364
    2.057896754  -52.809009516
    2.066722880  -52.770780608
    2.075549005  -52.775229008
    2.084375131  -52.789674781
    2.093201257  -52.797761363
    2.102027382  -52.824157667
    2.110853508  -52.928123661
    2.119679634  -53.128227396
    2.128505759  -53.358142170
    2.137331885  -53.530077106
    2.146158010  -53.636455865
    2.154984136  -53.761379468
    2.163810262  -53.993901755
    2.172636387  -54.326615527
    2.181462513  -54.633873060
    2.190288639  -54.740237003
    2.199114764  -54.562500963
    2.207940890  -54.168438045
    2.216767016  -53.722994876
    2.225593141  -53.382073926
    2.234419267  -53.225841038
    2.243245393  -53.246363297
    2.252071518  -53.367202907
    2.260897644  -53.489317681
    2.269723770  -53.546506021
    2.278549895  -53.536066372
    2.287376021  -53.493566823
    2.296202147  -53.456395868
    2.305028272  -53.426437595
    2.313854398  -53.351670090
    2.322680524  -53.190548916
    2.331506649  -52.974503967
    2.340332775  -52.780431955
    2.349158901  -52.654678211
    2.357985026  -52.566505226
    2.366811152  -52.449818264
    2.375637277  -52.265600450
    2.384463403  -52.019646859
    2.393289529  -51.726343263
    2.402115654  -51.379182045
    2.410941780  -50.964976075
    2.419767906  -50.498554332
    2.428594031  -50.033749625
    2.437420157  -49.637510432
    2.446246283  -49.367118037
    2.455072408  -49.244888908
    2.463898534  -49.261059939
    2.472724660  -49.382272559
    2.481550785  -49.560407961
    2.490376911  -49.741223956
    2.499203037  -49.876255115
    2.508029162  -49.924898804
    2.516855288  -49.862941723
    2.525681414  -49.701495645
    2.534507539  -49.470005462
    2.543333665  -49.194642993
    2.552159791  -48.869975243
    2.560985916  -48.471943376
    2.569812042  -47.998197928
    2.578638168  -47.507221781
    2.587464293  -47.087788450
    2.596290419  -46.802297644
    2.605116545  -46.629328429
    2.613942670  -46.479231178
    2.622768796  -46.289131401
    2.631594921  -46.080606218
    2.640421047  -45.927351870
    2.649247173  -45.868506773
    2.658073298  -45.861238828
    2.666899424  -45.807963818
    2.675725550  -45.647458389
    2.684551675  -45.411016262
    2.693377801  -45.210717859
    2.702203927  -45.143840090
    2.711030052  -45.218095756
    2.719856178  -45.341902097
    2.728682304  -45.378619088
    2.737508429  -45.244027718
    2.746334555  -44.960288971
    2.755160681  -44.648460938
    2.763986806  -44.448696754
    2.772812932  -44.440365345
    2.781639058  -44.620147915
    2.790465183  -44.910350691
    2.799291309  -45.198824428
    2.808117435  -45.374438535
    2.816943560  -45.378753724
    2.825769686  -45.222108715
    2.834595812  -44.980355317
    2.843421937  -44.736492901
    2.852248063  -44.534880045
    2.861074188  -44.395258196
    2.869900314  -44.331185851
    2.878726440  -44.341047016
    2.887552565  -44.394554915
    2.896378691  -44.457732185
    2.905204817  -44.519940440
    2.914030942  -44.552906558
    2.922857068  -44.501012157
    2.931683194  -44.326625122
    2.940509319  -44.068343942
    2.949335445  -43.841598076
    2.958161571  -43.746629940
    2.966987696  -43.804726590
    2.975813822  -43.943150131
    2.984639948  -44.044052289
    2.993466073  -44.007800284
    3.002292199  -43.807495102
    3.011118325  -43.522421187
    3.019944450  -43.309477168
    3.028770576  -43.301741009
    3.037596702  -43.534620992
    3.046422827  -43.915439778
    3.055248953  -44.296044983
    3.064075079  -44.555725659
    3.072901204  -44.630111130
    3.081727330  -44.506350985
    3.090553455  -44.217187271
    3.099379581  -43.842402700
    3.108205707  -43.488779729
    3.117031832  -43.231021477
    3.125857958  -43.048997984
    3.134684084  -42.860112992
    3.143510209  -42.610696836
    3.152336335  -42.321576935
    3.161162461  -42.049640180
    3.169988586  -41.833504829
    3.178814712  -41.718963174
    3.187640838  -41.748328854
    3.196466963  -41.902797402
    3.205293089  -42.080329319
    3.214119215  -42.197244410
    3.222945340  -42.239188870
    3.231771466  -42.228433730
    3.240597592  -42.178345963
    3.249423717  -42.106383345
    3.258249843  -42.060790322
    3.267075969  -42.109226980
    3.275902094  -42.290295603
    3.284728220  -42.562742406
    3.293554346  -42.816703893
    3.302380471  -42.943866047
    3.311206597  -42.919135561
    3.320032723  -42.826569626
    3.328858848  -42.802845691
    3.337684974  -42.920803266
    3.346511099  -43.124729852
    3.355337225  -43.277009463
    3.364163351  -43.281224350
    3.372989476  -43.150526269
    3.381815602  -42.982743946
    3.390641728  -42.906571961
    3.399467853  -43.008282940
    3.408293979  -43.273030942
    3.417120105  -43.552642943
    3.425946230  -43.656472741
    3.434772356  -43.473355427
    3.443598482  -43.052612689
    3.452424607  -42.573517368
    3.461250733  -42.248191238
    3.470076859  -42.210933769
    3.478902984  -42.454047144
    3.487729110  -42.818215347
    3.496555236  -43.037256477
    3.505381361  -42.817094521
    3.514207487  -41.881296055
    3.523033613  -39.997379861
    3.531859738  -37.024101383
    3.540685864  -33.018913554
    3.549511990  -28.279253081
    3.558338115  -23.310142394
    3.567164241  -18.705955308
    3.575990366  -15.046619543
    3.584816492  -12.686489829
    3.593642618  -11.458910661
    3.602468743  -10.889237763
    3.611294869  -10.631286107
    3.620120995  -10.515110794
    3.628947120  -10.464406786
    3.637773246  -10.443613345
    3.646599372  -10.435788389
    3.655425497  -10.433156566
    3.664251623  -10.432446331
    3.673077749  -10.432240308
    3.681903874  -10.432240308
    3.690730000  -10.432240308
