#! FIELDS pp.proj projection
#! SET min_pp.proj 0.31915
#! SET max_pp.proj 3.69073
#! SET nbins_pp.proj  383
#! SET periodic_pp.proj false
    0.319150000  -10.432240308
    0.327976126  -10.432240308
    0.336802251  -10.432240308
    0.345628377  -10.432240308
    0.354454503  -10.432275320
    0.363280628  -10.432377300
    0.372106754  -10.432728556
    0.380932880  -10.434072105
    0.389759005  -10.438003850
    0.398585131  -10.448319609
    0.407411257  -10.473775223
    0.416237382  -10.533945050
    0.425063508  -10.673965199
    0.433889634  -11.009430978
    0.442715759  -11.851097371
    0.451541885  -13.867886202
    0.460368010  -17.617694190
    0.469194136  -22.680617548
    0.478020262  -28.165942636
    0.486846387  -33.276354377
    0.495672513  -37.476179021
    0.504498639  -40.602041693
    0.513324764  -42.820572283
    0.522150890  -44.435702157
    0.530977016  -45.704129357
    0.539803141  -46.761612394
    0.548629267  -47.676058838
    0.557455393  -48.520900827
    0.566281518  -49.394299825
    0.575107644  -50.376983089
    0.583933770  -51.477712168
    0.592759895  -52.619056760
    0.601586021  -53.681535475
    0.610412147  -54.573479243
    0.619238272  -55.305383760
    0.628064398  -55.999327501
    0.636890524  -56.816256501
    0.645716649  -57.822989376
    0.654542775  -58.905649721
    0.663368901  -59.866066546
    0.672195026  -60.598193139
    0.681021152  -61.158132855
    0.689847277  -61.666042266
    0.698673403  -62.153917295
    0.707499529  -62.535421820
    0.716325654  -62.737374908
    0.725151780  -62.876731246
    0.733977906  -63.284238692
    0.742804031  -64.201580715
    0.751630157  -65.549802864
    0.760456283  -67.151410902
    0.769282408  -68.866875627
    0.778108534  -70.541433839
    0.786934660  -72.017855269
    0.795760785  -73.239632989
    0.804586911  -74.272313635
    0.813413037  -75.226417981
    0.822239162  -76.162540807
    0.831065288  -77.057074262
    0.839891414  -77.870724055
    0.848717539  -78.594353392
    0.857543665  -79.279672830
    0.866369791  -80.005761305
    0.875195916  -80.799251488
    0.884022042  -81.602965534
    0.892848168  -82.268008032
    0.901674293  -82.642149505
    0.910500419  -82.683968925
    0.919326545  -82.504304598
    0.928152670  -82.282905891
    0.936978796  -82.150013730
    0.945804921  -82.136175388
    0.954631047  -82.198411887
    0.963457173  -82.270311441
    0.972283298  -82.319366597
    0.981109424  -82.341406276
    0.989935550  -82.333016080
    0.998761675  -82.284544773
    1.007587801  -82.184427617
    1.016413927  -82.009885786
    1.025240052  -81.727180566
    1.034066178  -81.298006133
    1.042892304  -80.688044752
    1.051718429  -79.902656456
    1.060544555  -79.001209974
    1.069370681  -78.075957973
    1.078196806  -77.194158528
    1.087022932  -76.376952965
    1.095849058  -75.639886681
    1.104675183  -75.015477595
    1.113501309  -74.565117986
    1.122327435  -74.348835867
    1.131153560  -74.397637634
    1.139979686  -74.724152692
    1.148805812  -75.319886773
    1.157631937  -76.120257303
    1.166458063  -77.053282580
    1.175284188  -78.069507119
    1.184110314  -79.114972348
    1.192936440  -80.054394656
    1.201762565  -80.704501984
    1.210588691  -80.951211641
    1.219414817  -80.854516607
    1.228240942  -80.611110398
    1.237067068  -80.433725535
    1.245893194  -80.410259832
    1.254719319  -80.477979698
    1.263545445  -80.489446146
    1.272371571  -80.341965883
    1.281197696  -80.050849180
    1.290023822  -79.708442257
    1.298849948  -79.392501353
    1.307676073  -79.120739281
    1.316502199  -78.856426035
    1.325328325  -78.557251361
    1.334154450  -78.213156629
    1.342980576  -77.850901823
    1.351806702  -77.510407405
    1.360632827  -77.217301140
    1.369458953  -76.976556668
    1.378285079  -76.784929332
    1.387111204  -76.605919395
    1.395937330  -76.379614524
    1.404763455  -76.063623839
    1.413589581  -75.672628342
    1.422415707  -75.266244788
    1.431241832  -74.901674539
    1.440067958  -74.616679938
    1.448894084  -74.439047641
    1.457720209  -74.378986240
    1.466546335  -74.428442851
    1.475372461  -74.552176913
    1.484198586  -74.708619320
    1.493024712  -74.882572387
    1.501850838  -75.084368256
    1.510676963  -75.316904026
    1.519503089  -75.558802348
    1.528329215  -75.782178213
    1.537155340  -75.970592855
    1.545981466  -76.124869652
    1.554807592  -76.249231851
    1.563633717  -76.329130679
    1.572459843  -76.359592746
    1.581285969  -76.355912519
    1.590112094  -76.317881363
    1.598938220  -76.205130710
    1.607764346  -75.970663849
    1.616590471  -75.589172266
    1.625416597  -75.080456105
    1.634242723  -74.506378523
    1.643068848  -73.964583773
    1.651894974  -73.556719042
    1.660721099  -73.331622520
    1.669547225  -73.263353068
    1.678373351  -73.274343903
    1.687199476  -73.288400955
    1.696025602  -73.275652209
    1.704851728  -73.262516136
    1.713677853  -73.302684916
    1.722503979  -73.437630409
    1.731330105  -73.647352613
    1.740156230  -73.857354315
    1.748982356  -73.999962282
    1.757808482  -74.064586453
    1.766634607  -74.089194747
    1.775460733  -74.097387623
    1.784286859  -74.058808681
    1.793112984  -73.913681488
    1.801939110  -73.633112936
    1.810765236  -73.251935130
    1.819591361  -72.842502425
    1.828417487  -72.473445190
    1.837243613  -72.165588358
    1.846069738  -71.909506329
    1.854895864  -71.686908606
    1.863721990  -71.497820925
    1.872548115  -71.352148465
    1.881374241  -71.260642498
    1.890200366  -71.222763663
    1.899026492  -71.230097580
    1.907852618  -71.281458897
    1.916678743  -71.385041911
    1.925504869  -71.552295011
    1.934330995  -71.765066358
    1.943157120  -71.973066697
    1.951983246  -72.121512994
    1.960809372  -72.174850608
    1.969635497  -72.138879886
    1.978461623  -72.070018305
    1.987287749  -72.068157727
    1.996113874  -72.216515310
    2.004940000  -72.520245980
    2.013766126  -72.885557704
    2.022592251  -73.186754034
    2.031418377  -73.357633570
    2.040244503  -73.422460783
    2.049070628  -73.449129005
    2.057896754  -73.486348868
    2.066722880  -73.539440356
    2.075549005  -73.569656006
    2.084375131  -73.528078873
    2.093201257  -73.395399588
    2.102027382  -73.202670455
    2.110853508  -73.013790084
    2.119679634  -72.864446049
    2.128505759  -72.727168514
    2.137331885  -72.542059172
    2.146158010  -72.291209538
    2.154984136  -72.036008868
    2.163810262  -71.875504166
    2.172636387  -71.850244916
    2.181462513  -71.897569465
    2.190288639  -71.897660625
    2.199114764  -71.780310878
    2.207940890  -71.557579230
    2.216767016  -71.287269972
    2.225593141  -71.025815472
    2.234419267  -70.820291648
    2.243245393  -70.704459418
    2.252071518  -70.676085061
    2.260897644  -70.681171585
    2.269723770  -70.642583040
    2.278549895  -70.531908036
    2.287376021  -70.391245306
    2.296202147  -70.287815828
    2.305028272  -70.252720410
    2.313854398  -70.251705632
    2.322680524  -70.229970936
    2.331506649  -70.161514415
    2.340332775  -70.052410479
    2.349158901  -69.916642963
    2.357985026  -69.755343033
    2.366811152  -69.579802469
    2.375637277  -69.425887683
    2.384463403  -69.336624226
    2.393289529  -69.323682736
    2.402115654  -69.358499026
    2.410941780  -69.389955666
    2.419767906  -69.379868166
    2.428594031  -69.329230404
    2.437420157  -69.268414062
    2.446246283  -69.232608438
    2.455072408  -69.233985274
    2.463898534  -69.258260143
    2.472724660  -69.270506538
    2.481550785  -69.239287922
    2.490376911  -69.170180359
    2.499203037  -69.099891518
    2.508029162  -69.057338433
    2.516855288  -69.030127544
    2.525681414  -68.991315630
    2.534507539  -68.924494415
    2.543333665  -68.843372600
    2.552159791  -68.771057877
    2.560985916  -68.730107573
    2.569812042  -68.739860453
    2.578638168  -68.818167397
    2.587464293  -68.956560491
    2.596290419  -69.113561331
    2.605116545  -69.221047574
    2.613942670  -69.221483310
    2.622768796  -69.123221175
    2.631594921  -68.999413064
    2.640421047  -68.934317857
    2.649247173  -68.964199861
    2.658073298  -69.050801400
    2.666899424  -69.112801700
    2.675725550  -69.088341529
    2.684551675  -68.980217577
    2.693377801  -68.853940124
    2.702203927  -68.771791402
    2.711030052  -68.750215124
    2.719856178  -68.769143392
    2.728682304  -68.802387368
    2.737508429  -68.847352794
    2.746334555  -68.900894237
    2.755160681  -68.955452081
    2.763986806  -68.996660751
    2.772812932  -69.001436844
    2.781639058  -68.950580498
    2.790465183  -68.843363962
    2.799291309  -68.707903310
    2.808117435  -68.579164950
    2.816943560  -68.488560295
    2.825769686  -68.454782641
    2.834595812  -68.486662566
    2.843421937  -68.567306828
    2.852248063  -68.655406545
    2.861074188  -68.721073114
    2.869900314  -68.754989005
    2.878726440  -68.761933175
    2.887552565  -68.757781021
    2.896378691  -68.760220622
    2.905204817  -68.773606414
    2.914030942  -68.756829787
    2.922857068  -68.657200091
    2.931683194  -68.459662595
    2.940509319  -68.209891199
    2.949335445  -67.993691117
    2.958161571  -67.871028924
    2.966987696  -67.855249821
    2.975813822  -67.922778252
    2.984639948  -68.028837845
    2.993466073  -68.127088288
    3.002292199  -68.191340072
    3.011118325  -68.230520115
    3.019944450  -68.269632256
    3.028770576  -68.306526420
    3.037596702  -68.321357504
    3.046422827  -68.304668082
    3.055248953  -68.287078002
    3.064075079  -68.315840693
    3.072901204  -68.396456809
    3.081727330  -68.469297868
    3.090553455  -68.458024844
    3.099379581  -68.341807751
    3.108205707  -68.179006376
    3.117031832  -68.061420410
    3.125857958  -68.036224007
    3.134684084  -68.078450933
    3.143510209  -68.118759784
    3.152336335  -68.103980875
    3.161162461  -68.039193125
    3.169988586  -67.963043431
    3.178814712  -67.913167462
    3.187640838  -67.892732865
    3.196466963  -67.889812392
    3.205293089  -67.896883814
    3.214119215  -67.927372771
    3.222945340  -67.986714192
    3.231771466  -68.058286232
    3.240597592  -68.111078711
    3.249423717  -68.114836158
    3.258249843  -68.060873878
    3.267075969  -67.972575208
    3.275902094  -67.888044401
    3.284728220  -67.824683937
    3.293554346  -67.762757406
    3.302380471  -67.676071797
    3.311206597  -67.572511532
    3.320032723  -67.508579890
    3.328858848  -67.556918052
    3.337684974  -67.733255261
    3.346511099  -67.970171908
    3.355337225  -68.152974290
    3.364163351  -68.192444196
    3.372989476  -68.072680884
    3.381815602  -67.871670010
    3.390641728  -67.726253724
    3.399467853  -67.747265333
    3.408293979  -67.964454518
    3.417120105  -68.308820152
    3.425946230  -68.663678453
    3.434772356  -68.922270131
    3.443598482  -69.039587594
    3.452424607  -69.041929523
    3.461250733  -69.009994117
    3.470076859  -69.030794417
    3.478902984  -69.146733169
    3.487729110  -69.317183725
    3.496555236  -69.413854418
    3.505381361  -69.231660889
    3.514207487  -68.508522766
    3.523033613  -67.002483914
    3.531859738  -64.550823855
    3.540685864  -61.093988184
    3.549511990  -56.629619882
    3.558338115  -51.196897507
    3.567164241  -44.907516056
    3.575990366  -38.008446851
    3.584816492  -30.914313546
    3.593642618  -24.197364011
    3.602468743  -18.491775463
    3.611294869  -14.403596003
    3.620120995  -12.137997918
    3.628947120  -11.132595860
    3.637773246  -10.716037433
    3.646599372  -10.542973910
    3.655425497  -10.472497158
    3.664251623  -10.445353613
    3.673077749  -10.435822259
    3.681903874  -10.432977321
    3.690730000  -10.432291830
