#! FIELDS pp.proj projection
#! SET min_pp.proj 0.31915
#! SET max_pp.proj 3.69073
#! SET nbins_pp.proj  383
#! SET periodic_pp.proj false
    0.319150000  -10.432240308
    0.327976126  -10.432240308
    0.336802251  -10.432240308
    0.345628377  -10.432240308
    0.354454503  -10.432275320
    0.363280628  -10.432377300
    0.372106754  -10.432728556
    0.380932880  -10.434072105
    0.389759005  -10.438003850
    0.398585131  -10.448319609
    0.407411257  -10.473775223
    0.416237382  -10.533902249
    0.425063508  -10.673794662
    0.433889634  -11.008782291
    0.442715759  -11.849274281
    0.451541885  -13.864341185
    0.460368010  -17.612498134
    0.469194136  -22.672341661
    0.478020262  -28.151170244
    0.486846387  -33.249989271
    0.495672513  -37.431472975
    0.504498639  -40.531359882
    0.513324764  -42.717235437
    0.522150890  -44.296371081
    0.530977016  -45.530610899
    0.539803141  -46.561222076
    0.548629267  -47.460782057
    0.557455393  -48.305892658
    0.566281518  -49.195257341
    0.575107644  -50.205994654
    0.583933770  -51.339786058
    0.592759895  -52.511842473
    0.601586021  -53.598011749
    0.610412147  -54.504989892
    0.619238272  -55.243547809
    0.628064398  -55.935763572
    0.636890524  -56.743040088
    0.645716649  -57.733487611
    0.654542775  -58.795275817
    0.663368901  -59.730154465
    0.672195026  -60.427711248
    0.681021152  -60.939183594
    0.689847277  -61.383875062
    0.698673403  -61.795461109
    0.707499529  -62.075802810
    0.716325654  -62.098991463
    0.725151780  -61.853485270
    0.733977906  -61.483175277
    0.742804031  -61.201838527
    0.751630157  -61.173812253
    0.760456283  -61.475088735
    0.769282408  -62.102190357
    0.778108534  -62.972474307
    0.786934660  -63.980437296
    0.795760785  -65.078379384
    0.804586911  -66.276832629
    0.813413037  -67.591300710
    0.822239162  -68.987701111
    0.831065288  -70.391113155
    0.839891414  -71.729765950
    0.848717539  -72.952906673
    0.857543665  -74.025953030
    0.866369791  -74.901587512
    0.875195916  -75.546258058
    0.884022042  -75.959850231
    0.892848168  -76.151949162
    0.901674293  -76.114444446
    0.910500419  -75.822725281
    0.919326545  -75.277274944
    0.928152670  -74.529880512
    0.936978796  -73.685616910
    0.945804921  -72.868292246
    0.954631047  -72.160149008
    0.963457173  -71.577377985
    0.972283298  -71.083674302
    0.981109424  -70.642866031
    0.989935550  -70.246554320
    0.998761675  -69.908688761
    1.007587801  -69.652097362
    1.016413927  -69.483529380
    1.025240052  -69.391190465
    1.034066178  -69.349116211
    1.042892304  -69.308131619
    1.051718429  -69.198081292
    1.060544555  -68.953075540
    1.069370681  -68.537178526
    1.078196806  -67.928935134
    1.087022932  -67.125193329
    1.095849058  -66.192337796
    1.104675183  -65.264640575
    1.113501309  -64.484099055
    1.122327435  -63.893668604
    1.131153560  -63.423068303
    1.139979686  -62.992971325
    1.148805812  -62.627963807
    1.157631937  -62.449832883
    1.166458063  -62.570639870
    1.175284188  -62.955035448
    1.184110314  -63.425621974
    1.192936440  -63.765404721
    1.201762565  -63.821699905
    1.210588691  -63.575623528
    1.219414817  -63.141257687
    1.228240942  -62.678648711
    1.237067068  -62.293773990
    1.245893194  -61.971058706
    1.254719319  -61.579078906
    1.263545445  -60.963651982
    1.272371571  -60.060654150
    1.281197696  -58.948644573
    1.290023822  -57.795903715
    1.298849948  -56.739678156
    1.307676073  -55.811321209
    1.316502199  -54.940358353
    1.325328325  -54.064951887
    1.334154450  -53.186161844
    1.342980576  -52.342370759
    1.351806702  -51.541889833
    1.360632827  -50.740787875
    1.369458953  -49.865902115
    1.378285079  -48.860439597
    1.387111204  -47.729066592
    1.395937330  -46.573605827
    1.404763455  -45.578923816
    1.413589581  -44.946748433
    1.422415707  -44.787924774
    1.431241832  -45.022021750
    1.440067958  -45.458580069
    1.448894084  -45.980820049
    1.457720209  -46.597034633
    1.466546335  -47.363691767
    1.475372461  -48.270080620
    1.484198586  -49.201976372
    1.493024712  -49.994762664
    1.501850838  -50.520236170
    1.510676963  -50.740411150
    1.519503089  -50.732935348
    1.528329215  -50.645373947
    1.537155340  -50.588570826
    1.545981466  -50.538308889
    1.554807592  -50.378183036
    1.563633717  -50.029583459
    1.572459843  -49.557094094
    1.581285969  -49.089834059
    1.590112094  -48.667653023
    1.598938220  -48.249524971
    1.607764346  -47.825736730
    1.616590471  -47.429611009
    1.625416597  -47.078013520
    1.634242723  -46.724286663
    1.643068848  -46.307940277
    1.651894974  -45.853985560
    1.660721099  -45.464476057
    1.669547225  -45.218098962
    1.678373351  -45.078927906
    1.687199476  -44.924893115
    1.696025602  -44.661540196
    1.704851728  -44.312310254
    1.713677853  -43.995246738
    1.722503979  -43.820333384
    1.731330105  -43.795230946
    1.740156230  -43.845693903
    1.748982356  -43.911943083
    1.757808482  -44.014957528
    1.766634607  -44.204215076
    1.775460733  -44.470648287
    1.784286859  -44.753787206
    1.793112984  -45.007264792
    1.801939110  -45.221227681
    1.810765236  -45.396413985
    1.819591361  -45.516046962
    1.828417487  -45.573736783
    1.837243613  -45.614302123
    1.846069738  -45.730461877
    1.854895864  -45.970652174
    1.863721990  -46.311376188
    1.872548115  -46.694311077
    1.881374241  -47.071818536
    1.890200366  -47.415617664
    1.899026492  -47.729572272
    1.907852618  -48.069935537
    1.916678743  -48.530750481
    1.925504869  -49.195754414
    1.934330995  -50.055617587
    1.943157120  -50.979942152
    1.951983246  -51.782262142
    1.960809372  -52.319261352
    1.969635497  -52.563705584
    1.978461623  -52.606315563
    1.987287749  -52.609188166
    1.996113874  -52.699517646
    2.004940000  -52.892939723
    2.013766126  -53.095884746
    2.022592251  -53.191123213
    2.031418377  -53.125138702
    2.040244503  -52.937982626
    2.049070628  -52.713022472
    2.057896754  -52.510220617
    2.066722880  -52.339466387
    2.075549005  -52.171790224
    2.084375131  -51.978157578
    2.093201257  -51.758060562
    2.102027382  -51.565844049
    2.110853508  -51.494751585
    2.119679634  -51.579293118
    2.128505759  -51.741784197
    2.137331885  -51.859287001
    2.146158010  -51.877385479
    2.154984136  -51.845811019
    2.163810262  -51.846390016
    2.172636387  -51.880186254
    2.181462513  -51.839556593
    2.190288639  -51.585025392
    2.199114764  -51.077309001
    2.207940890  -50.418231411
    2.216767016  -49.794229021
    2.225593141  -49.372502681
    2.234419267  -49.224679654
    2.243245393  -49.301850504
    2.252071518  -49.466126028
    2.260897644  -49.581684698
    2.269723770  -49.591687400
    2.278549895  -49.515122087
    2.287376021  -49.393350393
    2.296202147  -49.266720574
    2.305028272  -49.150157951
    2.313854398  -49.003418454
    2.322680524  -48.797393772
    2.331506649  -48.593768774
    2.340332775  -48.506852932
    2.349158901  -48.583369094
    2.357985026  -48.749855397
    2.366811152  -48.893487490
    2.375637277  -48.956418061
    2.384463403  -48.952854498
    2.393289529  -48.915556708
    2.402115654  -48.844378556
    2.410941780  -48.699609790
    2.419767906  -48.442467461
    2.428594031  -48.083244369
    2.437420157  -47.685954614
    2.446246283  -47.340112336
    2.455072408  -47.114586182
    2.463898534  -47.046130690
    2.472724660  -47.132209806
    2.481550785  -47.327740630
    2.490376911  -47.560359140
    2.499203037  -47.761915047
    2.508029162  -47.889463167
    2.516855288  -47.929687236
    2.525681414  -47.898428251
    2.534507539  -47.813184499
    2.543333665  -47.680300458
    2.552159791  -47.478633206
    2.560985916  -47.183933070
    2.569812042  -46.810066116
    2.578638168  -46.435154751
    2.587464293  -46.154821173
    2.596290419  -46.022966487
    2.605116545  -46.004899761
    2.613942670  -45.999428160
    2.622768796  -45.934268644
    2.631594921  -45.826532077
    2.640421047  -45.752180551
    2.649247173  -45.753409186
    2.658073298  -45.788072862
    2.666899424  -45.757707445
    2.675725550  -45.601284746
    2.684551675  -45.351727950
    2.693377801  -45.122705599
    2.702203927  -45.013229706
    2.711030052  -45.033053030
    2.719856178  -45.094122331
    2.728682304  -45.061183411
    2.737508429  -44.844328606
    2.746334555  -44.454598917
    2.755160681  -44.007852282
    2.763986806  -43.654229837
    2.772812932  -43.495654332
    2.781639058  -43.552001237
    2.790465183  -43.758882570
    2.799291309  -44.006062440
    2.808117435  -44.177560738
    2.816943560  -44.209073507
    2.825769686  -44.106132242
    2.834595812  -43.938924694
    2.843421937  -43.777114438
    2.852248063  -43.641846725
    2.861074188  -43.527583912
    2.869900314  -43.431767717
    2.878726440  -43.353152572
    2.887552565  -43.278529829
    2.896378691  -43.199943289
    2.905204817  -43.124520726
    2.914030942  -43.031225720
    2.922857068  -42.872493862
    2.931683194  -42.623029479
    2.940509319  -42.327154741
    2.949335445  -42.093650168
    2.958161571  -42.015888050
    2.966987696  -42.115924875
    2.975813822  -42.326608898
    2.984639948  -42.533575960
    2.993466073  -42.632337693
    3.002292199  -42.576240664
    3.011118325  -42.411954096
    3.019944450  -42.267701465
    3.028770576  -42.273706098
    3.037596702  -42.491103459
    3.046422827  -42.863566656
    3.055248953  -43.267448079
    3.064075079  -43.584586378
    3.072901204  -43.734798820
    3.081727330  -43.677800352
    3.090553455  -43.421396440
    3.099379581  -43.033228270
    3.108205707  -42.631351063
    3.117031832  -42.320595825
    3.125857958  -42.112407692
    3.134684084  -41.930179335
    3.143510209  -41.698330754
    3.152336335  -41.420333366
    3.161162461  -41.168942800
    3.169988586  -41.015568250
    3.178814712  -41.016350140
    3.187640838  -41.188265536
    3.196466963  -41.478748493
    3.205293089  -41.767005881
    3.214119215  -41.962054798
    3.222945340  -42.046896233
    3.231771466  -42.048631788
    3.240597592  -41.994465003
    3.249423717  -41.919072601
    3.258249843  -41.882457382
    3.267075969  -41.953286613
    3.275902094  -42.163644465
    3.284728220  -42.464446165
    3.293554346  -42.741343396
    3.302380471  -42.885420626
    3.311206597  -42.873202864
    3.320032723  -42.790922990
    3.328858848  -42.776894409
    3.337684974  -42.904108751
    3.346511099  -43.115684452
    3.355337225  -43.272996252
    3.364163351  -43.279719981
    3.372989476  -43.150037319
    3.381815602  -42.982597858
    3.390641728  -42.906530415
    3.399467853  -43.008282940
    3.408293979  -43.273030942
    3.417120105  -43.552642943
    3.425946230  -43.656472741
    3.434772356  -43.473355427
    3.443598482  -43.052612689
    3.452424607  -42.573517368
    3.461250733  -42.248191238
    3.470076859  -42.210933769
    3.478902984  -42.454047144
    3.487729110  -42.818215347
    3.496555236  -43.037256477
    3.505381361  -42.817094521
    3.514207487  -41.881296055
    3.523033613  -39.997379861
    3.531859738  -37.024101383
    3.540685864  -33.018913554
    3.549511990  -28.279253081
    3.558338115  -23.310142394
    3.567164241  -18.705955308
    3.575990366  -15.046619543
    3.584816492  -12.686489829
    3.593642618  -11.458910661
    3.602468743  -10.889237763
    3.611294869  -10.631286107
    3.620120995  -10.515110794
    3.628947120  -10.464406786
    3.637773246  -10.443613345
    3.646599372  -10.435788389
    3.655425497  -10.433156566
    3.664251623  -10.432446331
    3.673077749  -10.432240308
    3.681903874  -10.432240308
    3.690730000  -10.432240308
