#! FIELDS pp.proj projection
#! SET min_pp.proj 0.31915
#! SET max_pp.proj 3.69073
#! SET nbins_pp.proj  383
#! SET periodic_pp.proj false
    0.319150000  -10.432240308
    0.327976126  -10.432240308
    0.336802251  -10.432240308
    0.345628377  -10.432240308
    0.354454503  -10.432275320
    0.363280628  -10.432377300
    0.372106754  -10.432728556
    0.380932880  -10.434072105
    0.389759005  -10.438003850
    0.398585131  -10.448319609
    0.407411257  -10.473775223
    0.416237382  -10.533902249
    0.425063508  -10.673794662
    0.433889634  -11.008782291
    0.442715759  -11.849274281
    0.451541885  -13.864341185
    0.460368010  -17.612498134
    0.469194136  -22.672341661
    0.478020262  -28.151170244
    0.486846387  -33.249989271
    0.495672513  -37.431472975
    0.504498639  -40.531359882
    0.513324764  -42.717235437
    0.522150890  -44.296371081
    0.530977016  -45.530610899
    0.539803141  -46.561222076
    0.548629267  -47.460782057
    0.557455393  -48.305892658
    0.566281518  -49.195257341
    0.575107644  -50.205994654
    0.583933770  -51.339786058
    0.592759895  -52.511842473
    0.601586021  -53.598011749
    0.610412147  -54.504989892
    0.619238272  -55.243547809
    0.628064398  -55.935763572
    0.636890524  -56.743040088
    0.645716649  -57.733487611
    0.654542775  -58.795275817
    0.663368901  -59.730154465
    0.672195026  -60.427711248
    0.681021152  -60.939183594
    0.689847277  -61.383875062
    0.698673403  -61.795461109
    0.707499529  -62.075802810
    0.716325654  -62.098991463
    0.725151780  -61.853485270
    0.733977906  -61.483175277
    0.742804031  -61.201838527
    0.751630157  -61.173812253
    0.760456283  -61.475088735
    0.769282408  -62.102190357
    0.778108534  -62.972474307
    0.786934660  -63.980437296
    0.795760785  -65.078379384
    0.804586911  -66.276832629
    0.813413037  -67.591300710
    0.822239162  -68.987701111
    0.831065288  -70.391113155
    0.839891414  -71.729765950
    0.848717539  -72.952906673
    0.857543665  -74.025953030
    0.866369791  -74.901587512
    0.875195916  -75.546258058
    0.884022042  -75.959850231
    0.892848168  -76.151949162
    0.901674293  -76.114444446
    0.910500419  -75.822725281
    0.919326545  -75.277288429
    0.928152670  -74.529940935
    0.936978796  -73.685836142
    0.945804921  -72.869013014
    0.954631047  -72.162220446
    0.963457173  -71.582515641
    0.972283298  -71.094667478
    0.981109424  -70.663255177
    0.989935550  -70.279429073
    0.998761675  -69.954446427
    1.007587801  -69.707807978
    1.016413927  -69.545818532
    1.025240052  -69.460228414
    1.034066178  -69.429390067
    1.042892304  -69.405803272
    1.051718429  -69.316409314
    1.060544555  -69.090154565
    1.069370681  -68.691354135
    1.078196806  -68.112933539
    1.087022932  -67.385531902
    1.095849058  -66.629124257
    1.104675183  -66.011864358
    1.113501309  -65.610932993
    1.122327435  -65.348139009
    1.131153560  -65.121061070
    1.139979686  -64.893749502
    1.148805812  -64.700694304
    1.157631937  -64.605379912
    1.166458063  -64.659668424
    1.175284188  -64.860776906
    1.184110314  -65.138148264
    1.192936440  -65.367958144
    1.201762565  -65.426343826
    1.210588691  -65.275267056
    1.219414817  -65.009950321
    1.228240942  -64.805330513
    1.237067068  -64.812183166
    1.245893194  -65.059495365
    1.254719319  -65.431351237
    1.263545445  -65.757077304
    1.272371571  -65.956662970
    1.281197696  -66.101274719
    1.290023822  -66.324280596
    1.298849948  -66.677633915
    1.307676073  -67.093691292
    1.316502199  -67.449011175
    1.325328325  -67.683227610
    1.334154450  -67.848691638
    1.342980576  -68.081310770
    1.351806702  -68.517355890
    1.360632827  -69.220268833
    1.369458953  -70.145164444
    1.378285079  -71.140420880
    1.387111204  -71.995747444
    1.395937330  -72.558933489
    1.404763455  -72.812835071
    1.413589581  -72.825963829
    1.422415707  -72.665690107
    1.431241832  -72.351298654
    1.440067958  -71.879868700
    1.448894084  -71.270067516
    1.457720209  -70.566209681
    1.466546335  -69.847729392
    1.475372461  -69.209535591
    1.484198586  -68.704132844
    1.493024712  -68.306334799
    1.501850838  -67.940219836
    1.510676963  -67.535638911
    1.519503089  -67.061164777
    1.528329215  -66.515203220
    1.537155340  -65.888531951
    1.545981466  -65.157122521
    1.554807592  -64.309594594
    1.563633717  -63.380992537
    1.572459843  -62.505211013
    1.581285969  -61.838266526
    1.590112094  -61.415210228
    1.598938220  -61.166323729
    1.607764346  -61.027483085
    1.616590471  -60.959734201
    1.625416597  -60.922091121
    1.634242723  -60.868908222
    1.643068848  -60.792026023
    1.651894974  -60.730113579
    1.660721099  -60.709105074
    1.669547225  -60.694817294
    1.678373351  -60.638205462
    1.687199476  -60.552826237
    1.696025602  -60.534326106
    1.704851728  -60.684759798
    1.713677853  -61.032872811
    1.722503979  -61.531771080
    1.731330105  -62.080901001
    1.740156230  -62.558848590
    1.748982356  -62.874897841
    1.757808482  -63.030450485
    1.766634607  -63.117194389
    1.775460733  -63.240328791
    1.784286859  -63.451460078
    1.793112984  -63.759195619
    1.801939110  -64.164040808
    1.810765236  -64.668185669
    1.819591361  -65.265041031
    1.828417487  -65.919286255
    1.837243613  -66.561874255
    1.846069738  -67.109411100
    1.854895864  -67.503922194
    1.863721990  -67.750451130
    1.872548115  -67.898566419
    1.881374241  -68.008796527
    1.890200366  -68.122225920
    1.899026492  -68.259717136
    1.907852618  -68.436709941
    1.916678743  -68.670452254
    1.925504869  -68.981055389
    1.934330995  -69.355619049
    1.943157120  -69.734886086
    1.951983246  -70.039197639
    1.960809372  -70.204879776
    1.969635497  -70.215463969
    1.978461623  -70.119263681
    1.987287749  -70.024743988
    1.996113874  -70.031975585
    2.004940000  -70.158909864
    2.013766126  -70.314877025
    2.022592251  -70.374456730
    2.031418377  -70.275584466
    2.040244503  -70.051412344
    2.049070628  -69.784050209
    2.057896754  -69.540753697
    2.066722880  -69.341905262
    2.075549005  -69.148742395
    2.084375131  -68.900397967
    2.093201257  -68.571102038
    2.102027382  -68.201990785
    2.110853508  -67.877457204
    2.119679634  -67.647811252
    2.128505759  -67.484895257
    2.137331885  -67.314960477
    2.146158010  -67.100812467
    2.154984136  -66.879631566
    2.163810262  -66.717568712
    2.172636387  -66.619216552
    2.181462513  -66.504414649
    2.190288639  -66.277574346
    2.199114764  -65.935097779
    2.207940890  -65.563205087
    2.216767016  -65.258810130
    2.225593141  -65.067059278
    2.234419267  -64.988731663
    2.243245393  -65.000648717
    2.252071518  -65.060397433
    2.260897644  -65.105562082
    2.269723770  -65.073574177
    2.278549895  -64.950355896
    2.287376021  -64.778282365
    2.296202147  -64.619978865
    2.305028272  -64.516624127
    2.313854398  -64.460090845
    2.322680524  -64.430306803
    2.331506649  -64.431942304
    2.340332775  -64.476281031
    2.349158901  -64.548730366
    2.357985026  -64.598022248
    2.366811152  -64.584720120
    2.375637277  -64.515533617
    2.384463403  -64.432717285
    2.393289529  -64.367402198
    2.402115654  -64.320325138
    2.410941780  -64.268799652
    2.419767906  -64.189321395
    2.428594031  -64.080924507
    2.437420157  -63.970202808
    2.446246283  -63.900636513
    2.455072408  -63.900465065
    2.463898534  -63.975074333
    2.472724660  -64.107823500
    2.481550785  -64.262399607
    2.490376911  -64.401615110
    2.499203037  -64.507023047
    2.508029162  -64.574490589
    2.516855288  -64.592117511
    2.525681414  -64.552238128
    2.534507539  -64.457623444
    2.543333665  -64.338699674
    2.552159791  -64.236191366
    2.560985916  -64.185055021
    2.569812042  -64.206176804
    2.578638168  -64.316195439
    2.587464293  -64.503865888
    2.596290419  -64.717111429
    2.605116545  -64.864956442
    2.613942670  -64.868135198
    2.622768796  -64.731508675
    2.631594921  -64.539454199
    2.640421047  -64.395497753
    2.649247173  -64.344165594
    2.658073298  -64.331029951
    2.666899424  -64.242493821
    2.675725550  -63.998719634
    2.684551675  -63.616084219
    2.693377801  -63.205841176
    2.702203927  -62.889236316
    2.711030052  -62.726258589
    2.719856178  -62.700294782
    2.728682304  -62.744392971
    2.737508429  -62.792673074
    2.746334555  -62.790324186
    2.755160681  -62.715467252
    2.763986806  -62.583757230
    2.772812932  -62.433091383
    2.781639058  -62.302711552
    2.790465183  -62.214714749
    2.799291309  -62.168771356
    2.808117435  -62.142683934
    2.816943560  -62.116596944
    2.825769686  -62.087410636
    2.834595812  -62.071809436
    2.843421937  -62.071308572
    2.852248063  -62.058173626
    2.861074188  -62.007429605
    2.869900314  -61.913787040
    2.878726440  -61.797772413
    2.887552565  -61.705952178
    2.896378691  -61.683457590
    2.905204817  -61.728823028
    2.914030942  -61.763515236
    2.922857068  -61.697903035
    2.931683194  -61.495639618
    2.940509319  -61.205337988
    2.949335445  -60.942521870
    2.958161571  -60.800709491
    2.966987696  -60.800469604
    2.975813822  -60.883766727
    2.984639948  -60.959655492
    2.993466073  -60.960580127
    3.002292199  -60.872772621
    3.011118325  -60.743352652
    3.019944450  -60.653044711
    3.028770576  -60.651812744
    3.037596702  -60.740024962
    3.046422827  -60.877201390
    3.055248953  -61.020183109
    3.064075079  -61.132104754
    3.072901204  -61.166689584
    3.081727330  -61.074639757
    3.090553455  -60.846968386
    3.099379581  -60.552779743
    3.108205707  -60.324906316
    3.117031832  -60.287693063
    3.125857958  -60.472740806
    3.134684084  -60.801759811
    3.143510209  -61.137192191
    3.152336335  -61.367399701
    3.161162461  -61.452162409
    3.169988586  -61.408107717
    3.178814712  -61.295864223
    3.187640838  -61.174575739
    3.196466963  -61.071266596
    3.205293089  -60.982610269
    3.214119215  -60.924736143
    3.222945340  -60.911455144
    3.231771466  -60.920045161
    3.240597592  -60.908629136
    3.249423717  -60.864216355
    3.258249843  -60.817540198
    3.267075969  -60.818372001
    3.275902094  -60.896060590
    3.284728220  -61.021316318
    3.293554346  -61.108891859
    3.302380471  -61.077784713
    3.311206597  -60.927821449
    3.320032723  -60.759012419
    3.328858848  -60.715949571
    3.337684974  -60.865675347
    3.346511099  -61.134527128
    3.355337225  -61.342284425
    3.364163351  -61.311642159
    3.372989476  -60.972986133
    3.381815602  -60.414101230
    3.390641728  -59.835587703
    3.399467853  -59.420976079
    3.408293979  -59.247125590
    3.417120105  -59.262103766
    3.425946230  -59.357530246
    3.434772356  -59.432693449
    3.443598482  -59.442936709
    3.452424607  -59.403605017
    3.461250733  -59.361285396
    3.470076859  -59.336371604
    3.478902984  -59.306226110
    3.487729110  -59.211449781
    3.496555236  -58.960495257
    3.505381361  -58.419225792
    3.514207487  -57.402112680
    3.523033613  -55.714174742
    3.531859738  -53.193182766
    3.540685864  -49.764203790
    3.549511990  -45.451630571
    3.558338115  -40.387059188
    3.567164241  -34.799745858
    3.575990366  -29.011799952
    3.584816492  -23.419768708
    3.593642618  -18.486919482
    3.602468743  -14.713910199
    3.611294869  -12.410200614
    3.620120995  -11.288675662
    3.628947120  -10.796707615
    3.637773246  -10.583227234
    3.646599372  -10.491391798
    3.655425497  -10.453586154
    3.664251623  -10.438982806
    3.673077749  -10.434031127
    3.681903874  -10.432655714
    3.690730000  -10.432240308
