#! FIELDS pp.proj projection
#! SET min_pp.proj 0.31915
#! SET max_pp.proj 3.69073
#! SET nbins_pp.proj  383
#! SET periodic_pp.proj false
    0.319150000  -10.432240308
    0.327976126  -10.432240308
    0.336802251  -10.432240308
    0.345628377  -10.432240308
    0.354454503  -10.432275320
    0.363280628  -10.432377300
    0.372106754  -10.432782589
    0.380932880  -10.434317674
    0.389759005  -10.439033358
    0.398585131  -10.452010380
    0.407411257  -10.485030704
    0.416237382  -10.564727720
    0.425063508  -10.750029534
    0.433889634  -11.177370595
    0.442715759  -12.162501097
    0.451541885  -14.284384533
    0.460368010  -17.992338150
    0.469194136  -22.970674824
    0.478020262  -28.415474941
    0.486846387  -33.523476734
    0.495672513  -37.743750011
    0.504498639  -40.908346223
    0.513324764  -43.185631862
    0.522150890  -44.883949023
    0.530977016  -46.270840185
    0.539803141  -47.507272599
    0.548629267  -48.701650959
    0.557455393  -49.969701030
    0.566281518  -51.423627770
    0.575107644  -53.123288419
    0.583933770  -55.081213991
    0.592759895  -57.294122392
    0.601586021  -59.742588579
    0.610412147  -62.375788491
    0.619238272  -65.110637600
    0.628064398  -67.870992253
    0.636890524  -70.581204875
    0.645716649  -73.147142281
    0.654542775  -75.460614380
    0.663368901  -77.425517488
    0.672195026  -79.008552415
    0.681021152  -80.260176998
    0.689847277  -81.307917564
    0.698673403  -82.306205941
    0.707499529  -83.360545388
    0.716325654  -84.481235360
    0.725151780  -85.630328265
    0.733977906  -86.792436899
    0.742804031  -88.006990233
    0.751630157  -89.353173831
    0.760456283  -90.922672041
    0.769282408  -92.765528283
    0.778108534  -94.801110089
    0.786934660  -96.808285119
    0.795760785  -98.551820633
    0.804586911  -99.905023143
    0.813413037 -100.851610570
    0.822239162 -101.412799579
    0.831065288 -101.578807008
    0.839891414 -101.351097407
    0.848717539 -100.789592382
    0.857543665 -100.032367576
    0.866369791  -99.246657481
    0.875195916  -98.516397644
    0.884022042  -97.803338675
    0.892848168  -96.965256705
    0.901674293  -95.860912313
    0.910500419  -94.438799742
    0.919326545  -92.787365025
    0.928152670  -91.088297090
    0.936978796  -89.518824392
    0.945804921  -88.155441651
    0.954631047  -86.973631809
    0.963457173  -85.937252883
    0.972283298  -85.074563459
    0.981109424  -84.431495906
    0.989935550  -83.988696390
    0.998761675  -83.675527327
    1.007587801  -83.422221429
    1.016413927  -83.174223076
    1.025240052  -82.897015006
    1.034066178  -82.565579965
    1.042892304  -82.142768607
    1.051718429  -81.604105607
    1.060544555  -80.972630211
    1.069370681  -80.323463222
    1.078196806  -79.740190578
    1.087022932  -79.274811290
    1.095849058  -78.951851752
    1.104675183  -78.776823837
    1.113501309  -78.742950132
    1.122327435  -78.796228758
    1.131153560  -78.846755117
    1.139979686  -78.840185042
    1.148805812  -78.826800852
    1.157631937  -78.925750857
    1.166458063  -79.236781422
    1.175284188  -79.766303523
    1.184110314  -80.433075754
    1.192936440  -81.076430996
    1.201762565  -81.510170536
    1.210588691  -81.623942751
    1.219414817  -81.469740601
    1.228240942  -81.227425724
    1.237067068  -81.086720366
    1.245893194  -81.111417148
    1.254719319  -81.218839403
    1.263545445  -81.257182226
    1.272371571  -81.132286211
    1.281197696  -80.869692243
    1.290023822  -80.565137130
    1.298849948  -80.286003034
    1.307676073  -80.029698808
    1.316502199  -79.739866016
    1.325328325  -79.373516585
    1.334154450  -78.939000988
    1.342980576  -78.487686019
    1.351806702  -78.074616353
    1.360632827  -77.728631433
    1.369458953  -77.449428744
    1.378285079  -77.223042216
    1.387111204  -77.004960417
    1.395937330  -76.735601355
    1.404763455  -76.379297935
    1.413589581  -75.957345219
    1.422415707  -75.536329921
    1.431241832  -75.181408503
    1.440067958  -74.937111939
    1.448894084  -74.830334027
    1.457720209  -74.860119323
    1.466546335  -75.001618939
    1.475372461  -75.207100128
    1.484198586  -75.425652666
    1.493024712  -75.632781149
    1.501850838  -75.837092713
    1.510676963  -76.050303210
    1.519503089  -76.260274827
    1.528329215  -76.443834450
    1.537155340  -76.590679904
    1.545981466  -76.713781330
    1.554807592  -76.833647331
    1.563633717  -76.951444341
    1.572459843  -77.070127062
    1.581285969  -77.191912707
    1.590112094  -77.284807119
    1.598938220  -77.277614246
    1.607764346  -77.120244311
    1.616590471  -76.812303281
    1.625416597  -76.408912270
    1.634242723  -75.990635532
    1.643068848  -75.631646377
    1.651894974  -75.376056862
    1.660721099  -75.238360521
    1.669547225  -75.210264284
    1.678373351  -75.260957349
    1.687199476  -75.351495024
    1.696025602  -75.471873022
    1.704851728  -75.658116275
    1.713677853  -75.957012322
    1.722503979  -76.377892359
    1.731330105  -76.856830221
    1.740156230  -77.275117000
    1.748982356  -77.519631031
    1.757808482  -77.559400872
    1.766634607  -77.479735784
    1.775460733  -77.412625257
    1.784286859  -77.415824693
    1.793112984  -77.444599060
    1.801939110  -77.428870995
    1.810765236  -77.343789249
    1.819591361  -77.222155979
    1.828417487  -77.127901889
    1.837243613  -77.098736668
    1.846069738  -77.133296020
    1.854895864  -77.208613431
    1.863721990  -77.313117956
    1.872548115  -77.441899479
    1.881374241  -77.589148517
    1.890200366  -77.740651903
    1.899026492  -77.882974286
    1.907852618  -78.018945278
    1.916678743  -78.163407042
    1.925504869  -78.328787696
    1.934330995  -78.497631117
    1.943157120  -78.628277643
    1.951983246  -78.679490638
    1.960809372  -78.624261254
    1.969635497  -78.468291779
    1.978461623  -78.262691502
    1.987287749  -78.096361965
    1.996113874  -78.035905432
    2.004940000  -78.076333660
    2.013766126  -78.133174387
    2.022592251  -78.111400323
    2.031418377  -77.981741687
    2.040244503  -77.795170184
    2.049070628  -77.627825415
    2.057896754  -77.526856211
    2.066722880  -77.503695907
    2.075549005  -77.526744566
    2.084375131  -77.539239043
    2.093201257  -77.489448308
    2.102027382  -77.368997476
    2.110853508  -77.222576766
    2.119679634  -77.098122739
    2.128505759  -77.000751399
    2.137331885  -76.898943885
    2.146158010  -76.774106565
    2.154984136  -76.658516922
    2.163810262  -76.620966222
    2.172636387  -76.699308677
    2.181462513  -76.859564600
    2.190288639  -77.012418078
    2.199114764  -77.093330557
    2.207940890  -77.083714992
    2.216767016  -76.995268581
    2.225593141  -76.859037960
    2.234419267  -76.734276542
    2.243245393  -76.684444949
    2.252071518  -76.727257402
    2.260897644  -76.809438389
    2.269723770  -76.836944500
    2.278549895  -76.752448943
    2.287376021  -76.573977983
    2.296202147  -76.366854181
    2.305028272  -76.186622200
    2.313854398  -76.044515503
    2.322680524  -75.934792617
    2.331506649  -75.862420672
    2.340332775  -75.837588372
    2.349158901  -75.849489139
    2.357985026  -75.857074960
    2.366811152  -75.829214131
    2.375637277  -75.779838413
    2.384463403  -75.752682364
    2.393289529  -75.776804789
    2.402115654  -75.848099248
    2.410941780  -75.931454460
    2.419767906  -75.989806998
    2.428594031  -76.009820554
    2.437420157  -75.998466173
    2.446246283  -75.965593463
    2.455072408  -75.907575115
    2.463898534  -75.822318301
    2.472724660  -75.711539322
    2.481550785  -75.580812560
    2.490376911  -75.448545735
    2.499203037  -75.341662616
    2.508029162  -75.267376563
    2.516855288  -75.201699570
    2.525681414  -75.118227987
    2.534507539  -75.008926449
    2.543333665  -74.891927649
    2.552159791  -74.784273385
    2.560985916  -74.695734755
    2.569812042  -74.638884198
    2.578638168  -74.635992653
    2.587464293  -74.696258794
    2.596290419  -74.802262672
    2.605116545  -74.904528932
    2.613942670  -74.940390389
    2.622768796  -74.883452135
    2.631594921  -74.765581974
    2.640421047  -74.653279145
    2.649247173  -74.596705973
    2.658073298  -74.588647713
    2.666899424  -74.572685883
    2.675725550  -74.495238759
    2.684551675  -74.347945398
    2.693377801  -74.175467430
    2.702203927  -74.027754734
    2.711030052  -73.927390195
    2.719856178  -73.874939971
    2.728682304  -73.862833304
    2.737508429  -73.895242094
    2.746334555  -73.961591420
    2.755160681  -74.036979475
    2.763986806  -74.088464027
    2.772812932  -74.086901416
    2.781639058  -74.023701255
    2.790465183  -73.914548651
    2.799291309  -73.795708066
    2.808117435  -73.701137021
    2.816943560  -73.655400388
    2.825769686  -73.664769829
    2.834595812  -73.721988219
    2.843421937  -73.798568456
    2.852248063  -73.845722327
    2.861074188  -73.830614032
    2.869900314  -73.753574717
    2.878726440  -73.641739959
    2.887552565  -73.532946698
    2.896378691  -73.449659572
    2.905204817  -73.389297553
    2.914030942  -73.312857434
    2.922857068  -73.180818682
    2.931683194  -72.989847779
    2.940509319  -72.793065111
    2.949335445  -72.680129786
    2.958161571  -72.704322393
    2.966987696  -72.852081787
    2.975813822  -73.054827219
    2.984639948  -73.224211074
    2.993466073  -73.293317012
    3.002292199  -73.239880920
    3.011118325  -73.088901150
    3.019944450  -72.888634436
    3.028770576  -72.665290516
    3.037596702  -72.424315772
    3.046422827  -72.171774386
    3.055248953  -71.946456300
    3.064075079  -71.807601163
    3.072901204  -71.783337172
    3.081727330  -71.840515824
    3.090553455  -71.914648262
    3.099379581  -71.966541638
    3.108205707  -72.009283680
    3.117031832  -72.080511811
    3.125857958  -72.188057628
    3.134684084  -72.291763203
    3.143510209  -72.327971616
    3.152336335  -72.258312039
    3.161162461  -72.099810948
    3.169988586  -71.903587132
    3.178814712  -71.724842086
    3.187640838  -71.589071122
    3.196466963  -71.497387840
    3.205293089  -71.438488567
    3.214119215  -71.406939186
    3.222945340  -71.394780009
    3.231771466  -71.386652863
    3.240597592  -71.358512577
    3.249423717  -71.286414457
    3.258249843  -71.164907869
    3.267075969  -71.020373635
    3.275902094  -70.899841265
    3.284728220  -70.839686676
    3.293554346  -70.841115675
    3.302380471  -70.883066585
    3.311206597  -70.948543370
    3.320032723  -71.043799345
    3.328858848  -71.192001162
    3.337684974  -71.386462315
    3.346511099  -71.567834371
    3.355337225  -71.641798627
    3.364163351  -71.543587741
    3.372989476  -71.284554553
    3.381815602  -70.962265602
    3.390641728  -70.711968154
    3.399467853  -70.627357213
    3.408293979  -70.726190824
    3.417120105  -70.944751089
    3.425946230  -71.182949991
    3.434772356  -71.352839439
    3.443598482  -71.419486016
    3.452424607  -71.400582078
    3.461250733  -71.351790443
    3.470076859  -71.334642051
    3.478902984  -71.392437793
    3.487729110  -71.511994059
    3.496555236  -71.595444677
    3.505381361  -71.452986489
    3.514207487  -70.821284619
    3.523033613  -69.452588444
    3.531859738  -67.180918940
    3.540685864  -63.945165155
    3.549511990  -59.726668626
    3.558338115  -54.512572403
    3.567164241  -48.322943356
    3.575990366  -41.310555982
    3.584816492  -33.855755726
    3.593642618  -26.581292823
    3.602468743  -20.214277355
    3.611294869  -15.439951560
    3.620120995  -12.625165117
    3.628947120  -11.332225944
    3.637773246  -10.797028085
    3.646599372  -10.575816364
    3.655425497  -10.485262315
    3.664251623  -10.449921875
    3.673077749  -10.437255276
    3.681903874  -10.433351277
    3.690730000  -10.432360630
