#! FIELDS pp.proj projection
#! SET min_pp.proj 0.31915
#! SET max_pp.proj 3.69073
#! SET nbins_pp.proj  383
#! SET periodic_pp.proj false
    0.319150000  -10.432240308
    0.327976126  -10.432240308
    0.336802251  -10.432240308
    0.345628377  -10.432240308
    0.354454503  -10.432275320
    0.363280628  -10.432377300
    0.372106754  -10.432728556
    0.380932880  -10.434072105
    0.389759005  -10.438003850
    0.398585131  -10.448319609
    0.407411257  -10.473775223
    0.416237382  -10.533902249
    0.425063508  -10.673794662
    0.433889634  -11.008782291
    0.442715759  -11.849274281
    0.451541885  -13.864341185
    0.460368010  -17.612498134
    0.469194136  -22.672341661
    0.478020262  -28.151170244
    0.486846387  -33.249989271
    0.495672513  -37.431472975
    0.504498639  -40.531359882
    0.513324764  -42.717235437
    0.522150890  -44.296371081
    0.530977016  -45.530610899
    0.539803141  -46.561222076
    0.548629267  -47.460782057
    0.557455393  -48.305892658
    0.566281518  -49.195257341
    0.575107644  -50.205994654
    0.583933770  -51.339786058
    0.592759895  -52.511842473
    0.601586021  -53.598011749
    0.610412147  -54.504989892
    0.619238272  -55.243547809
    0.628064398  -55.935763572
    0.636890524  -56.743040088
    0.645716649  -57.733487611
    0.654542775  -58.795275817
    0.663368901  -59.730154465
    0.672195026  -60.427711248
    0.681021152  -60.939183594
    0.689847277  -61.383875062
    0.698673403  -61.795461109
    0.707499529  -62.075802810
    0.716325654  -62.098991463
    0.725151780  -61.853485270
    0.733977906  -61.483175277
    0.742804031  -61.201838527
    0.751630157  -61.173812253
    0.760456283  -61.475088735
    0.769282408  -62.102190357
    0.778108534  -62.972474307
    0.786934660  -63.980437296
    0.795760785  -65.078379384
    0.804586911  -66.276832629
    0.813413037  -67.591300710
    0.822239162  -68.987701111
    0.831065288  -70.391113155
    0.839891414  -71.729765950
    0.848717539  -72.952906673
    0.857543665  -74.025953030
    0.866369791  -74.901587512
    0.875195916  -75.546258058
    0.884022042  -75.959850231
    0.892848168  -76.151949162
    0.901674293  -76.114444446
    0.910500419  -75.822725281
    0.919326545  -75.277274944
    0.928152670  -74.529880512
    0.936978796  -73.685616910
    0.945804921  -72.868292246
    0.954631047  -72.160149008
    0.963457173  -71.577377985
    0.972283298  -71.083674302
    0.981109424  -70.642866031
    0.989935550  -70.246554320
    0.998761675  -69.908688761
    1.007587801  -69.652097362
    1.016413927  -69.483529380
    1.025240052  -69.391190465
    1.034066178  -69.349116211
    1.042892304  -69.308131619
    1.051718429  -69.198081292
    1.060544555  -68.953075540
    1.069370681  -68.537178526
    1.078196806  -67.928935134
    1.087022932  -67.125193329
    1.095849058  -66.192337796
    1.104675183  -65.264640575
    1.113501309  -64.484099055
    1.122327435  -63.893668604
    1.131153560  -63.423068303
    1.139979686  -62.992971325
    1.148805812  -62.627963807
    1.157631937  -62.449832883
    1.166458063  -62.570639870
    1.175284188  -62.955035448
    1.184110314  -63.425621974
    1.192936440  -63.765404721
    1.201762565  -63.821699905
    1.210588691  -63.575623528
    1.219414817  -63.141257687
    1.228240942  -62.678648711
    1.237067068  -62.293773990
    1.245893194  -61.971058425
    1.254719319  -61.579076626
    1.263545445  -60.963643246
    1.272371571  -60.060622143
    1.281197696  -58.948548149
    1.290023822  -57.795617040
    1.298849948  -56.738972209
    1.307676073  -55.809804294
    1.316502199  -54.937436887
    1.325328325  -54.059747839
    1.334154450  -53.177071511
    1.342980576  -52.325713941
    1.351806702  -51.509479297
    1.360632827  -50.676694689
    1.369458953  -49.743447478
    1.378285079  -48.638896967
    1.387111204  -47.349472290
    1.395937330  -45.953313412
    1.404763455  -44.607494170
    1.413589581  -43.481993944
    1.422415707  -42.676767689
    1.431241832  -42.149117274
    1.440067958  -41.718991930
    1.448894084  -41.173551321
    1.457720209  -40.415200863
    1.466546335  -39.545971929
    1.475372461  -38.803287137
    1.484198586  -38.392490953
    1.493024712  -38.379744891
    1.501850838  -38.687426891
    1.510676963  -39.123048882
    1.519503089  -39.440383452
    1.528329215  -39.450833767
    1.537155340  -39.124532166
    1.545981466  -38.609735491
    1.554807592  -38.142808712
    1.563633717  -37.909976016
    1.572459843  -37.952669087
    1.581285969  -38.154158589
    1.590112094  -38.341985105
    1.598938220  -38.390920221
    1.607764346  -38.274743038
    1.616590471  -38.023308814
    1.625416597  -37.673018203
    1.634242723  -37.262243841
    1.643068848  -36.875928517
    1.651894974  -36.645150556
    1.660721099  -36.661939806
    1.669547225  -36.896982256
    1.678373351  -37.241771195
    1.687199476  -37.615156392
    1.696025602  -37.974564314
    1.704851728  -38.261173759
    1.713677853  -38.461174339
    1.722503979  -38.647660158
    1.731330105  -38.885681208
    1.740156230  -39.158771798
    1.748982356  -39.387769856
    1.757808482  -39.522602956
    1.766634607  -39.590456491
    1.775460733  -39.654156431
    1.784286859  -39.724688466
    1.793112984  -39.728248766
    1.801939110  -39.584134479
    1.810765236  -39.314978051
    1.819591361  -39.069932995
    1.828417487  -38.998776103
    1.837243613  -39.157228711
    1.846069738  -39.541242887
    1.854895864  -40.114953006
    1.863721990  -40.806494672
    1.872548115  -41.520533387
    1.881374241  -42.177073325
    1.890200366  -42.716362920
    1.899026492  -43.107306231
    1.907852618  -43.378650149
    1.916678743  -43.615897082
    1.925504869  -43.916018766
    1.934330995  -44.303288715
    1.943157120  -44.703414254
    1.951983246  -44.988541074
    1.960809372  -45.055027235
    1.969635497  -44.892369078
    1.978461623  -44.588543605
    1.987287749  -44.282822343
    1.996113874  -44.071280829
    2.004940000  -43.955632064
    2.013766126  -43.857649629
    2.022592251  -43.696817108
    2.031418377  -43.452842505
    2.040244503  -43.162674442
    2.049070628  -42.860211229
    2.057896754  -42.538369936
    2.066722880  -42.161866827
    2.075549005  -41.694627067
    2.084375131  -41.132564093
    2.093201257  -40.520468088
    2.102027382  -39.945334076
    2.110853508  -39.504167383
    2.119679634  -39.231108368
    2.128505759  -39.055420592
    2.137331885  -38.858135283
    2.146158010  -38.584794738
    2.154984136  -38.297179312
    2.163810262  -38.109103037
    2.172636387  -38.056039446
    2.181462513  -38.041190142
    2.190288639  -37.904216918
    2.199114764  -37.571552580
    2.207940890  -37.109782792
    2.216767016  -36.675627460
    2.225593141  -36.397290517
    2.234419267  -36.292160463
    2.243245393  -36.267148442
    2.252071518  -36.183010095
    2.260897644  -35.958596874
    2.269723770  -35.625462721
    2.278549895  -35.299608161
    2.287376021  -35.091439451
    2.296202147  -35.038688160
    2.305028272  -35.077513125
    2.313854398  -35.075231106
    2.322680524  -34.952691793
    2.331506649  -34.768071189
    2.340332775  -34.633359146
    2.349158901  -34.563615260
    2.357985026  -34.475915866
    2.366811152  -34.336325017
    2.375637277  -34.230145872
    2.384463403  -34.259604694
    2.393289529  -34.437292313
    2.402115654  -34.698532928
    2.410941780  -34.955911107
    2.419767906  -35.142069723
    2.428594031  -35.236006980
    2.437420157  -35.259789090
    2.446246283  -35.253640674
    2.455072408  -35.238900662
    2.463898534  -35.212543206
    2.472724660  -35.177399710
    2.481550785  -35.167328778
    2.490376911  -35.209218292
    2.499203037  -35.277145217
    2.508029162  -35.324703371
    2.516855288  -35.357979743
    2.525681414  -35.423686991
    2.534507539  -35.527224297
    2.543333665  -35.623153897
    2.552159791  -35.662417880
    2.560985916  -35.650002407
    2.569812042  -35.661707722
    2.578638168  -35.805157966
    2.587464293  -36.140362469
    2.596290419  -36.631049874
    2.605116545  -37.149060977
    2.613942670  -37.542895164
    2.622768796  -37.743110187
    2.631594921  -37.799513098
    2.640421047  -37.809002832
    2.649247173  -37.814575987
    2.658073298  -37.785975724
    2.666899424  -37.674520339
    2.675725550  -37.499929760
    2.684551675  -37.358800842
    2.693377801  -37.374975985
    2.702203927  -37.612316352
    2.711030052  -38.025527132
    2.719856178  -38.456861862
    2.728682304  -38.700295005
    2.737508429  -38.622462229
    2.746334555  -38.226730788
    2.755160681  -37.656562698
    2.763986806  -37.115040961
    2.772812932  -36.769678048
    2.781639058  -36.686301942
    2.790465183  -36.799452840
    2.799291309  -36.954135175
    2.808117435  -36.992784849
    2.816943560  -36.850291166
    2.825769686  -36.561682361
    2.834595812  -36.207342714
    2.843421937  -35.842097344
    2.852248063  -35.497269495
    2.861074188  -35.237671990
    2.869900314  -35.147988546
    2.878726440  -35.239241165
    2.887552565  -35.420652726
    2.896378691  -35.583033236
    2.905204817  -35.661321649
    2.914030942  -35.607874783
    2.922857068  -35.386734378
    2.931683194  -35.007106434
    2.940509319  -34.542270001
    2.949335445  -34.104806441
    2.958161571  -33.770437326
    2.966987696  -33.543979683
    2.975813822  -33.362428148
    2.984639948  -33.143383440
    2.993466073  -32.830510385
    3.002292199  -32.425142961
    3.011118325  -32.011554568
    3.019944450  -31.749445028
    3.028770576  -31.784387342
    3.037596702  -32.165660974
    3.046422827  -32.812978365
    3.055248953  -33.566121062
    3.064075079  -34.235046298
    3.072901204  -34.652696859
    3.081727330  -34.736162035
    3.090553455  -34.517740343
    3.099379581  -34.115089002
    3.108205707  -33.674224080
    3.117031832  -33.313037566
    3.125857958  -33.067191236
    3.134684084  -32.886767984
    3.143510209  -32.691683380
    3.152336335  -32.446332375
    3.161162461  -32.197028555
    3.169988586  -32.021074441
    3.178814712  -31.967857322
    3.187640838  -32.016038630
    3.196466963  -32.107871778
    3.205293089  -32.191527168
    3.214119215  -32.256372287
    3.222945340  -32.309887122
    3.231771466  -32.334429336
    3.240597592  -32.262804568
    3.249423717  -32.024067339
    3.258249843  -31.600416400
    3.267075969  -31.050637755
    3.275902094  -30.473339376
    3.284728220  -29.947381095
    3.293554346  -29.507897341
    3.302380471  -29.172979107
    3.311206597  -28.962436044
    3.320032723  -28.892140658
    3.328858848  -28.958677280
    3.337684974  -29.130834552
    3.346511099  -29.332410600
    3.355337225  -29.434356859
    3.364163351  -29.305469253
    3.372989476  -28.886952220
    3.381815602  -28.239175457
    3.390641728  -27.537317021
    3.399467853  -26.989441957
    3.408293979  -26.740730775
    3.417120105  -26.789465199
    3.425946230  -27.005736118
    3.434772356  -27.219871717
    3.443598482  -27.342479069
    3.452424607  -27.413346081
    3.461250733  -27.547366564
    3.470076859  -27.822446475
    3.478902984  -28.194789867
    3.487729110  -28.484873938
    3.496555236  -28.415199795
    3.505381361  -27.692668701
    3.514207487  -26.106545113
    3.523033613  -23.634575299
    3.531859738  -20.497806868
    3.540685864  -17.165861907
    3.549511990  -14.268758403
    3.558338115  -12.317170316
    3.567164241  -11.286308790
    3.575990366  -10.808202561
    3.584816492  -10.593083721
    3.593642618  -10.497768920
    3.602468743  -10.456901659
    3.611294869  -10.440540960
    3.620120995  -10.434618907
    3.628947120  -10.432797881
    3.637773246  -10.432240308
    3.646599372  -10.432240308
    3.655425497  -10.432240308
    3.664251623  -10.432240308
    3.673077749  -10.432240308
    3.681903874  -10.432240308
    3.690730000  -10.432240308
