#! FIELDS pp.proj projection
#! SET min_pp.proj 0.31915
#! SET max_pp.proj 3.69073
#! SET nbins_pp.proj  383
#! SET periodic_pp.proj false
    0.319150000  -10.432240308
    0.327976126  -10.432240308
    0.336802251  -10.432240308
    0.345628377  -10.432240308
    0.354454503  -10.432275320
    0.363280628  -10.432377300
    0.372106754  -10.432728556
    0.380932880  -10.434072105
    0.389759005  -10.438003850
    0.398585131  -10.448319609
    0.407411257  -10.473775223
    0.416237382  -10.533902249
    0.425063508  -10.673794662
    0.433889634  -11.008782291
    0.442715759  -11.849274281
    0.451541885  -13.864341185
    0.460368010  -17.612498134
    0.469194136  -22.672341661
    0.478020262  -28.151170244
    0.486846387  -33.249989271
    0.495672513  -37.431472975
    0.504498639  -40.531359882
    0.513324764  -42.717235437
    0.522150890  -44.296371081
    0.530977016  -45.530610899
    0.539803141  -46.561222076
    0.548629267  -47.460782057
    0.557455393  -48.305892658
    0.566281518  -49.195257341
    0.575107644  -50.205994654
    0.583933770  -51.339786058
    0.592759895  -52.511842473
    0.601586021  -53.598011749
    0.610412147  -54.504989892
    0.619238272  -55.243547809
    0.628064398  -55.935763572
    0.636890524  -56.743040088
    0.645716649  -57.733487611
    0.654542775  -58.795275817
    0.663368901  -59.730154465
    0.672195026  -60.427711248
    0.681021152  -60.939183594
    0.689847277  -61.383875062
    0.698673403  -61.795461109
    0.707499529  -62.075802810
    0.716325654  -62.098991463
    0.725151780  -61.853485270
    0.733977906  -61.483175277
    0.742804031  -61.201838527
    0.751630157  -61.173812253
    0.760456283  -61.475088735
    0.769282408  -62.102190357
    0.778108534  -62.972474307
    0.786934660  -63.980437296
    0.795760785  -65.078379384
    0.804586911  -66.276832629
    0.813413037  -67.591300710
    0.822239162  -68.987701111
    0.831065288  -70.391113155
    0.839891414  -71.729765950
    0.848717539  -72.952906673
    0.857543665  -74.025953030
    0.866369791  -74.901587512
    0.875195916  -75.546258058
    0.884022042  -75.959850231
    0.892848168  -76.151949162
    0.901674293  -76.114444446
    0.910500419  -75.822725281
    0.919326545  -75.277274944
    0.928152670  -74.529880512
    0.936978796  -73.685616910
    0.945804921  -72.868292246
    0.954631047  -72.160149008
    0.963457173  -71.577377985
    0.972283298  -71.083674302
    0.981109424  -70.642866031
    0.989935550  -70.246554320
    0.998761675  -69.908688761
    1.007587801  -69.652097362
    1.016413927  -69.483529380
    1.025240052  -69.391190465
    1.034066178  -69.349116211
    1.042892304  -69.308131619
    1.051718429  -69.198081292
    1.060544555  -68.953075540
    1.069370681  -68.537178526
    1.078196806  -67.928935134
    1.087022932  -67.125193329
    1.095849058  -66.192337796
    1.104675183  -65.264640575
    1.113501309  -64.484099055
    1.122327435  -63.893668604
    1.131153560  -63.423068303
    1.139979686  -62.992971325
    1.148805812  -62.627963807
    1.157631937  -62.449832883
    1.166458063  -62.570639870
    1.175284188  -62.955035448
    1.184110314  -63.425621974
    1.192936440  -63.765404721
    1.201762565  -63.821699905
    1.210588691  -63.575623528
    1.219414817  -63.141257687
    1.228240942  -62.678648711
    1.237067068  -62.293773990
    1.245893194  -61.971058425
    1.254719319  -61.579076626
    1.263545445  -60.963643246
    1.272371571  -60.060622143
    1.281197696  -58.948548149
    1.290023822  -57.795617040
    1.298849948  -56.738972209
    1.307676073  -55.809804294
    1.316502199  -54.937436887
    1.325328325  -54.059747839
    1.334154450  -53.177071511
    1.342980576  -52.325713941
    1.351806702  -51.509479297
    1.360632827  -50.676694689
    1.369458953  -49.743447478
    1.378285079  -48.638896967
    1.387111204  -47.349472290
    1.395937330  -45.953313412
    1.404763455  -44.607494170
    1.413589581  -43.481993944
    1.422415707  -42.676767689
    1.431241832  -42.149117274
    1.440067958  -41.718991930
    1.448894084  -41.173551321
    1.457720209  -40.415200863
    1.466546335  -39.545971929
    1.475372461  -38.803287137
    1.484198586  -38.392490953
    1.493024712  -38.379744891
    1.501850838  -38.687426891
    1.510676963  -39.123048882
    1.519503089  -39.440383452
    1.528329215  -39.450833767
    1.537155340  -39.124532166
    1.545981466  -38.609735491
    1.554807592  -38.142808712
    1.563633717  -37.909976016
    1.572459843  -37.952669087
    1.581285969  -38.154158589
    1.590112094  -38.341985105
    1.598938220  -38.390920221
    1.607764346  -38.274743038
    1.616590471  -38.023308814
    1.625416597  -37.673018203
    1.634242723  -37.262243841
    1.643068848  -36.875928517
    1.651894974  -36.645150556
    1.660721099  -36.661939806
    1.669547225  -36.896982256
    1.678373351  -37.241771195
    1.687199476  -37.615156392
    1.696025602  -37.974564314
    1.704851728  -38.261173759
    1.713677853  -38.461174339
    1.722503979  -38.647660158
    1.731330105  -38.885681208
    1.740156230  -39.158771798
    1.748982356  -39.387769856
    1.757808482  -39.522602956
    1.766634607  -39.590456491
    1.775460733  -39.654156431
    1.784286859  -39.724688466
    1.793112984  -39.728248766
    1.801939110  -39.584134479
    1.810765236  -39.314978051
    1.819591361  -39.069932995
    1.828417487  -38.998776103
    1.837243613  -39.157228711
    1.846069738  -39.541242887
    1.854895864  -40.114953006
    1.863721990  -40.806494672
    1.872548115  -41.520533387
    1.881374241  -42.177073325
    1.890200366  -42.716362920
    1.899026492  -43.107306231
    1.907852618  -43.378650149
    1.916678743  -43.615897082
    1.925504869  -43.916018766
    1.934330995  -44.303288715
    1.943157120  -44.703414254
    1.951983246  -44.988541074
    1.960809372  -45.055027235
    1.969635497  -44.892369078
    1.978461623  -44.588543605
    1.987287749  -44.282822343
    1.996113874  -44.071280829
    2.004940000  -43.955632064
    2.013766126  -43.857649629
    2.022592251  -43.696818849
    2.031418377  -43.452851596
    2.040244503  -43.162717715
    2.049070628  -42.860383877
    2.057896754  -42.538989609
    2.066722880  -42.163892988
    2.075549005  -41.700669946
    2.084375131  -41.149159201
    2.093201257  -40.560530789
    2.102027382  -40.028914440
    2.110853508  -39.656263619
    2.119679634  -39.480435099
    2.128505759  -39.433325078
    2.137331885  -39.392439965
    2.146158010  -39.288338147
    2.154984136  -39.162189933
    2.163810262  -39.120270843
    2.172636387  -39.216574631
    2.181462513  -39.378881276
    2.190288639  -39.454772130
    2.199114764  -39.373139339
    2.207940890  -39.207928710
    2.216767016  -39.109234291
    2.225593141  -39.167233934
    2.234419267  -39.349285393
    2.243245393  -39.535037612
    2.252071518  -39.583297580
    2.260897644  -39.418326168
    2.269723770  -39.087631017
    2.278549895  -38.743664407
    2.287376021  -38.533421624
    2.296202147  -38.503287823
    2.305028272  -38.577544841
    2.313854398  -38.608335110
    2.322680524  -38.498889662
    2.331506649  -38.291486874
    2.340332775  -38.109713507
    2.349158901  -38.023508254
    2.357985026  -38.005917724
    2.366811152  -38.028624392
    2.375637277  -38.123893596
    2.384463403  -38.324270829
    2.393289529  -38.602911635
    2.402115654  -38.890780578
    2.410941780  -39.107383695
    2.419767906  -39.187100887
    2.428594031  -39.105379001
    2.437420157  -38.890784241
    2.446246283  -38.611146638
    2.455072408  -38.332313552
    2.463898534  -38.090106908
    2.472724660  -37.894470092
    2.481550785  -37.752262394
    2.490376911  -37.669682239
    2.499203037  -37.627707349
    2.508029162  -37.582205174
    2.516855288  -37.514825350
    2.525681414  -37.459882149
    2.534507539  -37.445489941
    2.543333665  -37.455103916
    2.552159791  -37.445542779
    2.560985916  -37.411965337
    2.569812042  -37.414100245
    2.578638168  -37.541380847
    2.587464293  -37.828125922
    2.596290419  -38.218924473
    2.605116545  -38.593629968
    2.613942670  -38.829935157
    2.622768796  -38.887849109
    2.631594921  -38.823571816
    2.640421047  -38.731973390
    2.649247173  -38.661115479
    2.658073298  -38.590079427
    2.666899424  -38.472729822
    2.675725550  -38.320329758
    2.684551675  -38.217026918
    2.693377801  -38.274927370
    2.702203927  -38.544063200
    2.711030052  -38.959611970
    2.719856178  -39.351241506
    2.728682304  -39.519105670
    2.737508429  -39.352016225
    2.746334555  -38.882423225
    2.755160681  -38.281003193
    2.763986806  -37.767169349
    2.772812932  -37.509395302
    2.781639058  -37.560219825
    2.790465183  -37.832634058
    2.799291309  -38.144981681
    2.808117435  -38.312366054
    2.816943560  -38.249139184
    2.825769686  -37.992218022
    2.834595812  -37.659662131
    2.843421937  -37.358687060
    2.852248063  -37.149401192
    2.861074188  -37.083745597
    2.869900314  -37.215204359
    2.878726440  -37.535232131
    2.887552565  -37.942365518
    2.896378691  -38.307792399
    2.905204817  -38.545606180
    2.914030942  -38.601422946
    2.922857068  -38.452448291
    2.931683194  -38.140627086
    2.940509319  -37.784047138
    2.949335445  -37.534924108
    2.958161571  -37.477518587
    2.966987696  -37.583954608
    2.975813822  -37.739495434
    2.984639948  -37.822426379
    2.993466073  -37.760994942
    3.002292199  -37.556806507
    3.011118325  -37.285980934
    3.019944450  -37.076861175
    3.028770576  -37.051112373
    3.037596702  -37.282243309
    3.046422827  -37.737379939
    3.055248953  -38.281563905
    3.064075079  -38.742652361
    3.072901204  -38.991765155
    3.081727330  -38.993641511
    3.090553455  -38.814398191
    3.099379581  -38.584334520
    3.108205707  -38.437640906
    3.117031832  -38.444354413
    3.125857958  -38.565344770
    3.134684084  -38.687840497
    3.143510209  -38.710602080
    3.152336335  -38.613754243
    3.161162461  -38.466072042
    3.169988586  -38.356760163
    3.178814712  -38.351569711
    3.187640838  -38.452841241
    3.196466963  -38.604368631
    3.205293089  -38.712225613
    3.214119215  -38.716868247
    3.222945340  -38.607612704
    3.231771466  -38.396575959
    3.240597592  -38.086997450
    3.249423717  -37.692566065
    3.258249843  -37.266539946
    3.267075969  -36.895212970
    3.275902094  -36.650122814
    3.284728220  -36.525611899
    3.293554346  -36.430757764
    3.302380471  -36.250544226
    3.311206597  -35.929651602
    3.320032723  -35.518421855
    3.328858848  -35.147431400
    3.337684974  -34.941341712
    3.346511099  -34.930191900
    3.355337225  -35.020973112
    3.364163351  -35.072317884
    3.372989476  -34.996940489
    3.381815602  -34.820098201
    3.390641728  -34.674080952
    3.399467853  -34.695334081
    3.408293979  -34.909745965
    3.417120105  -35.182608328
    3.425946230  -35.323567147
    3.434772356  -35.204862549
    3.443598482  -34.850911118
    3.452424607  -34.447126373
    3.461250733  -34.255200575
    3.470076859  -34.470430734
    3.478902984  -35.106303453
    3.487729110  -35.965276512
    3.496555236  -36.689536843
    3.505381361  -36.870790399
    3.514207487  -36.154618816
    3.523033613  -34.327944189
    3.531859738  -31.375478507
    3.540685864  -27.529312590
    3.549511990  -23.237414560
    3.558338115  -19.070088517
    3.567164241  -15.578971998
    3.575990366  -13.147410180
    3.584816492  -11.757121106
    3.593642618  -11.060490241
    3.602468743  -10.725364105
    3.611294869  -10.565154533
    3.620120995  -10.489586811
    3.628947120  -10.455318794
    3.637773246  -10.440677162
    3.646599372  -10.434951634
    3.655425497  -10.433041430
    3.664251623  -10.432446331
    3.673077749  -10.432240308
    3.681903874  -10.432240308
    3.690730000  -10.432240308
