#! FIELDS pp.proj projection
#! SET min_pp.proj 0.31915
#! SET max_pp.proj 3.69073
#! SET nbins_pp.proj  383
#! SET periodic_pp.proj false
    0.319150000  -10.432240308
    0.327976126  -10.432240308
    0.336802251  -10.432240308
    0.345628377  -10.432240308
    0.354454503  -10.432275320
    0.363280628  -10.432377300
    0.372106754  -10.432728556
    0.380932880  -10.434072105
    0.389759005  -10.438003850
    0.398585131  -10.448319609
    0.407411257  -10.473775223
    0.416237382  -10.533902249
    0.425063508  -10.673794662
    0.433889634  -11.008782291
    0.442715759  -11.849274281
    0.451541885  -13.864341185
    0.460368010  -17.612498134
    0.469194136  -22.672341661
    0.478020262  -28.151170244
    0.486846387  -33.249989271
    0.495672513  -37.431472975
    0.504498639  -40.531359882
    0.513324764  -42.717235437
    0.522150890  -44.296371081
    0.530977016  -45.530610899
    0.539803141  -46.561222076
    0.548629267  -47.460782057
    0.557455393  -48.305892658
    0.566281518  -49.195257341
    0.575107644  -50.205994654
    0.583933770  -51.339786058
    0.592759895  -52.511842473
    0.601586021  -53.598011749
    0.610412147  -54.504989892
    0.619238272  -55.243547809
    0.628064398  -55.935763572
    0.636890524  -56.743040088
    0.645716649  -57.733487611
    0.654542775  -58.795275817
    0.663368901  -59.730154465
    0.672195026  -60.427711248
    0.681021152  -60.939183594
    0.689847277  -61.383875062
    0.698673403  -61.795461109
    0.707499529  -62.075802810
    0.716325654  -62.098991463
    0.725151780  -61.853485270
    0.733977906  -61.483175277
    0.742804031  -61.201838527
    0.751630157  -61.173812253
    0.760456283  -61.475088735
    0.769282408  -62.102190357
    0.778108534  -62.972474307
    0.786934660  -63.980437296
    0.795760785  -65.078379384
    0.804586911  -66.276832629
    0.813413037  -67.591300710
    0.822239162  -68.987701111
    0.831065288  -70.391113155
    0.839891414  -71.729765950
    0.848717539  -72.952906673
    0.857543665  -74.025953030
    0.866369791  -74.901587512
    0.875195916  -75.546258058
    0.884022042  -75.959850231
    0.892848168  -76.151949162
    0.901674293  -76.114444446
    0.910500419  -75.822725281
    0.919326545  -75.277274944
    0.928152670  -74.529880512
    0.936978796  -73.685616910
    0.945804921  -72.868292246
    0.954631047  -72.160149008
    0.963457173  -71.577377985
    0.972283298  -71.083674302
    0.981109424  -70.642866031
    0.989935550  -70.246554320
    0.998761675  -69.908688761
    1.007587801  -69.652097362
    1.016413927  -69.483529380
    1.025240052  -69.391190465
    1.034066178  -69.349116211
    1.042892304  -69.308131619
    1.051718429  -69.198081292
    1.060544555  -68.953075540
    1.069370681  -68.537178526
    1.078196806  -67.928935134
    1.087022932  -67.125193329
    1.095849058  -66.192337796
    1.104675183  -65.264640575
    1.113501309  -64.484099055
    1.122327435  -63.893668604
    1.131153560  -63.423068303
    1.139979686  -62.992971325
    1.148805812  -62.627963807
    1.157631937  -62.449832883
    1.166458063  -62.570639870
    1.175284188  -62.955035448
    1.184110314  -63.425621974
    1.192936440  -63.765404721
    1.201762565  -63.821699905
    1.210588691  -63.575623528
    1.219414817  -63.141257687
    1.228240942  -62.678648711
    1.237067068  -62.293773990
    1.245893194  -61.971058425
    1.254719319  -61.579076626
    1.263545445  -60.963643246
    1.272371571  -60.060622143
    1.281197696  -58.948548149
    1.290023822  -57.795617040
    1.298849948  -56.738972209
    1.307676073  -55.809804294
    1.316502199  -54.937436887
    1.325328325  -54.059747839
    1.334154450  -53.177071511
    1.342980576  -52.325713941
    1.351806702  -51.509479297
    1.360632827  -50.676694689
    1.369458953  -49.743447478
    1.378285079  -48.638896967
    1.387111204  -47.349472290
    1.395937330  -45.953313412
    1.404763455  -44.607494170
    1.413589581  -43.481993944
    1.422415707  -42.676767689
    1.431241832  -42.149117274
    1.440067958  -41.718991930
    1.448894084  -41.173551321
    1.457720209  -40.415200863
    1.466546335  -39.545971929
    1.475372461  -38.803287137
    1.484198586  -38.392490953
    1.493024712  -38.379744891
    1.501850838  -38.687426891
    1.510676963  -39.123048882
    1.519503089  -39.440383452
    1.528329215  -39.450833767
    1.537155340  -39.124532166
    1.545981466  -38.609735491
    1.554807592  -38.142808712
    1.563633717  -37.909976016
    1.572459843  -37.952669087
    1.581285969  -38.154158589
    1.590112094  -38.341985105
    1.598938220  -38.390920221
    1.607764346  -38.274743038
    1.616590471  -38.023308814
    1.625416597  -37.673018203
    1.634242723  -37.262243841
    1.643068848  -36.875928517
    1.651894974  -36.645150556
    1.660721099  -36.661939806
    1.669547225  -36.896982256
    1.678373351  -37.241771195
    1.687199476  -37.615156392
    1.696025602  -37.974564314
    1.704851728  -38.261167050
    1.713677853  -38.461139691
    1.722503979  -38.647502241
    1.731330105  -38.885058777
    1.740156230  -39.156709729
    1.748982356  -39.382115127
    1.757808482  -39.509560474
    1.766634607  -39.564414886
    1.775460733  -39.608185549
    1.784286859  -39.651763834
    1.793112984  -39.621396022
    1.801939110  -39.433804585
    1.810765236  -39.104757455
    1.819591361  -38.774553979
    1.828417487  -38.582082800
    1.837243613  -38.564073844
    1.846069738  -38.689728383
    1.854895864  -38.905127300
    1.863721990  -39.147083604
    1.872548115  -39.353637005
    1.881374241  -39.484267337
    1.890200366  -39.510022184
    1.899026492  -39.415152671
    1.907852618  -39.226487923
    1.916678743  -39.018105433
    1.925504869  -38.886408788
    1.934330995  -38.874728972
    1.943157120  -38.939234948
    1.951983246  -38.986718686
    1.960809372  -38.946886272
    1.969635497  -38.823990660
    1.978461623  -38.683605221
    1.987287749  -38.613102504
    1.996113874  -38.659953001
    2.004940000  -38.796853126
    2.013766126  -38.928343114
    2.022592251  -38.949008919
    2.031418377  -38.806591510
    2.040244503  -38.531601108
    2.049070628  -38.194318076
    2.057896754  -37.845120355
    2.066722880  -37.481958124
    2.075549005  -37.072275393
    2.084375131  -36.588943953
    2.093201257  -36.039510606
    2.102027382  -35.484389267
    2.110853508  -35.028093670
    2.119679634  -34.746506255
    2.128505759  -34.625488727
    2.137331885  -34.600870527
    2.146158010  -34.660926090
    2.154984136  -34.869590943
    2.163810262  -35.273858002
    2.172636387  -35.794534981
    2.181462513  -36.235559114
    2.190288639  -36.403420645
    2.199114764  -36.247150586
    2.207940890  -35.874557412
    2.216767016  -35.476546974
    2.225593141  -35.208898517
    2.234419267  -35.109700948
    2.243245393  -35.092561683
    2.252071518  -35.018583563
    2.260897644  -34.804091180
    2.269723770  -34.473727187
    2.278549895  -34.127479108
    2.287376021  -33.859987928
    2.296202147  -33.714726918
    2.305028272  -33.667033003
    2.313854398  -33.628469551
    2.322680524  -33.530358022
    2.331506649  -33.400038753
    2.340332775  -33.311810391
    2.349158901  -33.262362158
    2.357985026  -33.155048922
    2.366811152  -32.932429228
    2.375637277  -32.662977340
    2.384463403  -32.477445310
    2.393289529  -32.465293611
    2.402115654  -32.633101106
    2.410941780  -32.912101491
    2.419767906  -33.207870846
    2.428594031  -33.465565217
    2.437420157  -33.675375676
    2.446246283  -33.837688927
    2.455072408  -33.928782882
    2.463898534  -33.916876143
    2.472724660  -33.811199424
    2.481550785  -33.684078969
    2.490376911  -33.605872843
    2.499203037  -33.567908855
    2.508029162  -33.503652509
    2.516855288  -33.379116894
    2.525681414  -33.215134841
    2.534507539  -33.034189418
    2.543333665  -32.841294560
    2.552159791  -32.636531510
    2.560985916  -32.428746450
    2.569812042  -32.247072590
    2.578638168  -32.145436776
    2.587464293  -32.172833644
    2.596290419  -32.327924009
    2.605116545  -32.543239639
    2.613942670  -32.732887752
    2.622768796  -32.858161442
    2.631594921  -32.950720221
    2.640421047  -33.058704838
    2.649247173  -33.183017576
    2.658073298  -33.266822445
    2.666899424  -33.245706611
    2.675725550  -33.121755350
    2.684551675  -32.980212161
    2.693377801  -32.941820235
    2.702203927  -33.078839785
    2.711030052  -33.370236722
    2.719856178  -33.706289929
    2.728682304  -33.939975275
    2.737508429  -33.965184555
    2.746334555  -33.761439759
    2.755160681  -33.400002234
    2.763986806  -33.001244226
    2.772812932  -32.676258878
    2.781639058  -32.482768514
    2.790465183  -32.391979621
    2.799291309  -32.316250891
    2.808117435  -32.171061711
    2.816943560  -31.939134966
    2.825769686  -31.669971462
    2.834595812  -31.444482684
    2.843421937  -31.297310787
    2.852248063  -31.198658756
    2.861074188  -31.133716649
    2.869900314  -31.138934922
    2.878726440  -31.241098253
    2.887552565  -31.397421631
    2.896378691  -31.526002583
    2.905204817  -31.562180566
    2.914030942  -31.456776555
    2.922857068  -31.191233479
    2.931683194  -30.810708387
    2.940509319  -30.416747428
    2.949335445  -30.128731820
    2.958161571  -30.014350842
    2.966987696  -30.059513984
    2.975813822  -30.166245898
    2.984639948  -30.195637653
    2.993466073  -30.024865019
    3.002292199  -29.609185519
    3.011118325  -29.025855972
    3.019944450  -28.465894820
    3.028770576  -28.134472711
    3.037596702  -28.152652847
    3.046422827  -28.508958975
    3.055248953  -29.088725714
    3.064075079  -29.716293335
    3.072901204  -30.209049940
    3.081727330  -30.448207865
    3.090553455  -30.427971867
    3.099379581  -30.240007345
    3.108205707  -30.018049899
    3.117031832  -29.859529811
    3.125857958  -29.770457139
    3.134684084  -29.688571804
    3.143510209  -29.552582605
    3.152336335  -29.359497000
    3.161162461  -29.172618653
    3.169988586  -29.070572965
    3.178814712  -29.101154750
    3.187640838  -29.248614413
    3.196466963  -29.461700785
    3.205293089  -29.688465174
    3.214119215  -29.909072407
    3.222945340  -30.119101904
    3.231771466  -30.296743378
    3.240597592  -30.384582072
    3.249423717  -30.329809872
    3.258249843  -30.126528060
    3.267075969  -29.827415949
    3.275902094  -29.506734661
    3.284728220  -29.213034260
    3.293554346  -28.961034939
    3.302380471  -28.763810177
    3.311206597  -28.647932193
    3.320032723  -28.640906525
    3.328858848  -28.752551605
    3.337684974  -28.963953439
    3.346511099  -29.206109290
    3.355337225  -29.346989513
    3.364163351  -29.250408773
    3.372989476  -28.854734077
    3.381815602  -28.221315211
    3.390641728  -27.528205744
    3.399467853  -26.985392546
    3.408293979  -26.739243977
    3.417120105  -26.789074764
    3.425946230  -27.005635091
    3.434772356  -27.219871717
    3.443598482  -27.342479069
    3.452424607  -27.413346081
    3.461250733  -27.547366564
    3.470076859  -27.822446475
    3.478902984  -28.194789867
    3.487729110  -28.484873938
    3.496555236  -28.415199795
    3.505381361  -27.692668701
    3.514207487  -26.106545113
    3.523033613  -23.634575299
    3.531859738  -20.497806868
    3.540685864  -17.165861907
    3.549511990  -14.268758403
    3.558338115  -12.317170316
    3.567164241  -11.286308790
    3.575990366  -10.808202561
    3.584816492  -10.593083721
    3.593642618  -10.497768920
    3.602468743  -10.456901659
    3.611294869  -10.440540960
    3.620120995  -10.434618907
    3.628947120  -10.432797881
    3.637773246  -10.432240308
    3.646599372  -10.432240308
    3.655425497  -10.432240308
    3.664251623  -10.432240308
    3.673077749  -10.432240308
    3.681903874  -10.432240308
    3.690730000  -10.432240308
