#! FIELDS pp.proj projection
#! SET min_pp.proj 0.31915
#! SET max_pp.proj 3.69073
#! SET nbins_pp.proj  383
#! SET periodic_pp.proj false
    0.319150000  -10.432240308
    0.327976126  -10.432240308
    0.336802251  -10.432240308
    0.345628377  -10.432240308
    0.354454503  -10.432275320
    0.363280628  -10.432377300
    0.372106754  -10.432782589
    0.380932880  -10.434317674
    0.389759005  -10.439033358
    0.398585131  -10.452010380
    0.407411257  -10.485030704
    0.416237382  -10.564727720
    0.425063508  -10.750029534
    0.433889634  -11.177370595
    0.442715759  -12.162501097
    0.451541885  -14.284384533
    0.460368010  -17.992338150
    0.469194136  -22.970674824
    0.478020262  -28.415474941
    0.486846387  -33.523476734
    0.495672513  -37.743750011
    0.504498639  -40.908346223
    0.513324764  -43.185631862
    0.522150890  -44.883949023
    0.530977016  -46.270840185
    0.539803141  -47.507272599
    0.548629267  -48.701650959
    0.557455393  -49.969701030
    0.566281518  -51.423627770
    0.575107644  -53.123288419
    0.583933770  -55.081213991
    0.592759895  -57.294122392
    0.601586021  -59.742588579
    0.610412147  -62.375788491
    0.619238272  -65.110637600
    0.628064398  -67.870992253
    0.636890524  -70.581204875
    0.645716649  -73.147142281
    0.654542775  -75.460614380
    0.663368901  -77.425517488
    0.672195026  -79.008552415
    0.681021152  -80.260176998
    0.689847277  -81.307917564
    0.698673403  -82.306205941
    0.707499529  -83.360545388
    0.716325654  -84.481235360
    0.725151780  -85.630328265
    0.733977906  -86.792436899
    0.742804031  -88.006990233
    0.751630157  -89.353173831
    0.760456283  -90.922672041
    0.769282408  -92.765528283
    0.778108534  -94.801110089
    0.786934660  -96.808285119
    0.795760785  -98.551820633
    0.804586911  -99.905023143
    0.813413037 -100.851610570
    0.822239162 -101.412799579
    0.831065288 -101.578807008
    0.839891414 -101.351097407
    0.848717539 -100.789592382
    0.857543665 -100.032367576
    0.866369791  -99.246657481
    0.875195916  -98.516397644
    0.884022042  -97.803338675
    0.892848168  -96.965256705
    0.901674293  -95.860912313
    0.910500419  -94.438799742
    0.919326545  -92.787365025
    0.928152670  -91.088297090
    0.936978796  -89.518824392
    0.945804921  -88.155441651
    0.954631047  -86.973631809
    0.963457173  -85.937252883
    0.972283298  -85.074563459
    0.981109424  -84.431495906
    0.989935550  -83.988696390
    0.998761675  -83.675527327
    1.007587801  -83.422221429
    1.016413927  -83.174223076
    1.025240052  -82.897015006
    1.034066178  -82.565579965
    1.042892304  -82.142768607
    1.051718429  -81.604105607
    1.060544555  -80.972630211
    1.069370681  -80.323463222
    1.078196806  -79.740190578
    1.087022932  -79.274811290
    1.095849058  -78.951851752
    1.104675183  -78.776823837
    1.113501309  -78.742950132
    1.122327435  -78.796228758
    1.131153560  -78.846755117
    1.139979686  -78.840185042
    1.148805812  -78.826800852
    1.157631937  -78.925750857
    1.166458063  -79.236781422
    1.175284188  -79.766303523
    1.184110314  -80.433075754
    1.192936440  -81.076430996
    1.201762565  -81.510170536
    1.210588691  -81.623942751
    1.219414817  -81.469740601
    1.228240942  -81.227425724
    1.237067068  -81.086720366
    1.245893194  -81.111417148
    1.254719319  -81.218839403
    1.263545445  -81.257182226
    1.272371571  -81.132286211
    1.281197696  -80.869692243
    1.290023822  -80.565137130
    1.298849948  -80.286003034
    1.307676073  -80.029698808
    1.316502199  -79.739866016
    1.325328325  -79.373516585
    1.334154450  -78.939000988
    1.342980576  -78.487686019
    1.351806702  -78.074616353
    1.360632827  -77.728631433
    1.369458953  -77.449428744
    1.378285079  -77.223042216
    1.387111204  -77.004960417
    1.395937330  -76.735601355
    1.404763455  -76.379297935
    1.413589581  -75.957345219
    1.422415707  -75.536329921
    1.431241832  -75.181408503
    1.440067958  -74.937111939
    1.448894084  -74.830334027
    1.457720209  -74.860119323
    1.466546335  -75.001618939
    1.475372461  -75.207100128
    1.484198586  -75.425652666
    1.493024712  -75.632781149
    1.501850838  -75.837092713
    1.510676963  -76.050303210
    1.519503089  -76.260274827
    1.528329215  -76.443834450
    1.537155340  -76.590679904
    1.545981466  -76.713781330
    1.554807592  -76.833647331
    1.563633717  -76.951444341
    1.572459843  -77.070127062
    1.581285969  -77.191912707
    1.590112094  -77.284807119
    1.598938220  -77.277614246
    1.607764346  -77.120244311
    1.616590471  -76.812303281
    1.625416597  -76.408912270
    1.634242723  -75.990635532
    1.643068848  -75.631646377
    1.651894974  -75.376056862
    1.660721099  -75.238360521
    1.669547225  -75.210264284
    1.678373351  -75.260957349
    1.687199476  -75.351495024
    1.696025602  -75.471873022
    1.704851728  -75.658116275
    1.713677853  -75.957012322
    1.722503979  -76.377892359
    1.731330105  -76.856830221
    1.740156230  -77.275117000
    1.748982356  -77.519631031
    1.757808482  -77.559400872
    1.766634607  -77.479735784
    1.775460733  -77.412625257
    1.784286859  -77.415824693
    1.793112984  -77.444599060
    1.801939110  -77.428872204
    1.810765236  -77.343797606
    1.819591361  -77.222192235
    1.828417487  -77.128062788
    1.837243613  -77.099279971
    1.846069738  -77.134867178
    1.854895864  -77.212493653
    1.863721990  -77.321649930
    1.872548115  -77.459016362
    1.881374241  -77.621122497
    1.890200366  -77.796921729
    1.899026492  -77.976846622
    1.907852618  -78.167496256
    1.916678743  -78.386681327
    1.925504869  -78.648655965
    1.934330995  -78.936738331
    1.943157120  -79.209681220
    1.951983246  -79.426439010
    1.960809372  -79.555940847
    1.969635497  -79.590566900
    1.978461623  -79.560861969
    1.987287749  -79.540811746
    1.996113874  -79.597164008
    2.004940000  -79.734321281
    2.013766126  -79.874333979
    2.022592251  -79.921454809
    2.031418377  -79.843594734
    2.040244503  -79.694307474
    2.049070628  -79.557216682
    2.057896754  -79.480309436
    2.066722880  -79.462728224
    2.075549005  -79.461226386
    2.084375131  -79.421704523
    2.093201257  -79.308541948
    2.102027382  -79.129660627
    2.110853508  -78.936545705
    2.119679634  -78.773886018
    2.128505759  -78.640447137
    2.137331885  -78.499741479
    2.146158010  -78.331881578
    2.154984136  -78.173038619
    2.163810262  -78.098900643
    2.172636387  -78.151141932
    2.181462513  -78.291820861
    2.190288639  -78.424161775
    2.199114764  -78.479862310
    2.207940890  -78.444655048
    2.216767016  -78.337848366
    2.225593141  -78.195676941
    2.234419267  -78.077200174
    2.243245393  -78.043538909
    2.252071518  -78.116108312
    2.260897644  -78.250066650
    2.269723770  -78.355279918
    2.278549895  -78.367712765
    2.287376021  -78.289729996
    2.296202147  -78.172962661
    2.305028272  -78.069756607
    2.313854398  -77.993960155
    2.322680524  -77.945237500
    2.331506649  -77.931381442
    2.340332775  -77.959098032
    2.349158901  -78.015088359
    2.357985026  -78.060461765
    2.366811152  -78.064706754
    2.375637277  -78.033689333
    2.384463403  -78.002971261
    2.393289529  -78.004996664
    2.402115654  -78.045001156
    2.410941780  -78.097657320
    2.419767906  -78.130627002
    2.428594031  -78.130181168
    2.437420157  -78.103870873
    2.446246283  -78.068769910
    2.455072408  -78.028322811
    2.463898534  -77.978076482
    2.472724660  -77.912364273
    2.481550785  -77.832780040
    2.490376911  -77.754824399
    2.499203037  -77.698143400
    2.508029162  -77.663141826
    2.516855288  -77.620529135
    2.525681414  -77.540322263
    2.534507539  -77.414480248
    2.543333665  -77.271288629
    2.552159791  -77.144819231
    2.560985916  -77.057706160
    2.569812042  -77.018362253
    2.578638168  -77.031056114
    2.587464293  -77.085904856
    2.596290419  -77.159384188
    2.605116545  -77.210195652
    2.613942670  -77.189543553
    2.622768796  -77.081264039
    2.631594921  -76.921367728
    2.640421047  -76.776953351
    2.649247173  -76.698123733
    2.658073298  -76.680204161
    2.666899424  -76.674170971
    2.675725550  -76.638323424
    2.684551675  -76.567609565
    2.693377801  -76.488823329
    2.702203927  -76.418048032
    2.711030052  -76.348039368
    2.719856178  -76.271917163
    2.728682304  -76.198311981
    2.737508429  -76.161260425
    2.746334555  -76.177063170
    2.755160681  -76.230667598
    2.763986806  -76.280851535
    2.772812932  -76.283936458
    2.781639058  -76.227185292
    2.790465183  -76.137439408
    2.799291309  -76.064108837
    2.808117435  -76.041012752
    2.816943560  -76.075367092
    2.825769686  -76.148730923
    2.834595812  -76.236873943
    2.843421937  -76.316945151
    2.852248063  -76.367244186
    2.861074188  -76.388065876
    2.869900314  -76.401813969
    2.878726440  -76.439936617
    2.887552565  -76.530139617
    2.896378691  -76.678161639
    2.905204817  -76.864102202
    2.914030942  -77.031110627
    2.922857068  -77.114323370
    2.931683194  -77.080739907
    2.940509319  -76.963801236
    2.949335445  -76.856260270
    2.958161571  -76.835903071
    2.966987696  -76.920252256
    2.975813822  -77.063636259
    2.984639948  -77.193121336
    2.993466073  -77.254138284
    3.002292199  -77.233470953
    3.011118325  -77.158959538
    3.019944450  -77.076163239
    3.028770576  -77.001784401
    3.037596702  -76.923928144
    3.046422827  -76.823931985
    3.055248953  -76.711680389
    3.064075079  -76.618645093
    3.072901204  -76.556793525
    3.081727330  -76.499704414
    3.090553455  -76.411077686
    3.099379581  -76.288800864
    3.108205707  -76.183026979
    3.117031832  -76.158103453
    3.125857958  -76.228872537
    3.134684084  -76.340118213
    3.143510209  -76.406188264
    3.152336335  -76.369593555
    3.161162461  -76.239411437
    3.169988586  -76.069948209
    3.178814712  -75.921253913
    3.187640838  -75.806437079
    3.196466963  -75.708498465
    3.205293089  -75.615880541
    3.214119215  -75.546533674
    3.222945340  -75.514169194
    3.231771466  -75.509548545
    3.240597592  -75.506709114
    3.249423717  -75.480143701
    3.258249843  -75.423292337
    3.267075969  -75.359179433
    3.275902094  -75.326971540
    3.284728220  -75.351594038
    3.293554346  -75.419149756
    3.302380471  -75.492217332
    3.311206597  -75.541749379
    3.320032723  -75.574952337
    3.328858848  -75.632555099
    3.337684974  -75.736839858
    3.346511099  -75.857207188
    3.355337225  -75.913706176
    3.364163351  -75.836193675
    3.372989476  -75.615153972
    3.381815602  -75.315977439
    3.390641728  -75.040296968
    3.399467853  -74.858927698
    3.408293979  -74.792904421
    3.417120105  -74.812640988
    3.425946230  -74.865772794
    3.434772356  -74.904526737
    3.443598482  -74.915393856
    3.452424607  -74.914688319
    3.461250733  -74.930928412
    3.470076859  -74.983016351
    3.478902984  -75.079501638
    3.487729110  -75.194421432
    3.496555236  -75.240151089
    3.505381361  -75.055074398
    3.514207487  -74.415482871
    3.523033613  -73.107153403
    3.531859738  -70.973290183
    3.540685864  -67.929925629
    3.549511990  -63.914058568
    3.558338115  -58.855366541
    3.567164241  -52.708259041
    3.575990366  -45.564281902
    3.584816492  -37.767022443
    3.593642618  -29.944533278
    3.602468743  -22.862767463
    3.611294869  -17.237797333
    3.620120995  -13.576870061
    3.628947120  -11.742544476
    3.637773246  -10.965926658
    3.646599372  -10.645942426
    3.655425497  -10.513779861
    3.664251623  -10.460783066
    3.673077749  -10.440989526
    3.681903874  -10.434471965
    3.690730000  -10.432649209
