#! FIELDS pp.proj projection
#! SET min_pp.proj 0.31915
#! SET max_pp.proj 3.69073
#! SET nbins_pp.proj  383
#! SET periodic_pp.proj false
    0.319150000  -10.432240308
    0.327976126  -10.432240308
    0.336802251  -10.432240308
    0.345628377  -10.432240308
    0.354454503  -10.432275320
    0.363280628  -10.432377300
    0.372106754  -10.432728556
    0.380932880  -10.434072105
    0.389759005  -10.438003850
    0.398585131  -10.448319609
    0.407411257  -10.473775223
    0.416237382  -10.533902249
    0.425063508  -10.673794662
    0.433889634  -11.008782291
    0.442715759  -11.849274281
    0.451541885  -13.864341185
    0.460368010  -17.612498134
    0.469194136  -22.672341661
    0.478020262  -28.151170244
    0.486846387  -33.249989271
    0.495672513  -37.431472975
    0.504498639  -40.531359882
    0.513324764  -42.717235437
    0.522150890  -44.296371081
    0.530977016  -45.530610899
    0.539803141  -46.561222076
    0.548629267  -47.460782057
    0.557455393  -48.305892658
    0.566281518  -49.195257341
    0.575107644  -50.205994654
    0.583933770  -51.339786058
    0.592759895  -52.511842473
    0.601586021  -53.598011749
    0.610412147  -54.504989892
    0.619238272  -55.243547809
    0.628064398  -55.935763572
    0.636890524  -56.743040088
    0.645716649  -57.733487611
    0.654542775  -58.795275817
    0.663368901  -59.730154465
    0.672195026  -60.427711248
    0.681021152  -60.939183594
    0.689847277  -61.383875062
    0.698673403  -61.795461109
    0.707499529  -62.075802810
    0.716325654  -62.098991463
    0.725151780  -61.853485270
    0.733977906  -61.483175277
    0.742804031  -61.201838527
    0.751630157  -61.173812253
    0.760456283  -61.475088735
    0.769282408  -62.102190357
    0.778108534  -62.972474307
    0.786934660  -63.980437296
    0.795760785  -65.078379384
    0.804586911  -66.276832629
    0.813413037  -67.591300710
    0.822239162  -68.987701111
    0.831065288  -70.391113155
    0.839891414  -71.729765950
    0.848717539  -72.952906673
    0.857543665  -74.025953030
    0.866369791  -74.901587512
    0.875195916  -75.546258058
    0.884022042  -75.959850231
    0.892848168  -76.151949162
    0.901674293  -76.114444446
    0.910500419  -75.822725281
    0.919326545  -75.277288429
    0.928152670  -74.529940935
    0.936978796  -73.685836142
    0.945804921  -72.869013014
    0.954631047  -72.162220446
    0.963457173  -71.582515641
    0.972283298  -71.094667478
    0.981109424  -70.663255177
    0.989935550  -70.279429073
    0.998761675  -69.954446427
    1.007587801  -69.707807978
    1.016413927  -69.545818532
    1.025240052  -69.460228414
    1.034066178  -69.429390067
    1.042892304  -69.405803272
    1.051718429  -69.316409314
    1.060544555  -69.090154565
    1.069370681  -68.691354135
    1.078196806  -68.112933539
    1.087022932  -67.385531902
    1.095849058  -66.629127980
    1.104675183  -66.011897090
    1.113501309  -65.611120134
    1.122327435  -65.348936914
    1.131153560  -65.123791825
    1.139979686  -64.901777572
    1.148805812  -64.721107644
    1.157631937  -64.650077591
    1.166458063  -64.743399620
    1.175284188  -64.997344182
    1.184110314  -65.340128783
    1.192936440  -65.652932539
    1.201762565  -65.825792274
    1.210588691  -65.838839398
    1.219414817  -65.801750847
    1.228240942  -65.895313864
    1.237067068  -66.277888371
    1.245893194  -67.015725934
    1.254719319  -68.065270679
    1.263545445  -69.304643787
    1.272371571  -70.565381211
    1.281197696  -71.651475215
    1.290023822  -72.406316930
    1.298849948  -72.775506192
    1.307676073  -72.826450910
    1.316502199  -72.679792303
    1.325328325  -72.462787798
    1.334154450  -72.265208305
    1.342980576  -72.146315331
    1.351806702  -72.128327143
    1.360632827  -72.218102115
    1.369458953  -72.438697546
    1.378285079  -72.789120840
    1.387111204  -73.162165976
    1.395937330  -73.411609654
    1.404763455  -73.476897522
    1.413589581  -73.380664269
    1.422415707  -73.160659296
    1.431241832  -72.826854910
    1.440067958  -72.374551916
    1.448894084  -71.808430601
    1.457720209  -71.142154090
    1.466546335  -70.423083066
    1.475372461  -69.738807410
    1.484198586  -69.163723745
    1.493024712  -68.702699080
    1.501850838  -68.296084636
    1.510676963  -67.874151416
    1.519503089  -67.395361262
    1.528329215  -66.845390589
    1.537155340  -66.210470832
    1.545981466  -65.478726738
    1.554807592  -64.666032626
    1.563633717  -63.841361549
    1.572459843  -63.165923173
    1.581285969  -62.790002697
    1.590112094  -62.705645589
    1.598938220  -62.787781460
    1.607764346  -62.928016867
    1.616590471  -63.063961384
    1.625416597  -63.158340196
    1.634242723  -63.187616016
    1.643068848  -63.162940159
    1.651894974  -63.129956845
    1.660721099  -63.126450191
    1.669547225  -63.147733883
    1.678373351  -63.173888094
    1.687199476  -63.209545596
    1.696025602  -63.300148104
    1.704851728  -63.504300319
    1.713677853  -63.849841034
    1.722503979  -64.313217259
    1.731330105  -64.812967574
    1.740156230  -65.244786986
    1.748982356  -65.538497265
    1.757808482  -65.701670062
    1.766634607  -65.805970594
    1.775460733  -65.928583169
    1.784286859  -66.102961519
    1.793112984  -66.329894264
    1.801939110  -66.612722646
    1.810765236  -66.961853052
    1.819591361  -67.374337099
    1.828417487  -67.826053586
    1.837243613  -68.274810795
    1.846069738  -68.670887984
    1.854895864  -68.975339679
    1.863721990  -69.194214604
    1.872548115  -69.364626989
    1.881374241  -69.527507264
    1.890200366  -69.701111367
    1.899026492  -69.885801675
    1.907852618  -70.087385583
    1.916678743  -70.323869817
    1.925504869  -70.622067350
    1.934330995  -70.977121104
    1.943157120  -71.340708083
    1.951983246  -71.644948368
    1.960809372  -71.835300847
    1.969635497  -71.905146739
    1.978461623  -71.910528767
    1.987287749  -71.958366254
    1.996113874  -72.139596553
    2.004940000  -72.464408535
    2.013766126  -72.841691383
    2.022592251  -73.147444802
    2.031418377  -73.317524444
    2.040244503  -73.378754324
    2.049070628  -73.402208651
    2.057896754  -73.437855259
    2.066722880  -73.488689315
    2.075549005  -73.512495578
    2.084375131  -73.459330360
    2.093201257  -73.312611899
    2.102027382  -73.108406846
    2.110853508  -72.914863716
    2.119679634  -72.768603385
    2.128505759  -72.639336786
    2.137331885  -72.461761758
    2.146158010  -72.212194760
    2.154984136  -71.947566142
    2.163810262  -71.764130865
    2.172636387  -71.701825807
    2.181462513  -71.701759939
    2.190288639  -71.652122570
    2.199114764  -71.490045526
    2.207940890  -71.229506752
    2.216767016  -70.927097196
    2.225593141  -70.640405848
    2.234419267  -70.421763036
    2.243245393  -70.310277020
    2.252071518  -70.304422444
    2.260897644  -70.346247444
    2.269723770  -70.352706750
    2.278549895  -70.288444716
    2.287376021  -70.187913549
    2.296202147  -70.112362108
    2.305028272  -70.091328133
    2.313854398  -70.093708828
    2.322680524  -70.070370250
    2.331506649  -70.001676641
    2.340332775  -69.899659800
    2.349158901  -69.780932249
    2.357985026  -69.644224541
    2.366811152  -69.493513780
    2.375637277  -69.356895360
    2.384463403  -69.272486343
    2.393289529  -69.251219444
    2.402115654  -69.267234832
    2.410941780  -69.274521725
    2.419767906  -69.241276845
    2.428594031  -69.174067743
    2.437420157  -69.105408727
    2.446246283  -69.068191207
    2.455072408  -69.070609006
    2.463898534  -69.096561917
    2.472724660  -69.111553616
    2.481550785  -69.085336242
    2.490376911  -69.023761727
    2.499203037  -68.961381604
    2.508029162  -68.923178721
    2.516855288  -68.894767128
    2.525681414  -68.850593077
    2.534507539  -68.776439268
    2.543333665  -68.686395151
    2.552159791  -68.602964489
    2.560985916  -68.547827523
    2.569812042  -68.539141605
    2.578638168  -68.594582760
    2.587464293  -68.707995096
    2.596290419  -68.842060669
    2.605116545  -68.932490352
    2.613942670  -68.924882453
    2.622768796  -68.829464491
    2.631594921  -68.718188839
    2.640421047  -68.671449341
    2.649247173  -68.721318885
    2.658073298  -68.827429181
    2.666899424  -68.907482749
    2.675725550  -68.897856389
    2.684551675  -68.799012350
    2.693377801  -68.676010969
    2.702203927  -68.592648550
    2.711030052  -68.567145681
    2.719856178  -68.579959734
    2.728682304  -68.604454862
    2.737508429  -68.638776863
    2.746334555  -68.681583368
    2.755160681  -68.729635614
    2.763986806  -68.774544680
    2.772812932  -68.797975889
    2.781639058  -68.780077909
    2.790465183  -68.713434523
    2.799291309  -68.616886902
    2.808117435  -68.518375478
    2.816943560  -68.446153613
    2.825769686  -68.419083400
    2.834595812  -68.448269409
    2.843421937  -68.520412062
    2.852248063  -68.597733069
    2.861074188  -68.651712401
    2.869900314  -68.671599725
    2.878726440  -68.660066339
    2.887552565  -68.633027493
    2.896378691  -68.612081113
    2.905204817  -68.607233728
    2.914030942  -68.578741725
    2.922857068  -68.468889749
    2.931683194  -68.255344732
    2.940509319  -67.978862900
    2.949335445  -67.726229812
    2.958161571  -67.565769968
    2.966987696  -67.523388018
    2.975813822  -67.583789182
    2.984639948  -67.701533348
    2.993466073  -67.822347394
    3.002292199  -67.909270624
    3.011118325  -67.963429862
    3.019944450  -68.009609518
    3.028770576  -68.050979871
    3.037596702  -68.074085556
    3.046422827  -68.073203449
    3.055248953  -68.079969063
    3.064075079  -68.139552696
    3.072901204  -68.252719379
    3.081727330  -68.354954268
    3.090553455  -68.367735015
    3.099379581  -68.271061200
    3.108205707  -68.125281059
    3.117031832  -68.023206887
    3.125857958  -68.011353372
    3.134684084  -68.063690978
    3.143510209  -68.110654297
    3.152336335  -68.099913184
    3.161162461  -68.037381364
    3.169988586  -67.962355769
    3.178814712  -67.912935907
    3.187640838  -67.892664248
    3.196466963  -67.889812392
    3.205293089  -67.896883814
    3.214119215  -67.927372771
    3.222945340  -67.986714192
    3.231771466  -68.058286232
    3.240597592  -68.111078711
    3.249423717  -68.114836158
    3.258249843  -68.060873878
    3.267075969  -67.972575208
    3.275902094  -67.888044401
    3.284728220  -67.824683937
    3.293554346  -67.762757406
    3.302380471  -67.676071797
    3.311206597  -67.572511532
    3.320032723  -67.508579890
    3.328858848  -67.556918052
    3.337684974  -67.733255261
    3.346511099  -67.970171908
    3.355337225  -68.152974290
    3.364163351  -68.192444196
    3.372989476  -68.072680884
    3.381815602  -67.871670010
    3.390641728  -67.726253724
    3.399467853  -67.747265333
    3.408293979  -67.964454518
    3.417120105  -68.308820152
    3.425946230  -68.663678453
    3.434772356  -68.922270131
    3.443598482  -69.039587594
    3.452424607  -69.041929523
    3.461250733  -69.009994117
    3.470076859  -69.030794417
    3.478902984  -69.146733169
    3.487729110  -69.317183725
    3.496555236  -69.413854418
    3.505381361  -69.231660889
    3.514207487  -68.508522766
    3.523033613  -67.002483914
    3.531859738  -64.550823855
    3.540685864  -61.093988184
    3.549511990  -56.629619882
    3.558338115  -51.196897507
    3.567164241  -44.907516056
    3.575990366  -38.008446851
    3.584816492  -30.914313546
    3.593642618  -24.197364011
    3.602468743  -18.491775463
    3.611294869  -14.403596003
    3.620120995  -12.137997918
    3.628947120  -11.132595860
    3.637773246  -10.716037433
    3.646599372  -10.542973910
    3.655425497  -10.472497158
    3.664251623  -10.445353613
    3.673077749  -10.435822259
    3.681903874  -10.432977321
    3.690730000  -10.432291830
