#! FIELDS pp.proj projection
#! SET min_pp.proj 0.31915
#! SET max_pp.proj 3.69073
#! SET nbins_pp.proj  383
#! SET periodic_pp.proj false
    0.319150000  -10.432240308
    0.327976126  -10.432240308
    0.336802251  -10.432240308
    0.345628377  -10.432240308
    0.354454503  -10.432275320
    0.363280628  -10.432377300
    0.372106754  -10.432782589
    0.380932880  -10.434317674
    0.389759005  -10.439033358
    0.398585131  -10.452010380
    0.407411257  -10.485030704
    0.416237382  -10.564727720
    0.425063508  -10.750029534
    0.433889634  -11.177370595
    0.442715759  -12.162501097
    0.451541885  -14.284384533
    0.460368010  -17.992338150
    0.469194136  -22.970674824
    0.478020262  -28.415474941
    0.486846387  -33.523476734
    0.495672513  -37.743750011
    0.504498639  -40.908346223
    0.513324764  -43.185631862
    0.522150890  -44.883949023
    0.530977016  -46.270840185
    0.539803141  -47.507272599
    0.548629267  -48.701650959
    0.557455393  -49.969701030
    0.566281518  -51.423627770
    0.575107644  -53.123288419
    0.583933770  -55.081213991
    0.592759895  -57.294122392
    0.601586021  -59.742588579
    0.610412147  -62.375788491
    0.619238272  -65.110637600
    0.628064398  -67.870992253
    0.636890524  -70.581204875
    0.645716649  -73.147142281
    0.654542775  -75.460614380
    0.663368901  -77.425517488
    0.672195026  -79.008552415
    0.681021152  -80.260176998
    0.689847277  -81.307917564
    0.698673403  -82.306205941
    0.707499529  -83.360545388
    0.716325654  -84.481235360
    0.725151780  -85.630328265
    0.733977906  -86.792436899
    0.742804031  -88.006990233
    0.751630157  -89.353173831
    0.760456283  -90.922672041
    0.769282408  -92.765528283
    0.778108534  -94.801110089
    0.786934660  -96.808285119
    0.795760785  -98.551820633
    0.804586911  -99.905023143
    0.813413037 -100.851610570
    0.822239162 -101.412799579
    0.831065288 -101.578807008
    0.839891414 -101.351097407
    0.848717539 -100.789592382
    0.857543665 -100.032367576
    0.866369791  -99.246657481
    0.875195916  -98.516397644
    0.884022042  -97.803338675
    0.892848168  -96.965256705
    0.901674293  -95.860912313
    0.910500419  -94.438799742
    0.919326545  -92.787365025
    0.928152670  -91.088297090
    0.936978796  -89.518824392
    0.945804921  -88.155441651
    0.954631047  -86.973631809
    0.963457173  -85.937252883
    0.972283298  -85.074563459
    0.981109424  -84.431495906
    0.989935550  -83.988696390
    0.998761675  -83.675527327
    1.007587801  -83.422221429
    1.016413927  -83.174223076
    1.025240052  -82.897015006
    1.034066178  -82.565579965
    1.042892304  -82.142768607
    1.051718429  -81.604105607
    1.060544555  -80.972630211
    1.069370681  -80.323463222
    1.078196806  -79.740190578
    1.087022932  -79.274811290
    1.095849058  -78.951851752
    1.104675183  -78.776823837
    1.113501309  -78.742950132
    1.122327435  -78.796228758
    1.131153560  -78.846755117
    1.139979686  -78.840185042
    1.148805812  -78.826800852
    1.157631937  -78.925750857
    1.166458063  -79.236781422
    1.175284188  -79.766303523
    1.184110314  -80.433075754
    1.192936440  -81.076430996
    1.201762565  -81.510170536
    1.210588691  -81.623942751
    1.219414817  -81.469740601
    1.228240942  -81.227425724
    1.237067068  -81.086720366
    1.245893194  -81.111417148
    1.254719319  -81.218839403
    1.263545445  -81.257182226
    1.272371571  -81.132286211
    1.281197696  -80.869692243
    1.290023822  -80.565137130
    1.298849948  -80.286003034
    1.307676073  -80.029698808
    1.316502199  -79.739866016
    1.325328325  -79.373516585
    1.334154450  -78.939000988
    1.342980576  -78.487686019
    1.351806702  -78.074616353
    1.360632827  -77.728631433
    1.369458953  -77.449428744
    1.378285079  -77.223042216
    1.387111204  -77.004960417
    1.395937330  -76.735601355
    1.404763455  -76.379297935
    1.413589581  -75.957345219
    1.422415707  -75.536329921
    1.431241832  -75.181408503
    1.440067958  -74.937111939
    1.448894084  -74.830334027
    1.457720209  -74.860119323
    1.466546335  -75.001618939
    1.475372461  -75.207100128
    1.484198586  -75.425652666
    1.493024712  -75.632781149
    1.501850838  -75.837092713
    1.510676963  -76.050303210
    1.519503089  -76.260274827
    1.528329215  -76.443834450
    1.537155340  -76.590679904
    1.545981466  -76.713781330
    1.554807592  -76.833647331
    1.563633717  -76.951444341
    1.572459843  -77.070127062
    1.581285969  -77.191912707
    1.590112094  -77.284807119
    1.598938220  -77.277614246
    1.607764346  -77.120244311
    1.616590471  -76.812297205
    1.625416597  -76.408886043
    1.634242723  -75.990520856
    1.643068848  -75.631228840
    1.651894974  -75.374738125
    1.660721099  -75.234894961
    1.669547225  -75.202419620
    1.678373351  -75.245330944
    1.687199476  -75.323937681
    1.696025602  -75.428792183
    1.704851728  -75.598143364
    1.713677853  -75.880741877
    1.722503979  -76.285943166
    1.731330105  -76.747826151
    1.740156230  -77.144209228
    1.748982356  -77.356317937
    1.757808482  -77.344107650
    1.766634607  -77.181910890
    1.775460733  -76.995223373
    1.784286859  -76.846156827
    1.793112984  -76.701736773
    1.801939110  -76.500048999
    1.810765236  -76.216285258
    1.819591361  -75.884978411
    1.828417487  -75.581700078
    1.837243613  -75.363967699
    1.846069738  -75.247570424
    1.854895864  -75.217980045
    1.863721990  -75.260535204
    1.872548115  -75.355826094
    1.881374241  -75.475630291
    1.890200366  -75.581058163
    1.899026492  -75.641529923
    1.907852618  -75.660567913
    1.916678743  -75.672078851
    1.925504869  -75.719994745
    1.934330995  -75.814527500
    1.943157120  -75.929190131
    1.951983246  -76.023952487
    1.960809372  -76.055518535
    1.969635497  -76.003153832
    1.978461623  -75.894615336
    1.987287749  -75.809470419
    1.996113874  -75.819032443
    2.004940000  -75.930146066
    2.013766126  -76.067101954
    2.022592251  -76.135892242
    2.031418377  -76.104018396
    2.040244503  -76.016047674
    2.049070628  -75.942199343
    2.057896754  -75.929467227
    2.066722880  -75.990214874
    2.075549005  -76.093935138
    2.084375131  -76.184408297
    2.093201257  -76.213095545
    2.102027382  -76.177149214
    2.110853508  -76.125856823
    2.119679634  -76.107663047
    2.128505759  -76.119904826
    2.137331885  -76.117697522
    2.146158010  -76.069633923
    2.154984136  -76.000581544
    2.163810262  -75.978320899
    2.172636387  -76.042772544
    2.181462513  -76.163707726
    2.190288639  -76.263282507
    2.199114764  -76.295420433
    2.207940890  -76.254573198
    2.216767016  -76.153414507
    2.225593141  -76.019593238
    2.234419267  -75.910766034
    2.243245393  -75.889937136
    2.252071518  -75.970744748
    2.260897644  -76.095859433
    2.269723770  -76.171099121
    2.278549895  -76.142241211
    2.287376021  -76.029334807
    2.296202147  -75.892402065
    2.305028272  -75.774941568
    2.313854398  -75.680153877
    2.322680524  -75.601058475
    2.331506649  -75.544937539
    2.340332775  -75.525309308
    2.349158901  -75.533500263
    2.357985026  -75.530073941
    2.366811152  -75.485926339
    2.375637277  -75.417191389
    2.384463403  -75.368424671
    2.393289529  -75.369006939
    2.402115654  -75.417325827
    2.410941780  -75.481774783
    2.419767906  -75.527006198
    2.428594031  -75.536572494
    2.437420157  -75.510853689
    2.446246283  -75.455428132
    2.455072408  -75.368491519
    2.463898534  -75.254882992
    2.472724660  -75.125787107
    2.481550785  -74.994779420
    2.490376911  -74.882815951
    2.499203037  -74.811271954
    2.508029162  -74.776606968
    2.516855288  -74.746491829
    2.525681414  -74.690435142
    2.534507539  -74.598236846
    2.543333665  -74.487476565
    2.552159791  -74.375986163
    2.560985916  -74.275666763
    2.569812042  -74.204413738
    2.578638168  -74.192767462
    2.587464293  -74.256148462
    2.596290419  -74.377327576
    2.605116545  -74.501321186
    2.613942670  -74.556822135
    2.622768796  -74.509860575
    2.631594921  -74.391248558
    2.640421047  -74.273842976
    2.649247173  -74.218796695
    2.658073298  -74.229722438
    2.666899424  -74.253609706
    2.675725550  -74.228627183
    2.684551675  -74.131143153
    2.693377801  -73.992382598
    2.702203927  -73.854830230
    2.711030052  -73.739759904
    2.719856178  -73.652747466
    2.728682304  -73.597375208
    2.737508429  -73.592309970
    2.746334555  -73.638931508
    2.755160681  -73.716666443
    2.763986806  -73.789414704
    2.772812932  -73.820584218
    2.781639058  -73.794079091
    2.790465183  -73.719291660
    2.799291309  -73.629160376
    2.808117435  -73.557122135
    2.816943560  -73.528786221
    2.825769686  -73.551678250
    2.834595812  -73.619841449
    2.843421937  -73.706782024
    2.852248063  -73.765922713
    2.861074188  -73.765273946
    2.869900314  -73.704216209
    2.878726440  -73.607753127
    2.887552565  -73.511757097
    2.896378691  -73.437727295
    2.905204817  -73.383267774
    2.914030942  -73.310164814
    2.922857068  -73.179752538
    2.931683194  -72.989483437
    2.940509319  -72.792956223
    2.949335445  -72.680129786
    2.958161571  -72.704322393
    2.966987696  -72.852081787
    2.975813822  -73.054827219
    2.984639948  -73.224211074
    2.993466073  -73.293317012
    3.002292199  -73.239880920
    3.011118325  -73.088901150
    3.019944450  -72.888634436
    3.028770576  -72.665290516
    3.037596702  -72.424315772
    3.046422827  -72.171774386
    3.055248953  -71.946456300
    3.064075079  -71.807601163
    3.072901204  -71.783337172
    3.081727330  -71.840515824
    3.090553455  -71.914648262
    3.099379581  -71.966541638
    3.108205707  -72.009283680
    3.117031832  -72.080511811
    3.125857958  -72.188057628
    3.134684084  -72.291763203
    3.143510209  -72.327971616
    3.152336335  -72.258312039
    3.161162461  -72.099810948
    3.169988586  -71.903587132
    3.178814712  -71.724842086
    3.187640838  -71.589071122
    3.196466963  -71.497387840
    3.205293089  -71.438488567
    3.214119215  -71.406939186
    3.222945340  -71.394780009
    3.231771466  -71.386652863
    3.240597592  -71.358512577
    3.249423717  -71.286414457
    3.258249843  -71.164907869
    3.267075969  -71.020373635
    3.275902094  -70.899841265
    3.284728220  -70.839686676
    3.293554346  -70.841115675
    3.302380471  -70.883066585
    3.311206597  -70.948543370
    3.320032723  -71.043799345
    3.328858848  -71.192001162
    3.337684974  -71.386462315
    3.346511099  -71.567834371
    3.355337225  -71.641798627
    3.364163351  -71.543587741
    3.372989476  -71.284554553
    3.381815602  -70.962265602
    3.390641728  -70.711968154
    3.399467853  -70.627357213
    3.408293979  -70.726190824
    3.417120105  -70.944751089
    3.425946230  -71.182949991
    3.434772356  -71.352839439
    3.443598482  -71.419486016
    3.452424607  -71.400582078
    3.461250733  -71.351790443
    3.470076859  -71.334642051
    3.478902984  -71.392437793
    3.487729110  -71.511994059
    3.496555236  -71.595444677
    3.505381361  -71.452986489
    3.514207487  -70.821284619
    3.523033613  -69.452588444
    3.531859738  -67.180918940
    3.540685864  -63.945165155
    3.549511990  -59.726668626
    3.558338115  -54.512572403
    3.567164241  -48.322943356
    3.575990366  -41.310555982
    3.584816492  -33.855755726
    3.593642618  -26.581292823
    3.602468743  -20.214277355
    3.611294869  -15.439951560
    3.620120995  -12.625165117
    3.628947120  -11.332225944
    3.637773246  -10.797028085
    3.646599372  -10.575816364
    3.655425497  -10.485262315
    3.664251623  -10.449921875
    3.673077749  -10.437255276
    3.681903874  -10.433351277
    3.690730000  -10.432360630
