#! FIELDS pp.proj projection
#! SET min_pp.proj 0.31915
#! SET max_pp.proj 3.69073
#! SET nbins_pp.proj  383
#! SET periodic_pp.proj false
    0.319150000  -10.432240308
    0.327976126  -10.432240308
    0.336802251  -10.432240308
    0.345628377  -10.432240308
    0.354454503  -10.432275320
    0.363280628  -10.432377300
    0.372106754  -10.432782589
    0.380932880  -10.434317674
    0.389759005  -10.439033358
    0.398585131  -10.452010380
    0.407411257  -10.485030704
    0.416237382  -10.564727720
    0.425063508  -10.750029534
    0.433889634  -11.177370595
    0.442715759  -12.162501097
    0.451541885  -14.284384533
    0.460368010  -17.992338150
    0.469194136  -22.970674824
    0.478020262  -28.415474941
    0.486846387  -33.523476734
    0.495672513  -37.743750011
    0.504498639  -40.908346223
    0.513324764  -43.185631862
    0.522150890  -44.883949023
    0.530977016  -46.270840185
    0.539803141  -47.507272599
    0.548629267  -48.701650959
    0.557455393  -49.969701030
    0.566281518  -51.423627770
    0.575107644  -53.123288419
    0.583933770  -55.081213991
    0.592759895  -57.294122392
    0.601586021  -59.742588579
    0.610412147  -62.375788491
    0.619238272  -65.110637600
    0.628064398  -67.870992253
    0.636890524  -70.581204875
    0.645716649  -73.147142281
    0.654542775  -75.460614380
    0.663368901  -77.425517488
    0.672195026  -79.008552415
    0.681021152  -80.260176998
    0.689847277  -81.307917564
    0.698673403  -82.306205941
    0.707499529  -83.360545388
    0.716325654  -84.481235360
    0.725151780  -85.630328265
    0.733977906  -86.792436899
    0.742804031  -88.006990233
    0.751630157  -89.353173831
    0.760456283  -90.922672041
    0.769282408  -92.765528283
    0.778108534  -94.801110089
    0.786934660  -96.808285119
    0.795760785  -98.551820633
    0.804586911  -99.905023143
    0.813413037 -100.851610570
    0.822239162 -101.412799579
    0.831065288 -101.578807008
    0.839891414 -101.351097407
    0.848717539 -100.789592382
    0.857543665 -100.032367576
    0.866369791  -99.246657481
    0.875195916  -98.516397644
    0.884022042  -97.803338675
    0.892848168  -96.965256705
    0.901674293  -95.860912313
    0.910500419  -94.438799742
    0.919326545  -92.787365025
    0.928152670  -91.088297090
    0.936978796  -89.518824392
    0.945804921  -88.155441651
    0.954631047  -86.973631809
    0.963457173  -85.937252883
    0.972283298  -85.074563459
    0.981109424  -84.431495906
    0.989935550  -83.988696390
    0.998761675  -83.675527327
    1.007587801  -83.422221429
    1.016413927  -83.174223076
    1.025240052  -82.897015006
    1.034066178  -82.565579965
    1.042892304  -82.142768607
    1.051718429  -81.604105607
    1.060544555  -80.972630211
    1.069370681  -80.323463222
    1.078196806  -79.740190578
    1.087022932  -79.274811290
    1.095849058  -78.951851752
    1.104675183  -78.776823837
    1.113501309  -78.742950132
    1.122327435  -78.796228758
    1.131153560  -78.846755117
    1.139979686  -78.840185042
    1.148805812  -78.826800852
    1.157631937  -78.925750857
    1.166458063  -79.236781422
    1.175284188  -79.766303523
    1.184110314  -80.433075754
    1.192936440  -81.076430996
    1.201762565  -81.510170536
    1.210588691  -81.623942751
    1.219414817  -81.469740601
    1.228240942  -81.227425724
    1.237067068  -81.086720366
    1.245893194  -81.111417148
    1.254719319  -81.218839403
    1.263545445  -81.257182226
    1.272371571  -81.132286211
    1.281197696  -80.869692243
    1.290023822  -80.565137130
    1.298849948  -80.286003034
    1.307676073  -80.029698808
    1.316502199  -79.739866016
    1.325328325  -79.373516585
    1.334154450  -78.939000988
    1.342980576  -78.487686019
    1.351806702  -78.074616353
    1.360632827  -77.728631433
    1.369458953  -77.449428744
    1.378285079  -77.223042216
    1.387111204  -77.004960417
    1.395937330  -76.735601355
    1.404763455  -76.379297935
    1.413589581  -75.957345219
    1.422415707  -75.536329921
    1.431241832  -75.181408503
    1.440067958  -74.937111939
    1.448894084  -74.830345093
    1.457720209  -74.860170441
    1.466546335  -75.001803768
    1.475372461  -75.207673253
    1.484198586  -75.427158443
    1.493024712  -75.636227728
    1.501850838  -75.844092261
    1.510676963  -76.063210758
    1.519503089  -76.282285145
    1.528329215  -76.478420865
    1.537155340  -76.640240149
    1.545981466  -76.778922438
    1.554807592  -76.915406696
    1.563633717  -77.054587203
    1.572459843  -77.203511366
    1.581285969  -77.364555592
    1.590112094  -77.501948453
    1.598938220  -77.542534840
    1.607764346  -77.444722135
    1.616590471  -77.229904965
    1.625416597  -76.979627237
    1.634242723  -76.782266450
    1.643068848  -76.676011560
    1.651894974  -76.648582867
    1.660721099  -76.688785436
    1.669547225  -76.794490264
    1.678373351  -76.941397820
    1.687199476  -77.079277639
    1.696025602  -77.184369395
    1.704851728  -77.298702412
    1.713677853  -77.489876478
    1.722503979  -77.790758359
    1.731330105  -78.160676809
    1.740156230  -78.504365722
    1.748982356  -78.726993370
    1.757808482  -78.796312298
    1.766634607  -78.774720225
    1.775460733  -78.761884466
    1.784286859  -78.791769707
    1.793112984  -78.810346970
    1.801939110  -78.750697471
    1.810765236  -78.599176076
    1.819591361  -78.403243065
    1.828417487  -78.236310851
    1.837243613  -78.136614541
    1.846069738  -78.099040741
    1.854895864  -78.100937755
    1.863721990  -78.137104292
    1.872548115  -78.211302556
    1.881374241  -78.324250510
    1.890200366  -78.467246782
    1.899026492  -78.633324006
    1.907852618  -78.831578232
    1.916678743  -79.079843922
    1.925504869  -79.390820591
    1.934330995  -79.742555624
    1.943157120  -80.081103013
    1.951983246  -80.345958791
    1.960809372  -80.485802424
    1.969635497  -80.484993662
    1.978461623  -80.386132579
    1.987287749  -80.287207060
    1.996113874  -80.272743984
    2.004940000  -80.351357413
    2.013766126  -80.440809566
    2.022592251  -80.440943355
    2.031418377  -80.320101219
    2.040244503  -80.137038045
    2.049070628  -79.978967404
    2.057896754  -79.891200639
    2.066722880  -79.866422736
    2.075549005  -79.856514879
    2.084375131  -79.806152482
    2.093201257  -79.682492020
    2.102027382  -79.499034444
    2.110853508  -79.313946589
    2.119679634  -79.176669134
    2.128505759  -79.087143177
    2.137331885  -79.005052592
    2.146158010  -78.902459810
    2.154984136  -78.806323144
    2.163810262  -78.784081285
    2.172636387  -78.870632395
    2.181462513  -79.023440586
    2.190288639  -79.142829954
    2.199114764  -79.159671158
    2.207940890  -79.064977933
    2.216767016  -78.891978147
    2.225593141  -78.693939258
    2.234419267  -78.542232765
    2.243245393  -78.502127185
    2.252071518  -78.593436622
    2.260897644  -78.766892247
    2.269723770  -78.926211177
    2.278549895  -79.000480614
    2.287376021  -78.984633894
    2.296202147  -78.922476826
    2.305028272  -78.859484613
    2.313854398  -78.804986610
    2.322680524  -78.757280587
    2.331506649  -78.727011141
    2.340332775  -78.727838391
    2.349158901  -78.757295339
    2.357985026  -78.786157800
    2.366811152  -78.787292788
    2.375637277  -78.762845658
    2.384463403  -78.744009325
    2.393289529  -78.762639801
    2.402115654  -78.824615683
    2.410941780  -78.901964704
    2.419767906  -78.955527615
    2.428594031  -78.963739295
    2.437420157  -78.930142063
    2.446246283  -78.874630261
    2.455072408  -78.808256303
    2.463898534  -78.732686957
    2.472724660  -78.646318569
    2.481550785  -78.555276041
    2.490376911  -78.480513512
    2.499203037  -78.443806347
    2.508029162  -78.441473618
    2.516855288  -78.429319991
    2.525681414  -78.360663128
    2.534507539  -78.222874546
    2.543333665  -78.058770247
    2.552159791  -77.922985418
    2.560985916  -77.847181133
    2.569812042  -77.829330535
    2.578638168  -77.855302677
    2.587464293  -77.901780806
    2.596290419  -77.946389385
    2.605116545  -77.959619805
    2.613942670  -77.904597408
    2.622768796  -77.771202389
    2.631594921  -77.596509563
    2.640421047  -77.449090034
    2.649247173  -77.381749604
    2.658073298  -77.392244344
    2.666899424  -77.432784320
    2.675725550  -77.460320777
    2.684551675  -77.463702626
    2.693377801  -77.459036571
    2.702203927  -77.451570551
    2.711030052  -77.428261224
    2.719856178  -77.384237923
    2.728682304  -77.335128743
    2.737508429  -77.321340441
    2.746334555  -77.360144129
    2.755160681  -77.434467702
    2.763986806  -77.504670021
    2.772812932  -77.534663326
    2.781639058  -77.519651642
    2.790465183  -77.489544955
    2.799291309  -77.490908849
    2.808117435  -77.550916828
    2.816943560  -77.667739212
    2.825769686  -77.811806738
    2.834595812  -77.948799269
    2.843421937  -78.051596616
    2.852248063  -78.099970735
    2.861074188  -78.098149146
    2.869900314  -78.075037561
    2.878726440  -78.073759396
    2.887552565  -78.137968646
    2.896378691  -78.285539623
    2.905204817  -78.498738333
    2.914030942  -78.712857752
    2.922857068  -78.846332575
    2.931683194  -78.844134494
    2.940509319  -78.720450785
    2.949335445  -78.563729433
    2.958161571  -78.465114945
    2.966987696  -78.460617922
    2.975813822  -78.517956158
    2.984639948  -78.573155782
    2.993466073  -78.581133005
    3.002292199  -78.537548042
    3.011118325  -78.470986292
    3.019944450  -78.416404418
    3.028770576  -78.375953567
    3.037596702  -78.328238784
    3.046422827  -78.252709297
    3.055248953  -78.161148619
    3.064075079  -78.087913242
    3.072901204  -78.048461357
    3.081727330  -78.018755878
    3.090553455  -77.962646534
    3.099379581  -77.877010523
    3.108205707  -77.807716838
    3.117031832  -77.813185433
    3.125857958  -77.909482317
    3.134684084  -78.055198631
    3.143510209  -78.180624950
    3.152336335  -78.235407454
    3.161162461  -78.219158901
    3.169988586  -78.170073719
    3.178814712  -78.138993347
    3.187640838  -78.141853983
    3.196466963  -78.167466052
    3.205293089  -78.207803864
    3.214119215  -78.276262716
    3.222945340  -78.374014278
    3.231771466  -78.481392857
    3.240597592  -78.573757102
    3.249423717  -78.636918380
    3.258249843  -78.672347409
    3.267075969  -78.700984941
    3.275902094  -78.753261993
    3.284728220  -78.843963278
    3.293554346  -78.952841129
    3.302380471  -79.043433014
    3.311206597  -79.098680134
    3.320032723  -79.141737917
    3.328858848  -79.221243745
    3.337684974  -79.352332856
    3.346511099  -79.492252406
    3.355337225  -79.559887629
    3.364163351  -79.502523548
    3.372989476  -79.338538006
    3.381815602  -79.152923477
    3.390641728  -79.034860268
    3.399467853  -79.010670759
    3.408293979  -79.053972193
    3.417120105  -79.118088248
    3.425946230  -79.162493827
    3.434772356  -79.154435021
    3.443598482  -79.088467306
    3.452424607  -78.988586518
    3.461250733  -78.893499929
    3.470076859  -78.828919873
    3.478902984  -78.807410366
    3.487729110  -78.809661641
    3.496555236  -78.757614852
    3.505381361  -78.502032723
    3.514207487  -77.835762486
    3.523033613  -76.563903441
    3.531859738  -74.542926064
    3.540685864  -71.684425758
    3.549511990  -67.910490958
    3.558338115  -63.135593537
    3.567164241  -57.277072232
    3.575990366  -50.331311657
    3.584816492  -42.508977152
    3.593642618  -34.335407908
    3.602468743  -26.560313722
    3.611294869  -19.957983034
    3.620120995  -15.171822560
    3.628947120  -12.459092805
    3.637773246  -11.252268591
    3.646599372  -10.760904138
    3.655425497  -10.560068960
    3.664251623  -10.478631282
    3.673077749  -10.447294192
    3.681903874  -10.436461562
    3.690730000  -10.433157226
