#! FIELDS pp.proj projection
#! SET min_pp.proj 0.343794
#! SET max_pp.proj 3.67945
#! SET nbins_pp.proj  379
#! SET periodic_pp.proj false
    0.343794000  -10.432240308
    0.352618487  -10.432240308
    0.361442974  -10.432240308
    0.370267460  -10.432240308
    0.379091947  -10.432240308
    0.387916434  -10.432240308
    0.396740921  -10.432240308
    0.405565407  -10.432240308
    0.414389894  -10.432240308
    0.423214381  -10.432240308
    0.432038868  -10.432240308
    0.440863354  -10.432240308
    0.449687841  -10.432240308
    0.458512328  -10.432240308
    0.467336815  -10.432240308
    0.476161302  -10.432240308
    0.484985788  -10.432240308
    0.493810275  -10.432240308
    0.502634762  -10.432240308
    0.511459249  -10.432240308
    0.520283735  -10.432240308
    0.529108222  -10.432240308
    0.537932709  -10.432240308
    0.546757196  -10.432240308
    0.555581683  -10.432240308
    0.564406169  -10.432240308
    0.573230656  -10.432240308
    0.582055143  -10.432240308
    0.590879630  -10.432240308
    0.599704116  -10.432240308
    0.608528603  -10.432240308
    0.617353090  -10.432240308
    0.626177577  -10.432240308
    0.635002063  -10.432240308
    0.643826550  -10.432240308
    0.652651037  -10.432240308
    0.661475524  -10.432240308
    0.670300011  -10.432335249
    0.679124497  -10.432771246
    0.687948984  -10.434314706
    0.696773471  -10.439035904
    0.705597958  -10.452149850
    0.714422444  -10.485110351
    0.723246931  -10.561949249
    0.732071418  -10.734024066
    0.740895905  -11.116858711
    0.749720392  -11.957624454
    0.758544878  -13.612761467
    0.767369365  -16.175120399
    0.776193852  -19.234870151
    0.785018339  -22.302205082
    0.793842825  -25.122227846
    0.802667312  -27.654350134
    0.811491799  -29.944207611
    0.820316286  -32.014380337
    0.829140772  -33.836287393
    0.837965259  -35.367923923
    0.846789746  -36.590954639
    0.855614233  -37.514008766
    0.864438720  -38.165046195
    0.873263206  -38.594727134
    0.882087693  -38.885030706
    0.890912180  -39.114788912
    0.899736667  -39.296626544
    0.908561153  -39.348565280
    0.917385640  -39.155421551
    0.926210127  -38.692367667
    0.935034614  -38.075326539
    0.943859101  -37.486307368
    0.952683587  -37.015975946
    0.961508074  -36.595746433
    0.970332561  -36.057344438
    0.979157048  -35.316474487
    0.987981534  -34.464321716
    0.996806021  -33.688976571
    1.005630508  -33.130484936
    1.014454995  -32.816896541
    1.023279481  -32.660430495
    1.032103968  -32.492964458
    1.040928455  -32.122234002
    1.049752942  -31.420864997
    1.058577429  -30.370683744
    1.067401915  -29.010733508
    1.076226402  -27.392748240
    1.085050889  -25.600733594
    1.093875376  -23.773942368
    1.102699862  -22.050065948
    1.111524349  -20.504983778
    1.120348836  -19.150076819
    1.129173323  -17.956457850
    1.137997810  -16.881357644
    1.146822296  -15.891839125
    1.155646783  -14.971614035
    1.164471270  -14.137591783
    1.173295757  -13.432408357
    1.182120243  -12.892830140
    1.190944730  -12.510859834
    1.199769217  -12.243194932
    1.208593704  -12.027665843
    1.217418190  -11.813041152
    1.226242677  -11.585587340
    1.235067164  -11.379130839
    1.243891651  -11.243568800
    1.252716138  -11.210239269
    1.261540624  -11.289102756
    1.270365111  -11.476126291
    1.279189598  -11.757690062
    1.288014085  -12.125465143
    1.296838571  -12.591490560
    1.305663058  -13.196076081
    1.314487545  -13.980254340
    1.323312032  -14.940610882
    1.332136519  -15.983579315
    1.340961005  -16.932143249
    1.349785492  -17.596029929
    1.358609979  -17.872093505
    1.367434466  -17.813715893
    1.376258952  -17.610738448
    1.385083439  -17.485646945
    1.393907926  -17.575495833
    1.402732413  -17.912234320
    1.411556899  -18.468842859
    1.420381386  -19.181345387
    1.429205873  -19.937624816
    1.438030360  -20.589646842
    1.446854847  -21.053185698
    1.455679333  -21.389099661
    1.464503820  -21.768185041
    1.473328307  -22.322916167
    1.482152794  -23.023271879
    1.490977280  -23.703988623
    1.499801767  -24.187902677
    1.508626254  -24.400917182
    1.517450741  -24.412189353
    1.526275228  -24.387988745
    1.535099714  -24.491455707
    1.543924201  -24.778920570
    1.552748688  -25.175106714
    1.561573175  -25.509562445
    1.570397661  -25.592100632
    1.579222148  -25.306294950
    1.588046635  -24.661245627
    1.596871122  -23.776548089
    1.605695608  -22.798452753
    1.614520095  -21.808680331
    1.623344582  -20.795779006
    1.632169069  -19.686529778
    1.640993556  -18.435629045
    1.649818042  -17.077069891
    1.658642529  -15.723111143
    1.667467016  -14.509606566
    1.676291503  -13.522460310
    1.685115989  -12.769880038
    1.693940476  -12.206449183
    1.702764963  -11.773766981
    1.711589450  -11.433086166
    1.720413937  -11.167447786
    1.729238423  -10.974173979
    1.738062910  -10.846422853
    1.746887397  -10.770855212
    1.755711884  -10.726291251
    1.764536370  -10.691035774
    1.773360857  -10.650568539
    1.782185344  -10.601357445
    1.791009831  -10.550433059
    1.799834317  -10.506296957
    1.808658804  -10.473910943
    1.817483291  -10.453157109
    1.826307778  -10.441660004
    1.835132265  -10.436008914
    1.843956751  -10.433576118
    1.852781238  -10.432659030
    1.861605725  -10.432356264
    1.870430212  -10.432240308
    1.879254698  -10.432240308
    1.888079185  -10.432240308
    1.896903672  -10.432240308
    1.905728159  -10.432240308
    1.914552646  -10.432240308
    1.923377132  -10.432240308
    1.932201619  -10.432240308
    1.941026106  -10.432240308
    1.949850593  -10.432240308
    1.958675079  -10.432240308
    1.967499566  -10.432240308
    1.976324053  -10.432240308
    1.985148540  -10.432240308
    1.993973026  -10.432240308
    2.002797513  -10.432240308
    2.011622000  -10.432240308
    2.020446487  -10.432240308
    2.029270974  -10.432240308
    2.038095460  -10.432240308
    2.046919947  -10.432240308
    2.055744434  -10.432240308
    2.064568921  -10.432240308
    2.073393407  -10.432240308
    2.082217894  -10.432240308
    2.091042381  -10.432240308
    2.099866868  -10.432240308
    2.108691354  -10.432240308
    2.117515841  -10.432240308
    2.126340328  -10.432240308
    2.135164815  -10.432240308
    2.143989302  -10.432240308
    2.152813788  -10.432240308
    2.161638275  -10.432240308
    2.170462762  -10.432240308
    2.179287249  -10.432240308
    2.188111735  -10.432240308
    2.196936222  -10.432240308
    2.205760709  -10.432240308
    2.214585196  -10.432240308
    2.223409683  -10.432240308
    2.232234169  -10.432240308
    2.241058656  -10.432240308
    2.249883143  -10.432240308
    2.258707630  -10.432240308
    2.267532116  -10.432240308
    2.276356603  -10.432240308
    2.285181090  -10.432240308
    2.294005577  -10.432240308
    2.302830063  -10.432240308
    2.311654550  -10.432240308
    2.320479037  -10.432240308
    2.329303524  -10.432240308
    2.338128011  -10.432240308
    2.346952497  -10.432240308
    2.355776984  -10.432240308
    2.364601471  -10.432240308
    2.373425958  -10.432240308
    2.382250444  -10.432240308
    2.391074931  -10.432240308
    2.399899418  -10.432240308
    2.408723905  -10.432240308
    2.417548392  -10.432240308
    2.426372878  -10.432240308
    2.435197365  -10.432240308
    2.444021852  -10.432240308
    2.452846339  -10.432240308
    2.461670825  -10.432240308
    2.470495312  -10.432240308
    2.479319799  -10.432240308
    2.488144286  -10.432240308
    2.496968772  -10.432240308
    2.505793259  -10.432240308
    2.514617746  -10.432240308
    2.523442233  -10.432240308
    2.532266720  -10.432240308
    2.541091206  -10.432240308
    2.549915693  -10.432240308
    2.558740180  -10.432240308
    2.567564667  -10.432240308
    2.576389153  -10.432240308
    2.585213640  -10.432240308
    2.594038127  -10.432240308
    2.602862614  -10.432240308
    2.611687101  -10.432240308
    2.620511587  -10.432240308
    2.629336074  -10.432240308
    2.638160561  -10.432240308
    2.646985048  -10.432240308
    2.655809534  -10.432240308
    2.664634021  -10.432240308
    2.673458508  -10.432240308
    2.682282995  -10.432240308
    2.691107481  -10.432240308
    2.699931968  -10.432240308
    2.708756455  -10.432240308
    2.717580942  -10.432240308
    2.726405429  -10.432240308
    2.735229915  -10.432240308
    2.744054402  -10.432240308
    2.752878889  -10.432240308
    2.761703376  -10.432240308
    2.770527862  -10.432240308
    2.779352349  -10.432240308
    2.788176836  -10.432240308
    2.797001323  -10.432240308
    2.805825810  -10.432240308
    2.814650296  -10.432240308
    2.823474783  -10.432240308
    2.832299270  -10.432240308
    2.841123757  -10.432240308
    2.849948243  -10.432240308
    2.858772730  -10.432240308
    2.867597217  -10.432240308
    2.876421704  -10.432240308
    2.885246190  -10.432240308
    2.894070677  -10.432240308
    2.902895164  -10.432240308
    2.911719651  -10.432240308
    2.920544138  -10.432240308
    2.929368624  -10.432240308
    2.938193111  -10.432240308
    2.947017598  -10.432240308
    2.955842085  -10.432240308
    2.964666571  -10.432240308
    2.973491058  -10.432240308
    2.982315545  -10.432240308
    2.991140032  -10.432240308
    2.999964519  -10.432240308
    3.008789005  -10.432240308
    3.017613492  -10.432240308
    3.026437979  -10.432240308
    3.035262466  -10.432240308
    3.044086952  -10.432240308
    3.052911439  -10.432240308
    3.061735926  -10.432240308
    3.070560413  -10.432240308
    3.079384899  -10.432240308
    3.088209386  -10.432240308
    3.097033873  -10.432240308
    3.105858360  -10.432240308
    3.114682847  -10.432240308
    3.123507333  -10.432240308
    3.132331820  -10.432240308
    3.141156307  -10.432240308
    3.149980794  -10.432240308
    3.158805280  -10.432240308
    3.167629767  -10.432240308
    3.176454254  -10.432240308
    3.185278741  -10.432240308
    3.194103228  -10.432240308
    3.202927714  -10.432240308
    3.211752201  -10.432240308
    3.220576688  -10.432240308
    3.229401175  -10.432240308
    3.238225661  -10.432240308
    3.247050148  -10.432240308
    3.255874635  -10.432240308
    3.264699122  -10.432240308
    3.273523608  -10.432240308
    3.282348095  -10.432240308
    3.291172582  -10.432240308
    3.299997069  -10.432240308
    3.308821556  -10.432240308
    3.317646042  -10.432240308
    3.326470529  -10.432240308
    3.335295016  -10.432240308
    3.344119503  -10.432240308
    3.352943989  -10.432240308
    3.361768476  -10.432240308
    3.370592963  -10.432240308
    3.379417450  -10.432240308
    3.388241937  -10.432240308
    3.397066423  -10.432240308
    3.405890910  -10.432240308
    3.414715397  -10.432240308
    3.423539884  -10.432240308
    3.432364370  -10.432240308
    3.441188857  -10.432240308
    3.450013344  -10.432240308
    3.458837831  -10.432240308
    3.467662317  -10.432240308
    3.476486804  -10.432240308
    3.485311291  -10.432240308
    3.494135778  -10.432240308
    3.502960265  -10.432240308
    3.511784751  -10.432240308
    3.520609238  -10.432240308
    3.529433725  -10.432240308
    3.538258212  -10.432240308
    3.547082698  -10.432240308
    3.555907185  -10.432240308
    3.564731672  -10.432240308
    3.573556159  -10.432240308
    3.582380646  -10.432240308
    3.591205132  -10.432240308
    3.600029619  -10.432240308
    3.608854106  -10.432240308
    3.617678593  -10.432240308
    3.626503079  -10.432240308
    3.635327566  -10.432240308
    3.644152053  -10.432240308
    3.652976540  -10.432240308
    3.661801026  -10.432240308
    3.670625513  -10.432240308
    3.679450000  -10.432240308
