#! FIELDS pp.proj projection
#! SET min_pp.proj 0.343794
#! SET max_pp.proj 3.67945
#! SET nbins_pp.proj  379
#! SET periodic_pp.proj false
    0.343794000  -10.432240308
    0.352618487  -10.432240308
    0.361442974  -10.432240308
    0.370267460  -10.432240308
    0.379091947  -10.432240308
    0.387916434  -10.432240308
    0.396740921  -10.432240308
    0.405565407  -10.432240308
    0.414389894  -10.432268521
    0.423214381  -10.432381158
    0.432038868  -10.432868286
    0.440863354  -10.434385817
    0.449687841  -10.438755887
    0.458512328  -10.449981321
    0.467336815  -10.476095412
    0.476161302  -10.531875646
    0.484985788  -10.644041451
    0.493810275  -10.860754883
    0.502634762  -11.265881611
    0.511459249  -11.983133081
    0.520283735  -13.132539042
    0.529108222  -14.750181903
    0.537932709  -16.787925918
    0.546757196  -19.187400882
    0.555581683  -21.895412441
    0.564406169  -24.817998613
    0.573230656  -27.791876924
    0.582055143  -30.605649963
    0.590879630  -33.053646623
    0.599704116  -34.999838599
    0.608528603  -36.437973687
    0.617353090  -37.502706600
    0.626177577  -38.411479075
    0.635002063  -39.347049425
    0.643826550  -40.380006805
    0.652651037  -41.483973541
    0.661475524  -42.612840644
    0.670300011  -43.764939062
    0.679124497  -44.999853978
    0.687948984  -46.384361482
    0.696773471  -47.902911983
    0.705597958  -49.434492593
    0.714422444  -50.835278295
    0.723246931  -52.050205392
    0.732071418  -53.130432284
    0.740895905  -54.146469102
    0.749720392  -55.091151654
    0.758544878  -55.864384718
    0.767369365  -56.338172058
    0.776193852  -56.461885313
    0.785018339  -56.349486514
    0.793842825  -56.746241597
    0.802667312  -59.301487966
    0.811491799  -62.988610944
    0.820316286  -66.321050991
    0.829140772  -69.102597942
    0.837965259  -71.436385258
    0.846789746  -73.429068498
    0.855614233  -75.149057839
    0.864438720  -76.645091185
    0.873263206  -77.976405027
    0.882087693  -79.205677366
    0.890912180  -80.366934923
    0.899736667  -81.429808564
    0.908561153  -82.304338297
    0.917385640  -82.910832682
    0.926210127  -83.267739920
    0.935034614  -83.498954082
    0.943859101  -83.750002898
    0.952683587  -84.074222419
    0.961508074  -84.376990387
    0.970332561  -84.473100272
    0.979157048  -84.225542051
    0.987981534  -83.635255177
    0.996806021  -82.818924081
    1.005630508  -81.880588018
    1.014454995  -80.821635909
    1.023279481  -79.552787123
    1.032103968  -78.006187592
    1.040928455  -76.201352761
    1.049752942  -74.228359536
    1.058577429  -72.155002745
    1.067401915  -70.007429759
    1.076226402  -67.912402337
    1.085050889  -66.412605786
    1.093875376  -66.220547317
    1.102699862  -66.981540467
    1.111524349  -67.949479393
    1.120348836  -68.800848392
    1.129173323  -69.474374607
    1.137997810  -70.009231805
    1.146822296  -70.459489663
    1.155646783  -70.825201469
    1.164471270  -71.065759297
    1.173295757  -71.135985529
    1.182120243  -71.027816116
    1.190944730  -70.754199647
    1.199769217  -70.343867431
    1.208593704  -69.842056458
    1.217418190  -69.316584499
    1.226242677  -68.850871195
    1.235067164  -68.519972025
    1.243891651  -68.343085640
    1.252716138  -68.281466117
    1.261540624  -68.256972693
    1.270365111  -68.171151325
    1.279189598  -67.944508990
    1.288014085  -67.536352829
    1.296838571  -66.955056770
    1.305663058  -66.265874831
    1.314487545  -65.558886324
    1.323312032  -64.899032697
    1.332136519  -64.299223619
    1.340961005  -63.740176038
    1.349785492  -63.215523000
    1.358609979  -62.749220047
    1.367434466  -62.375995318
    1.376258952  -62.147008205
    1.385083439  -62.108838631
    1.393907926  -62.250632621
    1.402732413  -62.514887280
    1.411556899  -62.852974742
    1.420381386  -63.242327498
    1.429205873  -63.650385190
    1.438030360  -64.018714168
    1.446854847  -64.278282120
    1.455679333  -64.394843494
    1.464503820  -64.413820930
    1.473328307  -64.440196448
    1.482152794  -64.576531158
    1.490977280  -64.875088008
    1.499801767  -65.349641498
    1.508626254  -66.002371530
    1.517450741  -66.803821619
    1.526275228  -67.669042695
    1.535099714  -68.490218469
    1.543924201  -69.182503975
    1.552748688  -69.713598886
    1.561573175  -70.090145866
    1.570397661  -70.354036745
    1.579222148  -70.551585310
    1.588046635  -70.701506480
    1.596871122  -70.769551121
    1.605695608  -70.723178807
    1.614520095  -70.575250351
    1.623344582  -70.369142672
    1.632169069  -70.131347019
    1.640993556  -69.868824706
    1.649818042  -69.587851927
    1.658642529  -69.265295845
    1.667467016  -68.857627348
    1.676291503  -68.341631832
    1.685115989  -67.745549772
    1.693940476  -67.131207886
    1.702764963  -66.585509803
    1.711589450  -66.196861400
    1.720413937  -66.035731333
    1.729238423  -66.152546625
    1.738062910  -66.561296605
    1.746887397  -67.239692111
    1.755711884  -68.128736639
    1.764536370  -69.170321919
    1.773360857  -70.327501294
    1.782185344  -71.564265585
    1.791009831  -72.814198631
    1.799834317  -73.977588783
    1.808658804  -74.916791581
    1.817483291  -75.537654319
    1.826307778  -75.875216078
    1.835132265  -76.087908381
    1.843956751  -76.332435381
    1.852781238  -76.640993807
    1.861605725  -76.912471333
    1.870430212  -76.995457953
    1.879254698  -76.807112746
    1.888079185  -76.385326964
    1.896903672  -75.863215637
    1.905728159  -75.385234388
    1.914552646  -75.021520277
    1.923377132  -74.737063606
    1.932201619  -74.433393368
    1.941026106  -74.041943798
    1.949850593  -73.582479967
    1.958675079  -73.145484805
    1.967499566  -72.821097191
    1.976324053  -72.630096472
    1.985148540  -72.530285068
    1.993973026  -72.458254307
    2.002797513  -72.374974728
    2.011622000  -72.259231032
    2.020446487  -72.079688313
    2.029270974  -71.780600116
    2.038095460  -71.320695979
    2.046919947  -70.725707976
    2.055744434  -70.095686875
    2.064568921  -69.549486663
    2.073393407  -69.134715612
    2.082217894  -68.794559950
    2.091042381  -68.412079800
    2.099866868  -67.885495277
    2.108691354  -67.203841178
    2.117515841  -66.465394038
    2.126340328  -65.809265494
    2.135164815  -65.349728041
    2.143989302  -65.120173885
    2.152813788  -65.056158902
    2.161638275  -65.012839018
    2.170462762  -64.840644416
    2.179287249  -64.487259441
    2.188111735  -64.041468710
    2.196936222  -63.662746567
    2.205760709  -63.469539208
    2.214585196  -63.476621499
    2.223409683  -63.606477376
    2.232234169  -63.727856800
    2.241058656  -63.735795720
    2.249883143  -63.614307165
    2.258707630  -63.436378178
    2.267532116  -63.294789589
    2.276356603  -63.230872252
    2.285181090  -63.222803917
    2.294005577  -63.224580076
    2.302830063  -63.195855204
    2.311654550  -63.108182258
    2.320479037  -62.957377812
    2.329303524  -62.765353218
    2.338128011  -62.578006012
    2.346952497  -62.439472229
    2.355776984  -62.363193497
    2.364601471  -62.326849808
    2.373425958  -62.291456541
    2.382250444  -62.241625704
    2.391074931  -62.192009428
    2.399899418  -62.165499451
    2.408723905  -62.162468509
    2.417548392  -62.175385673
    2.426372878  -62.198531574
    2.435197365  -62.220795002
    2.444021852  -62.213467767
    2.452846339  -62.145238692
    2.461670825  -62.012068749
    2.470495312  -61.847094869
    2.479319799  -61.702586942
    2.488144286  -61.621810175
    2.496968772  -61.633635705
    2.505793259  -61.747616461
    2.514617746  -61.940580659
    2.523442233  -62.158911818
    2.532266720  -62.325004090
    2.541091206  -62.365178022
    2.549915693  -62.259209449
    2.558740180  -62.063615161
    2.567564667  -61.883360691
    2.576389153  -61.783883673
    2.585213640  -61.728864609
    2.594038127  -61.628360239
    2.602862614  -61.443469893
    2.611687101  -61.224699699
    2.620511587  -61.043989365
    2.629336074  -60.914991940
    2.638160561  -60.792272617
    2.646985048  -60.642225793
    2.655809534  -60.484984624
    2.664634021  -60.354779203
    2.673458508  -60.253630764
    2.682282995  -60.154360515
    2.691107481  -60.033878951
    2.699931968  -59.888900915
    2.708756455  -59.743216367
    2.717580942  -59.624673498
    2.726405429  -59.540072737
    2.735229915  -59.475527707
    2.744054402  -59.392539895
    2.752878889  -59.259426999
    2.761703376  -59.076960880
    2.770527862  -58.885995684
    2.779352349  -58.727486603
    2.788176836  -58.604957123
    2.797001323  -58.495634182
    2.805825810  -58.404714423
    2.814650296  -58.371777415
    2.823474783  -58.444040202
    2.832299270  -58.632377020
    2.841123757  -58.895369389
    2.849948243  -59.122015384
    2.858772730  -59.184597121
    2.867597217  -59.039290658
    2.876421704  -58.777427463
    2.885246190  -58.543794176
    2.894070677  -58.436974877
    2.902895164  -58.462042953
    2.911719651  -58.552026261
    2.920544138  -58.601476820
    2.929368624  -58.523803382
    2.938193111  -58.285843959
    2.947017598  -57.915503333
    2.955842085  -57.474128741
    2.964666571  -57.044809274
    2.973491058  -56.729230411
    2.982315545  -56.619914537
    2.991140032  -56.749432751
    2.999964519  -57.057858860
    3.008789005  -57.412946594
    3.017613492  -57.666805421
    3.026437979  -57.735172508
    3.035262466  -57.636568948
    3.044086952  -57.455492606
    3.052911439  -57.277770837
    3.061735926  -57.186897131
    3.070560413  -57.247688678
    3.079384899  -57.451085542
    3.088209386  -57.703020419
    3.097033873  -57.903294673
    3.105858360  -57.990895343
    3.114682847  -57.934550588
    3.123507333  -57.755635819
    3.132331820  -57.540496377
    3.141156307  -57.384609293
    3.149980794  -57.318162788
    3.158805280  -57.295342734
    3.167629767  -57.253418123
    3.176454254  -57.174397286
    3.185278741  -57.099926829
    3.194103228  -57.081514781
    3.202927714  -57.142780517
    3.211752201  -57.265683707
    3.220576688  -57.420877653
    3.229401175  -57.590657310
    3.238225661  -57.772663164
    3.247050148  -57.972662064
    3.255874635  -58.202439382
    3.264699122  -58.472751497
    3.273523608  -58.753159822
    3.282348095  -58.968412765
    3.291172582  -59.030782913
    3.299997069  -58.903889771
    3.308821556  -58.635516657
    3.317646042  -58.333090969
    3.326470529  -58.112956155
    3.335295016  -58.028845288
    3.344119503  -58.048965837
    3.352943989  -58.097230213
    3.361768476  -58.124939306
    3.370592963  -58.131806551
    3.379417450  -58.148990901
    3.388241937  -58.188767071
    3.397066423  -58.213098566
    3.405890910  -58.163126838
    3.414715397  -58.028350850
    3.423539884  -57.854000009
    3.432364370  -57.705229676
    3.441188857  -57.613533069
    3.450013344  -57.555155285
    3.458837831  -57.497139182
    3.467662317  -57.429945819
    3.476486804  -57.394856530
    3.485311291  -57.427620339
    3.494135778  -57.499530302
    3.502960265  -57.454455166
    3.511784751  -57.022331896
    3.520609238  -55.895971801
    3.529433725  -53.827059372
    3.538258212  -50.672776957
    3.547082698  -46.417082773
    3.555907185  -41.181904148
    3.564731672  -35.263459886
    3.573556159  -29.117865969
    3.582380646  -23.280038897
    3.591205132  -18.267288809
    3.600029619  -14.549019305
    3.608854106  -12.334846427
    3.617678593  -11.265278055
    3.626503079  -10.792536035
    3.635327566  -10.585202032
    3.644152053  -10.493754635
    3.652976540  -10.455201767
    3.661801026  -10.439793219
    3.670625513  -10.434549297
    3.679450000  -10.432849335
