#! FIELDS pp.proj projection
#! SET min_pp.proj 0.343794
#! SET max_pp.proj 3.67945
#! SET nbins_pp.proj  379
#! SET periodic_pp.proj false
    0.343794000  -10.432240308
    0.352618487  -10.432240308
    0.361442974  -10.432240308
    0.370267460  -10.432240308
    0.379091947  -10.432240308
    0.387916434  -10.432240308
    0.396740921  -10.432240308
    0.405565407  -10.432240308
    0.414389894  -10.432240308
    0.423214381  -10.432240308
    0.432038868  -10.432240308
    0.440863354  -10.432240308
    0.449687841  -10.432240308
    0.458512328  -10.432240308
    0.467336815  -10.432240308
    0.476161302  -10.432240308
    0.484985788  -10.432240308
    0.493810275  -10.432240308
    0.502634762  -10.432240308
    0.511459249  -10.432240308
    0.520283735  -10.432240308
    0.529108222  -10.432240308
    0.537932709  -10.432240308
    0.546757196  -10.432240308
    0.555581683  -10.432240308
    0.564406169  -10.432240308
    0.573230656  -10.432240308
    0.582055143  -10.432240308
    0.590879630  -10.432240308
    0.599704116  -10.432240308
    0.608528603  -10.432240308
    0.617353090  -10.432240308
    0.626177577  -10.432240308
    0.635002063  -10.432240308
    0.643826550  -10.432240308
    0.652651037  -10.432240308
    0.661475524  -10.432240308
    0.670300011  -10.432335249
    0.679124497  -10.432771246
    0.687948984  -10.434314706
    0.696773471  -10.439035904
    0.705597958  -10.452149850
    0.714422444  -10.485110351
    0.723246931  -10.561949249
    0.732071418  -10.734024066
    0.740895905  -11.116858711
    0.749720392  -11.957624454
    0.758544878  -13.612761467
    0.767369365  -16.175120399
    0.776193852  -19.234870151
    0.785018339  -22.302205082
    0.793842825  -25.122227846
    0.802667312  -27.654350134
    0.811491799  -29.944207611
    0.820316286  -32.014380337
    0.829140772  -33.836287393
    0.837965259  -35.367923923
    0.846789746  -36.590954639
    0.855614233  -37.514008766
    0.864438720  -38.165046195
    0.873263206  -38.594727134
    0.882087693  -38.885030706
    0.890912180  -39.114788912
    0.899736667  -39.296626544
    0.908561153  -39.348565280
    0.917385640  -39.155421551
    0.926210127  -38.692367667
    0.935034614  -38.075326539
    0.943859101  -37.486307368
    0.952683587  -37.015975946
    0.961508074  -36.595746433
    0.970332561  -36.057344438
    0.979157048  -35.316474487
    0.987981534  -34.464321716
    0.996806021  -33.688976571
    1.005630508  -33.130484936
    1.014454995  -32.816896541
    1.023279481  -32.660430495
    1.032103968  -32.492964458
    1.040928455  -32.122234002
    1.049752942  -31.420864997
    1.058577429  -30.370683744
    1.067401915  -29.010733508
    1.076226402  -27.392748240
    1.085050889  -25.600733594
    1.093875376  -23.773942368
    1.102699862  -22.050065948
    1.111524349  -20.504983778
    1.120348836  -19.150452083
    1.129173323  -17.958147682
    1.137997810  -16.887483667
    1.146822296  -15.910905155
    1.155646783  -15.023324106
    1.164471270  -14.259454971
    1.173295757  -13.686431479
    1.182120243  -13.373127353
    1.190944730  -13.358525054
    1.199769217  -13.655824032
    1.208593704  -14.230995366
    1.217418190  -14.975086521
    1.226242677  -15.726228928
    1.235067164  -16.364942188
    1.243891651  -16.870429992
    1.252716138  -17.278807237
    1.261540624  -17.612071354
    1.270365111  -17.843018013
    1.279189598  -17.927714707
    1.288014085  -17.883651314
    1.296838571  -17.817965896
    1.305663058  -17.902190451
    1.314487545  -18.284213896
    1.323312032  -18.994193580
    1.332136519  -19.901801304
    1.340961005  -20.773615660
    1.349785492  -21.378812225
    1.358609979  -21.580294068
    1.367434466  -21.399333805
    1.376258952  -21.013480363
    1.385083439  -20.670628307
    1.393907926  -20.555025192
    1.402732413  -20.743381531
    1.411556899  -21.234572006
    1.420381386  -21.975732869
    1.429205873  -22.834256043
    1.438030360  -23.608819949
    1.446854847  -24.143378989
    1.455679333  -24.446633428
    1.464503820  -24.685281696
    1.473328307  -25.029866431
    1.482152794  -25.499166831
    1.490977280  -25.978788957
    1.499801767  -26.331546172
    1.508626254  -26.496973573
    1.517450741  -26.521626464
    1.526275228  -26.522209257
    1.535099714  -26.614420556
    1.543924201  -26.838307129
    1.552748688  -27.143931411
    1.561573175  -27.412677173
    1.570397661  -27.512353131
    1.579222148  -27.367960168
    1.588046635  -26.999832093
    1.596871122  -26.498774215
    1.605695608  -25.954573360
    1.614520095  -25.417703621
    1.623344582  -24.927898147
    1.632169069  -24.542049076
    1.640993556  -24.323888807
    1.649818042  -24.296046783
    1.658642529  -24.401516898
    1.667467016  -24.521236441
    1.676291503  -24.530237103
    1.685115989  -24.393957123
    1.693940476  -24.220959254
    1.702764963  -24.309156506
    1.711589450  -25.263977995
    1.720413937  -27.673120518
    1.729238423  -31.189526324
    1.738062910  -35.059338235
    1.746887397  -38.835302610
    1.755711884  -42.304925314
    1.764536370  -45.388499420
    1.773360857  -48.098416116
    1.782185344  -50.483436434
    1.791009831  -52.550622753
    1.799834317  -54.221003372
    1.808658804  -55.381759513
    1.817483291  -56.009957900
    1.826307778  -56.248992884
    1.835132265  -56.350764785
    1.843956751  -56.505814493
    1.852781238  -56.709555428
    1.861605725  -56.772376357
    1.870430212  -56.467514447
    1.879254698  -55.711619315
    1.888079185  -54.620503418
    1.896903672  -53.442184796
    1.905728159  -52.417423872
    1.914552646  -51.662781248
    1.923377132  -51.133368338
    1.932201619  -50.670475854
    1.941026106  -50.116539496
    1.949850593  -49.425986294
    1.958675079  -48.704909905
    1.967499566  -48.145937002
    1.976324053  -47.914611687
    1.985148540  -48.076782028
    1.993973026  -48.580534196
    2.002797513  -49.286660698
    2.011622000  -50.026047216
    2.020446487  -50.650109683
    2.029270974  -51.063701554
    2.038095460  -51.249079129
    2.046919947  -51.272555969
    2.055744434  -51.250274083
    2.064568921  -51.290467445
    2.073393407  -51.415113164
    2.082217894  -51.542941328
    2.091042381  -51.543662602
    2.099866868  -51.316390822
    2.108691354  -50.859356399
    2.117515841  -50.280354624
    2.126340328  -49.710726215
    2.135164815  -49.238125707
    2.143989302  -48.860033503
    2.152813788  -48.496762423
    2.161638275  -48.028187034
    2.170462762  -47.384493269
    2.179287249  -46.633759914
    2.188111735  -45.981481151
    2.196936222  -45.635491335
    2.205760709  -45.645958657
    2.214585196  -45.840228434
    2.223409683  -45.921219197
    2.232234169  -45.652723518
    2.241058656  -45.005969690
    2.249883143  -44.163279310
    2.258707630  -43.401004381
    2.267532116  -42.915909367
    2.276356603  -42.713009116
    2.285181090  -42.616867672
    2.294005577  -42.399939558
    2.302830063  -41.935237596
    2.311654550  -41.248131363
    2.320479037  -40.462183276
    2.329303524  -39.678235863
    2.338128011  -38.931654611
    2.346952497  -38.218480318
    2.355776984  -37.549025170
    2.364601471  -36.965868300
    2.373425958  -36.538685254
    2.382250444  -36.336953003
    2.391074931  -36.371990203
    2.399899418  -36.579319147
    2.408723905  -36.827872393
    2.417548392  -36.963897647
    2.426372878  -36.868007641
    2.435197365  -36.508713839
    2.444021852  -35.949095273
    2.452846339  -35.315885169
    2.461670825  -34.743142505
    2.470495312  -34.310355964
    2.479319799  -34.020691265
    2.488144286  -33.806731145
    2.496968772  -33.584132704
    2.505793259  -33.306876649
    2.514617746  -32.972146567
    2.523442233  -32.604739523
    2.532266720  -32.234944522
    2.541091206  -31.894155351
    2.549915693  -31.607527098
    2.558740180  -31.376545819
    2.567564667  -31.189139206
    2.576389153  -31.019901917
    2.585213640  -30.836591252
    2.594038127  -30.634428534
    2.602862614  -30.470895280
    2.611687101  -30.443120104
    2.620511587  -30.601942026
    2.629336074  -30.901531710
    2.638160561  -31.236345371
    2.646985048  -31.513302895
    2.655809534  -31.690459294
    2.664634021  -31.771894588
    2.673458508  -31.779618767
    2.682282995  -31.730503949
    2.691107481  -31.645757547
    2.699931968  -31.566175683
    2.708756455  -31.544606503
    2.717580942  -31.610359722
    2.726405429  -31.754886533
    2.735229915  -31.963575409
    2.744054402  -32.224474232
    2.752878889  -32.518455094
    2.761703376  -32.790535244
    2.770527862  -32.979979573
    2.779352349  -33.062340904
    2.788176836  -33.042625595
    2.797001323  -32.941562015
    2.805825810  -32.801467462
    2.814650296  -32.679207046
    2.823474783  -32.625626265
    2.832299270  -32.656642524
    2.841123757  -32.742665142
    2.849948243  -32.798909114
    2.858772730  -32.730732663
    2.867597217  -32.509045231
    2.876421704  -32.201121601
    2.885246190  -31.935846509
    2.894070677  -31.825317123
    2.902895164  -31.900454695
    2.911719651  -32.092189101
    2.920544138  -32.259455400
    2.929368624  -32.264087905
    2.938193111  -32.037905089
    2.947017598  -31.616515955
    2.955842085  -31.130732599
    2.964666571  -30.747769932
    2.973491058  -30.595588286
    2.982315545  -30.701902029
    2.991140032  -30.972427599
    2.999964519  -31.230671703
    3.008789005  -31.330474015
    3.017613492  -31.254942220
    3.026437979  -31.105606111
    3.035262466  -30.983129921
    3.044086952  -30.928814903
    3.052911439  -30.969857566
    3.061735926  -31.125122952
    3.070560413  -31.335832826
    3.079384899  -31.502623878
    3.088209386  -31.613423432
    3.097033873  -31.760194681
    3.105858360  -31.959613071
    3.114682847  -32.065686517
    3.123507333  -31.963760034
    3.132331820  -31.720737607
    3.141156307  -31.471737570
    3.149980794  -31.275749876
    3.158805280  -31.112818290
    3.167629767  -30.968339550
    3.176454254  -30.859282270
    3.185278741  -30.816956720
    3.194103228  -30.824681144
    3.202927714  -30.821956692
    3.211752201  -30.758659938
    3.220576688  -30.666528995
    3.229401175  -30.631610423
    3.238225661  -30.711174349
    3.247050148  -30.915231911
    3.255874635  -31.256841017
    3.264699122  -31.716772277
    3.273523608  -32.148225827
    3.282348095  -32.316565133
    3.291172582  -32.056377119
    3.299997069  -31.413283765
    3.308821556  -30.639195818
    3.317646042  -30.021677834
    3.326470529  -29.716116879
    3.335295016  -29.688628641
    3.344119503  -29.797024910
    3.352943989  -29.885565751
    3.361768476  -29.863780513
    3.370592963  -29.734660879
    3.379417450  -29.575777268
    3.388241937  -29.476567392
    3.397066423  -29.474932399
    3.405890910  -29.541680692
    3.414715397  -29.640260643
    3.423539884  -29.746933267
    3.432364370  -29.835255807
    3.441188857  -29.858040016
    3.450013344  -29.773556048
    3.458837831  -29.603465774
    3.467662317  -29.426447041
    3.476486804  -29.336435181
    3.485311291  -29.347203619
    3.494135778  -29.339140987
    3.502960265  -29.063131007
    3.511784751  -28.222631363
    3.520609238  -26.605631397
    3.529433725  -24.205490184
    3.538258212  -21.248137554
    3.547082698  -18.129287038
    3.555907185  -15.306583241
    3.564731672  -13.170013437
    3.573556159  -11.836517550
    3.582380646  -11.118808367
    3.591205132  -10.757606090
    3.600029619  -10.580497393
    3.608854106  -10.496047189
    3.617678593  -10.457504702
    3.626503079  -10.441276500
    3.635327566  -10.435255754
    3.644152053  -10.432970562
    3.652976540  -10.432444469
    3.661801026  -10.432240308
    3.670625513  -10.432240308
    3.679450000  -10.432240308
