#! FIELDS pp.proj projection
#! SET min_pp.proj 0.343794
#! SET max_pp.proj 3.67945
#! SET nbins_pp.proj  379
#! SET periodic_pp.proj false
    0.343794000  -10.432240308
    0.352618487  -10.432240308
    0.361442974  -10.432240308
    0.370267460  -10.432240308
    0.379091947  -10.432240308
    0.387916434  -10.432240308
    0.396740921  -10.432240308
    0.405565407  -10.432240308
    0.414389894  -10.432240308
    0.423214381  -10.432240308
    0.432038868  -10.432240308
    0.440863354  -10.432240308
    0.449687841  -10.432240308
    0.458512328  -10.432240308
    0.467336815  -10.432240308
    0.476161302  -10.432240308
    0.484985788  -10.432240308
    0.493810275  -10.432240308
    0.502634762  -10.432240308
    0.511459249  -10.432240308
    0.520283735  -10.432240308
    0.529108222  -10.432240308
    0.537932709  -10.432240308
    0.546757196  -10.432240308
    0.555581683  -10.432240308
    0.564406169  -10.432240308
    0.573230656  -10.432240308
    0.582055143  -10.432240308
    0.590879630  -10.432240308
    0.599704116  -10.432240308
    0.608528603  -10.432240308
    0.617353090  -10.432240308
    0.626177577  -10.432240308
    0.635002063  -10.432240308
    0.643826550  -10.432240308
    0.652651037  -10.432240308
    0.661475524  -10.432240308
    0.670300011  -10.432335249
    0.679124497  -10.432771246
    0.687948984  -10.434314706
    0.696773471  -10.439035904
    0.705597958  -10.452149850
    0.714422444  -10.485110351
    0.723246931  -10.561949249
    0.732071418  -10.734024066
    0.740895905  -11.116858711
    0.749720392  -11.957624454
    0.758544878  -13.612761467
    0.767369365  -16.175120399
    0.776193852  -19.234870151
    0.785018339  -22.302205082
    0.793842825  -25.122227846
    0.802667312  -27.654350134
    0.811491799  -29.944207611
    0.820316286  -32.014380337
    0.829140772  -33.836287393
    0.837965259  -35.367923923
    0.846789746  -36.590954639
    0.855614233  -37.514008766
    0.864438720  -38.165046195
    0.873263206  -38.594727134
    0.882087693  -38.885030706
    0.890912180  -39.114788912
    0.899736667  -39.296626544
    0.908561153  -39.348565280
    0.917385640  -39.155421551
    0.926210127  -38.692367667
    0.935034614  -38.075326539
    0.943859101  -37.486307368
    0.952683587  -37.015975946
    0.961508074  -36.595746433
    0.970332561  -36.057344438
    0.979157048  -35.316474487
    0.987981534  -34.464321716
    0.996806021  -33.688976571
    1.005630508  -33.130484936
    1.014454995  -32.817009470
    1.023279481  -32.660894142
    1.032103968  -32.494728518
    1.040928455  -32.127637787
    1.049752942  -31.435243886
    1.058577429  -30.403065295
    1.067401915  -29.076353977
    1.076226402  -27.518847155
    1.085050889  -25.838277053
    1.093875376  -24.208658168
    1.102699862  -22.811466563
    1.111524349  -21.786088822
    1.120348836  -21.257127289
    1.129173323  -21.356260112
    1.137997810  -22.140414326
    1.146822296  -23.466522578
    1.155646783  -25.016655419
    1.164471270  -26.472271966
    1.173295757  -27.652595323
    1.182120243  -28.582321512
    1.190944730  -29.475001079
    1.199769217  -30.658035791
    1.208593704  -32.371600761
    1.217418190  -34.530696873
    1.226242677  -36.758733657
    1.235067164  -38.703808128
    1.243891651  -40.214742469
    1.252716138  -41.308734954
    1.261540624  -42.086274002
    1.270365111  -42.650339558
    1.279189598  -43.071215850
    1.288014085  -43.390337791
    1.296838571  -43.620736147
    1.305663058  -43.737019607
    1.314487545  -43.678679228
    1.323312032  -43.397295892
    1.332136519  -42.896044962
    1.340961005  -42.239737787
    1.349785492  -41.507324717
    1.358609979  -40.748311656
    1.367434466  -39.976177784
    1.376258952  -39.214622435
    1.385083439  -38.535548753
    1.393907926  -38.035188722
    1.402732413  -37.773804942
    1.411556899  -37.745370840
    1.420381386  -37.899829629
    1.429205873  -38.180936927
    1.438030360  -38.533726463
    1.446854847  -38.898461403
    1.455679333  -39.233535427
    1.464503820  -39.565244568
    1.473328307  -39.982121349
    1.482152794  -40.536419797
    1.490977280  -41.182366126
    1.499801767  -41.807808870
    1.508626254  -42.337114383
    1.517450741  -42.804611504
    1.526275228  -43.310294979
    1.535099714  -43.916579762
    1.543924201  -44.579860330
    1.552748688  -45.171508105
    1.561573175  -45.554483578
    1.570397661  -45.688488296
    1.579222148  -45.657821895
    1.588046635  -45.604667806
    1.596871122  -45.643875864
    1.605695608  -45.831684602
    1.614520095  -46.154293897
    1.623344582  -46.520272528
    1.632169069  -46.804506921
    1.640993556  -46.926843311
    1.649818042  -46.879856376
    1.658642529  -46.679300606
    1.667467016  -46.341430654
    1.676291503  -45.910025215
    1.685115989  -45.475231576
    1.693940476  -45.126246739
    1.702764963  -44.897108645
    1.711589450  -44.770813803
    1.720413937  -44.742258098
    1.729238423  -44.870666519
    1.738062910  -45.240054791
    1.746887397  -45.923787628
    1.755711884  -46.948873823
    1.764536370  -48.282355450
    1.773360857  -49.840725582
    1.782185344  -51.522557996
    1.791009831  -53.187207768
    1.799834317  -54.644337658
    1.808658804  -55.699513433
    1.817483291  -56.284056239
    1.826307778  -56.522921918
    1.835132265  -56.665148542
    1.843956751  -56.909818441
    1.852781238  -57.270877605
    1.861605725  -57.591125017
    1.870430212  -57.683116021
    1.879254698  -57.495277661
    1.888079185  -57.150890765
    1.896903672  -56.872305965
    1.905728159  -56.848530315
    1.914552646  -57.140776165
    1.923377132  -57.677066833
    1.932201619  -58.312936034
    1.941026106  -58.913185351
    1.949850593  -59.404653136
    1.958675079  -59.789757049
    1.967499566  -60.113350572
    1.976324053  -60.421398437
    1.985148540  -60.749697200
    1.993973026  -61.117523278
    2.002797513  -61.510732978
    2.011622000  -61.868171723
    2.020446487  -62.090514108
    2.029270974  -62.068912497
    2.038095460  -61.739945875
    2.046919947  -61.131056632
    2.055744434  -60.369345537
    2.064568921  -59.636997781
    2.073393407  -59.064284392
    2.082217894  -58.659556845
    2.091042381  -58.325109212
    2.099866868  -57.934232796
    2.108691354  -57.429035079
    2.117515841  -56.862541801
    2.126340328  -56.345328722
    2.135164815  -55.982013901
    2.143989302  -55.806219251
    2.152813788  -55.762653071
    2.161638275  -55.726600710
    2.170462762  -55.585434203
    2.179287249  -55.328430472
    2.188111735  -55.062021910
    2.196936222  -54.920908587
    2.205760709  -54.962497322
    2.214585196  -55.098548665
    2.223409683  -55.139345340
    2.232234169  -54.932570883
    2.241058656  -54.493377490
    2.249883143  -54.003274720
    2.258707630  -53.687753594
    2.267532116  -53.664298106
    2.276356603  -53.879123970
    2.285181090  -54.161477299
    2.294005577  -54.331670772
    2.302830063  -54.290927666
    2.311654550  -54.045014116
    2.320479037  -53.679800084
    2.329303524  -53.291701677
    2.338128011  -52.958915463
    2.346952497  -52.729249066
    2.355776984  -52.602830578
    2.364601471  -52.528316820
    2.373425958  -52.438945709
    2.382250444  -52.306589117
    2.391074931  -52.141113942
    2.399899418  -51.975700865
    2.408723905  -51.836103775
    2.417548392  -51.728855015
    2.426372878  -51.644612422
    2.435197365  -51.570873213
    2.444021852  -51.495972088
    2.452846339  -51.418863663
    2.461670825  -51.349535646
    2.470495312  -51.296634597
    2.479319799  -51.257754757
    2.488144286  -51.215841872
    2.496968772  -51.162424212
    2.505793259  -51.110883896
    2.514617746  -51.081749747
    2.523442233  -51.084298164
    2.532266720  -51.097466088
    2.541091206  -51.078881269
    2.549915693  -50.995520770
    2.558740180  -50.840412301
    2.567564667  -50.637330001
    2.576389153  -50.410759342
    2.585213640  -50.154739275
    2.594038127  -49.851008971
    2.602862614  -49.522982156
    2.611687101  -49.255739814
    2.620511587  -49.134735784
    2.629336074  -49.167454899
    2.638160561  -49.272998034
    2.646985048  -49.375097644
    2.655809534  -49.471011859
    2.664634021  -49.590675036
    2.673458508  -49.716152570
    2.682282995  -49.767907731
    2.691107481  -49.670226034
    2.699931968  -49.422717541
    2.708756455  -49.130451163
    2.717580942  -48.936118681
    2.726405429  -48.922179731
    2.735229915  -49.074390855
    2.744054402  -49.278532720
    2.752878889  -49.388945524
    2.761703376  -49.314562671
    2.770527862  -49.070916663
    2.779352349  -48.738908157
    2.788176836  -48.402508365
    2.797001323  -48.118703087
    2.805825810  -47.933740149
    2.814650296  -47.872603142
    2.823474783  -47.931978087
    2.832299270  -48.079895375
    2.841123757  -48.273407937
    2.849948243  -48.439752925
    2.858772730  -48.487436970
    2.867597217  -48.371611989
    2.876421704  -48.158769288
    2.885246190  -47.994861458
    2.894070677  -48.015013559
    2.902895164  -48.265515023
    2.911719651  -48.695325343
    2.920544138  -49.179651950
    2.929368624  -49.584686120
    2.938193111  -49.820076754
    2.947017598  -49.865404542
    2.955842085  -49.746063102
    2.964666571  -49.515207849
    2.973491058  -49.251235359
    2.982315545  -49.035245690
    2.991140032  -48.907983359
    2.999964519  -48.852777046
    3.008789005  -48.828036978
    3.017613492  -48.806464561
    3.026437979  -48.798459688
    3.035262466  -48.827621350
    3.044086952  -48.892643188
    3.052911439  -48.969361277
    3.061735926  -49.054907273
    3.070560413  -49.152190736
    3.079384899  -49.220929781
    3.088209386  -49.197970553
    3.097033873  -49.077657465
    3.105858360  -48.911029693
    3.114682847  -48.739501872
    3.123507333  -48.596087186
    3.132331820  -48.541226342
    3.141156307  -48.629051441
    3.149980794  -48.840600230
    3.158805280  -49.081116515
    3.167629767  -49.256052207
    3.176454254  -49.335485065
    3.185278741  -49.356563417
    3.194103228  -49.367333265
    3.202927714  -49.408393920
    3.211752201  -49.498633393
    3.220576688  -49.639793909
    3.229401175  -49.811663954
    3.238225661  -49.991153341
    3.247050148  -50.184408507
    3.255874635  -50.425505865
    3.264699122  -50.721388025
    3.273523608  -50.999386555
    3.282348095  -51.149168226
    3.291172582  -51.101841681
    3.299997069  -50.880738542
    3.308821556  -50.586095269
    3.317646042  -50.333824605
    3.326470529  -50.219174480
    3.335295016  -50.265848643
    3.344119503  -50.404174673
    3.352943989  -50.512878310
    3.361768476  -50.513927392
    3.370592963  -50.424533460
    3.379417450  -50.326392658
    3.388241937  -50.278774784
    3.397066423  -50.268059130
    3.405890910  -50.250799782
    3.414715397  -50.229056895
    3.423539884  -50.245130352
    3.432364370  -50.325151513
    3.441188857  -50.432564732
    3.450013344  -50.479497016
    3.458837831  -50.405470256
    3.467662317  -50.227671594
    3.476486804  -50.050832478
    3.485311291  -49.966849467
    3.494135778  -49.959351386
    3.502960265  -49.841304268
    3.511784751  -49.298171930
    3.520609238  -47.994978983
    3.529433725  -45.689926584
    3.538258212  -42.293709526
    3.547082698  -37.897710454
    3.555907185  -32.766857253
    3.564731672  -27.320263174
    3.573556159  -22.064219782
    3.582380646  -17.524481314
    3.591205132  -14.175826441
    3.600029619  -12.192693570
    3.608854106  -11.223693406
    3.617678593  -10.784806856
    3.626503079  -10.586792206
    3.635327566  -10.497796719
    3.644152053  -10.458120663
    3.652976540  -10.441751482
    3.661801026  -10.435316062
    3.670625513  -10.433140599
    3.679450000  -10.432492759
