#! FIELDS pp.proj projection
#! SET min_pp.proj 0.343794
#! SET max_pp.proj 3.67945
#! SET nbins_pp.proj  379
#! SET periodic_pp.proj false
    0.343794000  -10.432240308
    0.352618487  -10.432240308
    0.361442974  -10.432240308
    0.370267460  -10.432240308
    0.379091947  -10.432240308
    0.387916434  -10.432240308
    0.396740921  -10.432240308
    0.405565407  -10.432240308
    0.414389894  -10.432240308
    0.423214381  -10.432240308
    0.432038868  -10.432240308
    0.440863354  -10.432240308
    0.449687841  -10.432240308
    0.458512328  -10.432240308
    0.467336815  -10.432240308
    0.476161302  -10.432240308
    0.484985788  -10.432240308
    0.493810275  -10.432240308
    0.502634762  -10.432240308
    0.511459249  -10.432240308
    0.520283735  -10.432240308
    0.529108222  -10.432240308
    0.537932709  -10.432240308
    0.546757196  -10.432240308
    0.555581683  -10.432240308
    0.564406169  -10.432240308
    0.573230656  -10.432240308
    0.582055143  -10.432240308
    0.590879630  -10.432240308
    0.599704116  -10.432240308
    0.608528603  -10.432240308
    0.617353090  -10.432240308
    0.626177577  -10.432240308
    0.635002063  -10.432240308
    0.643826550  -10.432240308
    0.652651037  -10.432240308
    0.661475524  -10.432240308
    0.670300011  -10.432335249
    0.679124497  -10.432771246
    0.687948984  -10.434314706
    0.696773471  -10.439035904
    0.705597958  -10.452149850
    0.714422444  -10.485110351
    0.723246931  -10.561949249
    0.732071418  -10.734024066
    0.740895905  -11.116858711
    0.749720392  -11.957624454
    0.758544878  -13.612761467
    0.767369365  -16.175120399
    0.776193852  -19.234870151
    0.785018339  -22.302205082
    0.793842825  -25.122227846
    0.802667312  -27.654350134
    0.811491799  -29.944207611
    0.820316286  -32.014380337
    0.829140772  -33.836287393
    0.837965259  -35.367923923
    0.846789746  -36.590954639
    0.855614233  -37.514008766
    0.864438720  -38.165046195
    0.873263206  -38.594727134
    0.882087693  -38.885030706
    0.890912180  -39.114788912
    0.899736667  -39.296626544
    0.908561153  -39.348565280
    0.917385640  -39.155421551
    0.926210127  -38.692367667
    0.935034614  -38.075326539
    0.943859101  -37.486307368
    0.952683587  -37.015975946
    0.961508074  -36.595746433
    0.970332561  -36.057344438
    0.979157048  -35.316474487
    0.987981534  -34.464321716
    0.996806021  -33.688976571
    1.005630508  -33.130484936
    1.014454995  -32.817009470
    1.023279481  -32.660894142
    1.032103968  -32.494728518
    1.040928455  -32.127637787
    1.049752942  -31.435243886
    1.058577429  -30.403065295
    1.067401915  -29.076353977
    1.076226402  -27.518847155
    1.085050889  -25.838277053
    1.093875376  -24.208658168
    1.102699862  -22.811466563
    1.111524349  -21.786088822
    1.120348836  -21.257127289
    1.129173323  -21.356260112
    1.137997810  -22.140414326
    1.146822296  -23.466522578
    1.155646783  -25.016655419
    1.164471270  -26.472271966
    1.173295757  -27.652595323
    1.182120243  -28.582321512
    1.190944730  -29.475001079
    1.199769217  -30.658035791
    1.208593704  -32.371600761
    1.217418190  -34.530696873
    1.226242677  -36.758733657
    1.235067164  -38.703808128
    1.243891651  -40.214742469
    1.252716138  -41.308734954
    1.261540624  -42.086274002
    1.270365111  -42.650339558
    1.279189598  -43.071215850
    1.288014085  -43.390337791
    1.296838571  -43.620736147
    1.305663058  -43.737019607
    1.314487545  -43.678679228
    1.323312032  -43.397295892
    1.332136519  -42.896044962
    1.340961005  -42.239737787
    1.349785492  -41.507324717
    1.358609979  -40.748311656
    1.367434466  -39.976177784
    1.376258952  -39.214622435
    1.385083439  -38.535548753
    1.393907926  -38.035188722
    1.402732413  -37.773804942
    1.411556899  -37.745370840
    1.420381386  -37.899829629
    1.429205873  -38.180936927
    1.438030360  -38.533726463
    1.446854847  -38.898461403
    1.455679333  -39.233535427
    1.464503820  -39.565244568
    1.473328307  -39.982121349
    1.482152794  -40.536419797
    1.490977280  -41.182366126
    1.499801767  -41.807808870
    1.508626254  -42.337114383
    1.517450741  -42.804611504
    1.526275228  -43.310294979
    1.535099714  -43.916579762
    1.543924201  -44.579860330
    1.552748688  -45.171508105
    1.561573175  -45.554483578
    1.570397661  -45.688488296
    1.579222148  -45.657821895
    1.588046635  -45.604667806
    1.596871122  -45.643875864
    1.605695608  -45.831684602
    1.614520095  -46.154293897
    1.623344582  -46.520272528
    1.632169069  -46.804506921
    1.640993556  -46.926843311
    1.649818042  -46.879856376
    1.658642529  -46.679300606
    1.667467016  -46.341430654
    1.676291503  -45.910021209
    1.685115989  -45.475216777
    1.693940476  -45.126179997
    1.702764963  -44.896858482
    1.711589450  -44.769959073
    1.720413937  -44.739763075
    1.729238423  -44.864147214
    1.738062910  -45.225316148
    1.746887397  -45.895145544
    1.755711884  -46.901510669
    1.764536370  -48.215372324
    1.773360857  -49.757536222
    1.782185344  -51.429062280
    1.791009831  -53.088760409
    1.799834317  -54.544061340
    1.808658804  -55.596936911
    1.817483291  -56.173043635
    1.826307778  -56.388924966
    1.835132265  -56.483541427
    1.843956751  -56.645757030
    1.852781238  -56.875544507
    1.861605725  -56.990653370
    1.870430212  -56.767912107
    1.879254698  -56.120835054
    1.888079185  -55.156843157
    1.896903672  -54.115520046
    1.905728159  -53.232346880
    1.914552646  -52.618283097
    1.923377132  -52.220742219
    1.932201619  -51.884830083
    1.941026106  -51.479437284
    1.949850593  -50.990657532
    1.958675079  -50.525749954
    1.967499566  -50.226105396
    1.976324053  -50.177970001
    1.985148540  -50.390548045
    1.993973026  -50.799227066
    2.002797513  -51.294259560
    2.011622000  -51.759821302
    2.020446487  -52.095840045
    2.029270974  -52.235087141
    2.038095460  -52.169550240
    2.046919947  -51.972880717
    2.055744434  -51.770383437
    2.064568921  -51.677347802
    2.073393407  -51.719403141
    2.082217894  -51.815741550
    2.091042381  -51.833159452
    2.099866868  -51.661329348
    2.108691354  -51.281690736
    2.117515841  -50.784225803
    2.126340328  -50.290475469
    2.135164815  -49.886056193
    2.143989302  -49.568299928
    2.152813788  -49.250293846
    2.161638275  -48.796574211
    2.170462762  -48.126119267
    2.179287249  -47.312974209
    2.188111735  -46.584323876
    2.196936222  -46.172838886
    2.205760709  -46.151980987
    2.214585196  -46.368503795
    2.223409683  -46.531840356
    2.232234169  -46.396547731
    2.241058656  -45.917716039
    2.249883143  -45.262613117
    2.258707630  -44.698698309
    2.267532116  -44.424445118
    2.276356603  -44.455643913
    2.285181090  -44.626229324
    2.294005577  -44.702930220
    2.302830063  -44.539069215
    2.311654550  -44.143477196
    2.320479037  -43.644801927
    2.329303524  -43.178132443
    2.338128011  -42.827754644
    2.346952497  -42.617079449
    2.355776984  -42.517678505
    2.364601471  -42.469259137
    2.373425958  -42.428173505
    2.382250444  -42.400947877
    2.391074931  -42.415511757
    2.399899418  -42.497097623
    2.408723905  -42.632842897
    2.417548392  -42.761859413
    2.426372878  -42.806188401
    2.435197365  -42.729422608
    2.444021852  -42.552209218
    2.452846339  -42.333727179
    2.461670825  -42.143020205
    2.470495312  -42.024996007
    2.479319799  -41.986696422
    2.488144286  -41.988433992
    2.496968772  -41.968786520
    2.505793259  -41.878739917
    2.514617746  -41.691335256
    2.523442233  -41.402050223
    2.532266720  -41.017397453
    2.541091206  -40.570348909
    2.549915693  -40.136816054
    2.558740180  -39.811425935
    2.567564667  -39.657624342
    2.576389153  -39.657353838
    2.585213640  -39.715569720
    2.594038127  -39.739489197
    2.602862614  -39.714566358
    2.611687101  -39.699801946
    2.620511587  -39.743038501
    2.629336074  -39.839535233
    2.638160561  -39.946541123
    2.646985048  -40.021544019
    2.655809534  -40.044513101
    2.664634021  -40.017776488
    2.673458508  -39.940689613
    2.682282995  -39.791223711
    2.691107481  -39.557422524
    2.699931968  -39.283756786
    2.708756455  -39.074483168
    2.717580942  -39.015195119
    2.726405429  -39.110479397
    2.735229915  -39.295431009
    2.744054402  -39.467997966
    2.752878889  -39.552373675
    2.761703376  -39.533084326
    2.770527862  -39.458678246
    2.779352349  -39.388409207
    2.788176836  -39.336633760
    2.797001323  -39.276654055
    2.805825810  -39.202710569
    2.814650296  -39.152153445
    2.823474783  -39.184000349
    2.832299270  -39.334450426
    2.841123757  -39.590026898
    2.849948243  -39.863514192
    2.858772730  -40.029213249
    2.867597217  -40.004129757
    2.876421704  -39.809797876
    2.885246190  -39.558158848
    2.894070677  -39.387080612
    2.902895164  -39.395380181
    2.911719651  -39.611813274
    2.920544138  -39.979992282
    2.929368624  -40.385173398
    2.938193111  -40.704735299
    2.947017598  -40.865060856
    2.955842085  -40.876636141
    2.964666571  -40.819932831
    2.973491058  -40.802721854
    2.982315545  -40.907963057
    2.991140032  -41.146956391
    2.999964519  -41.445056800
    3.008789005  -41.690402937
    3.017613492  -41.795159582
    3.026437979  -41.737454873
    3.035262466  -41.531668631
    3.044086952  -41.211159422
    3.052911439  -40.848182812
    3.061735926  -40.548949687
    3.070560413  -40.366430436
    3.079384899  -40.271245374
    3.088209386  -40.211297052
    3.097033873  -40.184097634
    3.105858360  -40.218740778
    3.114682847  -40.307091327
    3.123507333  -40.404303770
    3.132331820  -40.483195828
    3.141156307  -40.539347040
    3.149980794  -40.568647916
    3.158805280  -40.569665103
    3.167629767  -40.575710834
    3.176454254  -40.657225752
    3.185278741  -40.873877648
    3.194103228  -41.170893864
    3.202927714  -41.398655247
    3.211752201  -41.433164169
    3.220576688  -41.271934177
    3.229401175  -41.021820051
    3.238225661  -40.816222300
    3.247050148  -40.732307257
    3.255874635  -40.788556031
    3.264699122  -40.949240508
    3.273523608  -41.087845559
    3.282348095  -41.028406747
    3.291172582  -40.661239745
    3.299997069  -40.042014530
    3.308821556  -39.374051945
    3.317646042  -38.874327373
    3.326470529  -38.665559534
    3.335295016  -38.726135674
    3.344119503  -38.923675470
    3.352943989  -39.087247560
    3.361768476  -39.093135044
    3.370592963  -38.914648951
    3.379417450  -38.617924868
    3.388241937  -38.314900729
    3.397066423  -38.099790058
    3.405890910  -38.018054752
    3.414715397  -38.087590193
    3.423539884  -38.291882711
    3.432364370  -38.567124114
    3.441188857  -38.805124238
    3.450013344  -38.897598890
    3.458837831  -38.811240828
    3.467662317  -38.610490693
    3.476486804  -38.442992729
    3.485311291  -38.417707016
    3.494135778  -38.491877605
    3.502960265  -38.424219523
    3.511784751  -37.847715064
    3.520609238  -36.412649169
    3.529433725  -33.939597789
    3.538258212  -30.501102269
    3.547082698  -26.405611764
    3.555907185  -22.099464642
    3.564731672  -18.080212152
    3.573556159  -14.830670659
    3.582380646  -12.668784639
    3.591205132  -11.488635792
    3.600029619  -10.914668374
    3.608854106  -10.645115149
    3.617678593  -10.520908032
    3.626503079  -10.466296991
    3.635327566  -10.444154310
    3.644152053  -10.435687163
    3.652976540  -10.433217593
    3.661801026  -10.432302635
    3.670625513  -10.432240308
    3.679450000  -10.432240308
