#! FIELDS pp.proj projection
#! SET min_pp.proj 0.343794
#! SET max_pp.proj 3.67945
#! SET nbins_pp.proj  379
#! SET periodic_pp.proj false
    0.343794000  -10.432240308
    0.352618487  -10.432240308
    0.361442974  -10.432240308
    0.370267460  -10.432240308
    0.379091947  -10.432240308
    0.387916434  -10.432240308
    0.396740921  -10.432240308
    0.405565407  -10.432240308
    0.414389894  -10.432240308
    0.423214381  -10.432240308
    0.432038868  -10.432240308
    0.440863354  -10.432240308
    0.449687841  -10.432240308
    0.458512328  -10.432240308
    0.467336815  -10.432240308
    0.476161302  -10.432240308
    0.484985788  -10.432240308
    0.493810275  -10.432240308
    0.502634762  -10.432240308
    0.511459249  -10.432240308
    0.520283735  -10.432240308
    0.529108222  -10.432240308
    0.537932709  -10.432240308
    0.546757196  -10.432240308
    0.555581683  -10.432240308
    0.564406169  -10.432240308
    0.573230656  -10.432240308
    0.582055143  -10.432240308
    0.590879630  -10.432240308
    0.599704116  -10.432240308
    0.608528603  -10.432240308
    0.617353090  -10.432240308
    0.626177577  -10.432240308
    0.635002063  -10.432240308
    0.643826550  -10.432240308
    0.652651037  -10.432240308
    0.661475524  -10.432240308
    0.670300011  -10.432335249
    0.679124497  -10.432771246
    0.687948984  -10.434314706
    0.696773471  -10.439035904
    0.705597958  -10.452149850
    0.714422444  -10.485110351
    0.723246931  -10.561949249
    0.732071418  -10.734024066
    0.740895905  -11.116858711
    0.749720392  -11.957624454
    0.758544878  -13.612761467
    0.767369365  -16.175120399
    0.776193852  -19.234870151
    0.785018339  -22.302205082
    0.793842825  -25.122227846
    0.802667312  -27.654350134
    0.811491799  -29.944207611
    0.820316286  -32.014380337
    0.829140772  -33.836287393
    0.837965259  -35.367923923
    0.846789746  -36.590954639
    0.855614233  -37.514008766
    0.864438720  -38.165046195
    0.873263206  -38.594727134
    0.882087693  -38.885030706
    0.890912180  -39.114788912
    0.899736667  -39.296626544
    0.908561153  -39.348565280
    0.917385640  -39.155421551
    0.926210127  -38.692367667
    0.935034614  -38.075326539
    0.943859101  -37.486307368
    0.952683587  -37.015975946
    0.961508074  -36.595746433
    0.970332561  -36.057344438
    0.979157048  -35.316474487
    0.987981534  -34.464321716
    0.996806021  -33.688976571
    1.005630508  -33.130484936
    1.014454995  -32.816896541
    1.023279481  -32.660430495
    1.032103968  -32.492964458
    1.040928455  -32.122234002
    1.049752942  -31.420864997
    1.058577429  -30.370683744
    1.067401915  -29.010733508
    1.076226402  -27.392748240
    1.085050889  -25.600733594
    1.093875376  -23.773942368
    1.102699862  -22.050065948
    1.111524349  -20.504983778
    1.120348836  -19.150076819
    1.129173323  -17.956457850
    1.137997810  -16.881357644
    1.146822296  -15.891839125
    1.155646783  -14.971614035
    1.164471270  -14.137591783
    1.173295757  -13.432408357
    1.182120243  -12.892830140
    1.190944730  -12.510859834
    1.199769217  -12.243194932
    1.208593704  -12.027665843
    1.217418190  -11.813041152
    1.226242677  -11.585587340
    1.235067164  -11.379130839
    1.243891651  -11.243568800
    1.252716138  -11.210239269
    1.261540624  -11.289102756
    1.270365111  -11.476126291
    1.279189598  -11.757690062
    1.288014085  -12.125465143
    1.296838571  -12.591490560
    1.305663058  -13.196076081
    1.314487545  -13.980254340
    1.323312032  -14.940610882
    1.332136519  -15.983579315
    1.340961005  -16.932143249
    1.349785492  -17.596029929
    1.358609979  -17.872093505
    1.367434466  -17.813715893
    1.376258952  -17.610738448
    1.385083439  -17.485646945
    1.393907926  -17.575495833
    1.402732413  -17.912385117
    1.411556899  -18.469460336
    1.420381386  -19.183687786
    1.429205873  -19.945345972
    1.438030360  -20.610970141
    1.446854847  -21.102145941
    1.455679333  -21.483655249
    1.464503820  -21.925229596
    1.473328307  -22.558799884
    1.482152794  -23.361829083
    1.490977280  -24.182250193
    1.499801767  -24.850753785
    1.508626254  -25.285118924
    1.517450741  -25.526610216
    1.526275228  -25.697118778
    1.535099714  -25.916490647
    1.543924201  -26.223106309
    1.552748688  -26.561020905
    1.561573175  -26.803653362
    1.570397661  -26.803592698
    1.579222148  -26.471831651
    1.588046635  -25.833027018
    1.596871122  -25.023580923
    1.605695608  -24.218093087
    1.614520095  -23.543020332
    1.623344582  -23.043183542
    1.632169069  -22.702944459
    1.640993556  -22.502586479
    1.649818042  -22.427058412
    1.658642529  -22.426736271
    1.667467016  -22.409250150
    1.676291503  -22.279168698
    1.685115989  -22.014357529
    1.693940476  -21.672365207
    1.702764963  -21.343446033
    1.711589450  -21.131387852
    1.720413937  -21.142214923
    1.729238423  -21.438332502
    1.738062910  -21.956734254
    1.746887397  -22.530330850
    1.755711884  -22.986684252
    1.764536370  -23.254988230
    1.773360857  -23.377993034
    1.782185344  -23.459639541
    1.791009831  -23.601238182
    1.799834317  -23.814226097
    1.808658804  -23.983108951
    1.817483291  -23.982675409
    1.826307778  -23.827655677
    1.835132265  -23.640151189
    1.843956751  -23.534075553
    1.852781238  -23.577433112
    1.861605725  -23.772234707
    1.870430212  -23.998961366
    1.879254698  -24.094636234
    1.888079185  -24.013648336
    1.896903672  -23.878599146
    1.905728159  -23.862647345
    1.914552646  -24.024666478
    1.923377132  -24.247788800
    1.932201619  -24.316920660
    1.941026106  -24.080021227
    1.949850593  -23.552688084
    1.958675079  -22.907663093
    1.967499566  -22.357619600
    1.976324053  -22.062954291
    1.985148540  -22.085060301
    1.993973026  -22.343734489
    2.002797513  -22.661861321
    2.011622000  -22.891263683
    2.020446487  -22.991710633
    2.029270974  -23.015146981
    2.038095460  -23.023995738
    2.046919947  -23.036301795
    2.055744434  -23.030342564
    2.064568921  -22.974100064
    2.073393407  -22.828190095
    2.082217894  -22.538182941
    2.091042381  -22.074587925
    2.099866868  -21.494092817
    2.108691354  -20.959644459
    2.117515841  -20.678065797
    2.126340328  -20.797163337
    2.135164815  -21.322864263
    2.143989302  -22.077731683
    2.152813788  -22.763191772
    2.161638275  -23.119881387
    2.170462762  -23.096784237
    2.179287249  -22.858822352
    2.188111735  -22.652025490
    2.196936222  -22.636799184
    2.205760709  -22.842240714
    2.214585196  -23.173300232
    2.223409683  -23.449439392
    2.232234169  -23.492505169
    2.241058656  -23.238743089
    2.249883143  -22.769743576
    2.258707630  -22.259779758
    2.267532116  -21.869923039
    2.276356603  -21.661198550
    2.285181090  -21.587332678
    2.294005577  -21.544124424
    2.302830063  -21.414973516
    2.311654550  -21.145057837
    2.320479037  -20.797265231
    2.329303524  -20.490553866
    2.338128011  -20.290310369
    2.346952497  -20.168680936
    2.355776984  -20.065386057
    2.364601471  -19.923100963
    2.373425958  -19.693271286
    2.382250444  -19.355287099
    2.391074931  -18.926209403
    2.399899418  -18.467020296
    2.408723905  -18.059222592
    2.417548392  -17.748972875
    2.426372878  -17.534510667
    2.435197365  -17.412663470
    2.444021852  -17.381403313
    2.452846339  -17.412094920
    2.461670825  -17.453965316
    2.470495312  -17.479331917
    2.479319799  -17.508326472
    2.488144286  -17.588020819
    2.496968772  -17.754602020
    2.505793259  -18.011508192
    2.514617746  -18.325145021
    2.523442233  -18.636775665
    2.532266720  -18.883066016
    2.541091206  -19.028379356
    2.549915693  -19.092261922
    2.558740180  -19.141948312
    2.567564667  -19.255070657
    2.576389153  -19.454535755
    2.585213640  -19.689549829
    2.594038127  -19.886409129
    2.602862614  -20.018556783
    2.611687101  -20.104892017
    2.620511587  -20.140971003
    2.629336074  -20.052927321
    2.638160561  -19.754072270
    2.646985048  -19.247623246
    2.655809534  -18.642573173
    2.664634021  -18.078935061
    2.673458508  -17.628556738
    2.682282995  -17.266598219
    2.691107481  -16.940409076
    2.699931968  -16.640217935
    2.708756455  -16.425825584
    2.717580942  -16.368057450
    2.726405429  -16.486672741
    2.735229915  -16.727988839
    2.744054402  -16.982444853
    2.752878889  -17.144822132
    2.761703376  -17.151080945
    2.770527862  -16.997120662
    2.779352349  -16.723961448
    2.788176836  -16.388374824
    2.797001323  -16.055626139
    2.805825810  -15.808308995
    2.814650296  -15.737394068
    2.823474783  -15.916641408
    2.832299270  -16.357028282
    2.841123757  -16.972845519
    2.849948243  -17.587933442
    2.858772730  -18.028696449
    2.867597217  -18.239636450
    2.876421704  -18.316360098
    2.885246190  -18.440120395
    2.894070677  -18.757447964
    2.902895164  -19.296141401
    2.911719651  -19.941113970
    2.920544138  -20.486267664
    2.929368624  -20.737891819
    2.938193111  -20.619862643
    2.947017598  -20.212123272
    2.955842085  -19.717670076
    2.964666571  -19.364443706
    2.973491058  -19.300186174
    2.982315545  -19.531677502
    2.991140032  -19.937940772
    2.999964519  -20.337133708
    3.008789005  -20.589902017
    3.017613492  -20.674200181
    3.026437979  -20.694387579
    3.035262466  -20.794578430
    3.044086952  -21.028668613
    3.052911439  -21.325466356
    3.061735926  -21.588157265
    3.070560413  -21.780852682
    3.079384899  -21.937777051
    3.088209386  -22.121894727
    3.097033873  -22.368722057
    3.105858360  -22.622131417
    3.114682847  -22.741477430
    3.123507333  -22.624522266
    3.132331820  -22.305279374
    3.141156307  -21.915370511
    3.149980794  -21.573743028
    3.158805280  -21.314852958
    3.167629767  -21.119607852
    3.176454254  -20.974469839
    3.185278741  -20.904797410
    3.194103228  -20.928758828
    3.202927714  -21.030784692
    3.211752201  -21.153359641
    3.220576688  -21.240254196
    3.229401175  -21.281188216
    3.238225661  -21.326337989
    3.247050148  -21.444145188
    3.255874635  -21.675354950
    3.264699122  -21.992172458
    3.273523608  -22.277220592
    3.282348095  -22.373363985
    3.291172582  -22.199906255
    3.299997069  -21.836981826
    3.308821556  -21.494457397
    3.317646042  -21.374503522
    3.326470529  -21.553150254
    3.335295016  -21.933084557
    3.344119503  -22.322829300
    3.352943989  -22.547058387
    3.361768476  -22.544147082
    3.370592963  -22.372892567
    3.379417450  -22.156358859
    3.388241937  -22.006613008
    3.397066423  -21.966524419
    3.405890910  -22.006952453
    3.414715397  -22.095275509
    3.423539884  -22.232233945
    3.432364370  -22.431128637
    3.441188857  -22.672799358
    3.450013344  -22.903683687
    3.458837831  -23.087884984
    3.467662317  -23.232440761
    3.476486804  -23.363843210
    3.485311291  -23.457437574
    3.494135778  -23.393519384
    3.502960265  -22.961229572
    3.511784751  -21.935877233
    3.520609238  -20.212752177
    3.529433725  -17.927086673
    3.538258212  -15.476709353
    3.547082698  -13.381947467
    3.555907185  -11.969502750
    3.564731672  -11.181813621
    3.573556159  -10.783484528
    3.582380646  -10.590076272
    3.591205132  -10.498938050
    3.600029619  -10.458275251
    3.608854106  -10.441442381
    3.617678593  -10.435089491
    3.626503079  -10.432900547
    3.635327566  -10.432405352
    3.644152053  -10.432240308
    3.652976540  -10.432240308
    3.661801026  -10.432240308
    3.670625513  -10.432240308
    3.679450000  -10.432240308
