#! FIELDS pp.proj projection
#! SET min_pp.proj 0.343794
#! SET max_pp.proj 3.67945
#! SET nbins_pp.proj  379
#! SET periodic_pp.proj false
    0.343794000  -10.432240308
    0.352618487  -10.432240308
    0.361442974  -10.432240308
    0.370267460  -10.432240308
    0.379091947  -10.432240308
    0.387916434  -10.432240308
    0.396740921  -10.432240308
    0.405565407  -10.432240308
    0.414389894  -10.432268521
    0.423214381  -10.432381158
    0.432038868  -10.432868286
    0.440863354  -10.434385817
    0.449687841  -10.438755887
    0.458512328  -10.449981321
    0.467336815  -10.476095412
    0.476161302  -10.531875646
    0.484985788  -10.644041451
    0.493810275  -10.860754883
    0.502634762  -11.265881611
    0.511459249  -11.983133081
    0.520283735  -13.132539042
    0.529108222  -14.750181903
    0.537932709  -16.787925918
    0.546757196  -19.187400882
    0.555581683  -21.895412441
    0.564406169  -24.817998613
    0.573230656  -27.791876924
    0.582055143  -30.605649963
    0.590879630  -33.053646623
    0.599704116  -34.999838599
    0.608528603  -36.437973687
    0.617353090  -37.502706600
    0.626177577  -38.411479075
    0.635002063  -39.347049425
    0.643826550  -40.380006805
    0.652651037  -41.483973541
    0.661475524  -42.612840644
    0.670300011  -43.764939062
    0.679124497  -44.999853978
    0.687948984  -46.384361482
    0.696773471  -47.902911983
    0.705597958  -49.434492593
    0.714422444  -50.835278295
    0.723246931  -52.050205392
    0.732071418  -53.130432284
    0.740895905  -54.146469102
    0.749720392  -55.091151654
    0.758544878  -55.864384718
    0.767369365  -56.338172058
    0.776193852  -56.461885313
    0.785018339  -56.349486514
    0.793842825  -56.746241597
    0.802667312  -59.301487966
    0.811491799  -62.988610944
    0.820316286  -66.321050991
    0.829140772  -69.102597942
    0.837965259  -71.436385258
    0.846789746  -73.429068498
    0.855614233  -75.149057839
    0.864438720  -76.645091185
    0.873263206  -77.976405027
    0.882087693  -79.205677366
    0.890912180  -80.366934923
    0.899736667  -81.429808564
    0.908561153  -82.304338297
    0.917385640  -82.910832682
    0.926210127  -83.267739920
    0.935034614  -83.498954082
    0.943859101  -83.750002898
    0.952683587  -84.074222419
    0.961508074  -84.376990387
    0.970332561  -84.473100272
    0.979157048  -84.225542051
    0.987981534  -83.635255177
    0.996806021  -82.818924081
    1.005630508  -81.880588018
    1.014454995  -80.821635909
    1.023279481  -79.552787123
    1.032103968  -78.006187592
    1.040928455  -76.201352761
    1.049752942  -74.228359536
    1.058577429  -72.155002745
    1.067401915  -70.007429759
    1.076226402  -67.912402337
    1.085050889  -66.412605786
    1.093875376  -66.220547317
    1.102699862  -66.981540467
    1.111524349  -67.949479393
    1.120348836  -68.800848392
    1.129173323  -69.474374607
    1.137997810  -70.009231805
    1.146822296  -70.459489663
    1.155646783  -70.825201469
    1.164471270  -71.065759297
    1.173295757  -71.135985529
    1.182120243  -71.027816116
    1.190944730  -70.754199647
    1.199769217  -70.343867431
    1.208593704  -69.842056458
    1.217418190  -69.316584499
    1.226242677  -68.850871195
    1.235067164  -68.519972025
    1.243891651  -68.343085640
    1.252716138  -68.281466117
    1.261540624  -68.256972693
    1.270365111  -68.171151325
    1.279189598  -67.944508990
    1.288014085  -67.536352829
    1.296838571  -66.955056770
    1.305663058  -66.265874831
    1.314487545  -65.558886324
    1.323312032  -64.899032697
    1.332136519  -64.299223619
    1.340961005  -63.740176038
    1.349785492  -63.215523000
    1.358609979  -62.749220047
    1.367434466  -62.375995318
    1.376258952  -62.147008205
    1.385083439  -62.108838631
    1.393907926  -62.250632621
    1.402732413  -62.514887280
    1.411556899  -62.852974742
    1.420381386  -63.242327498
    1.429205873  -63.650385190
    1.438030360  -64.018714168
    1.446854847  -64.278282120
    1.455679333  -64.394843494
    1.464503820  -64.413820930
    1.473328307  -64.440196448
    1.482152794  -64.576531158
    1.490977280  -64.875088008
    1.499801767  -65.349641498
    1.508626254  -66.002371530
    1.517450741  -66.803821619
    1.526275228  -67.669042695
    1.535099714  -68.490218469
    1.543924201  -69.182503975
    1.552748688  -69.713598886
    1.561573175  -70.090145866
    1.570397661  -70.354036745
    1.579222148  -70.551585310
    1.588046635  -70.701506480
    1.596871122  -70.769551121
    1.605695608  -70.723178807
    1.614520095  -70.575250351
    1.623344582  -70.369142672
    1.632169069  -70.131347019
    1.640993556  -69.868824706
    1.649818042  -69.587851927
    1.658642529  -69.265295845
    1.667467016  -68.857627348
    1.676291503  -68.341631832
    1.685115989  -67.745549772
    1.693940476  -67.131207886
    1.702764963  -66.585509803
    1.711589450  -66.196861400
    1.720413937  -66.035731333
    1.729238423  -66.152546625
    1.738062910  -66.561296605
    1.746887397  -67.239692111
    1.755711884  -68.128736639
    1.764536370  -69.170321919
    1.773360857  -70.327501294
    1.782185344  -71.564265585
    1.791009831  -72.814198631
    1.799834317  -73.977588783
    1.808658804  -74.916791581
    1.817483291  -75.537654319
    1.826307778  -75.875216078
    1.835132265  -76.087908381
    1.843956751  -76.332435381
    1.852781238  -76.640993807
    1.861605725  -76.912471333
    1.870430212  -76.995457953
    1.879254698  -76.807112746
    1.888079185  -76.385326964
    1.896903672  -75.863215637
    1.905728159  -75.385234388
    1.914552646  -75.021520277
    1.923377132  -74.737063606
    1.932201619  -74.433393368
    1.941026106  -74.041943798
    1.949850593  -73.582479967
    1.958675079  -73.145484805
    1.967499566  -72.821097191
    1.976324053  -72.630096472
    1.985148540  -72.530282720
    1.993973026  -72.458239869
    2.002797513  -72.374930060
    2.011622000  -72.259109871
    2.020446487  -72.079386181
    2.029270974  -71.779877912
    2.038095460  -71.318997523
    2.046919947  -70.721769788
    2.055744434  -70.087053451
    2.064568921  -69.532540048
    2.073393407  -69.105535012
    2.082217894  -68.749569846
    2.091042381  -68.347025925
    2.099866868  -67.794013896
    2.108691354  -67.077519548
    2.117515841  -66.294938814
    2.126340328  -65.584241422
    2.135164815  -65.058096117
    2.143989302  -64.749636723
    2.152813788  -64.599622113
    2.161638275  -64.474649455
    2.170462762  -64.236251644
    2.179287249  -63.832199109
    2.188111735  -63.333517371
    2.196936222  -62.868581233
    2.205760709  -62.524424584
    2.214585196  -62.297011843
    2.223409683  -62.116002045
    2.232234169  -61.894213303
    2.241058656  -61.594591759
    2.249883143  -61.259896616
    2.258707630  -60.985112618
    2.267532116  -60.845966975
    2.276356603  -60.849020801
    2.285181090  -60.943303631
    2.294005577  -61.064648411
    2.302830063  -61.152841898
    2.311654550  -61.159786650
    2.320479037  -61.077760982
    2.329303524  -60.939117123
    2.338128011  -60.803036472
    2.346952497  -60.722489326
    2.355776984  -60.709272632
    2.364601471  -60.723572751
    2.373425958  -60.705625685
    2.382250444  -60.635621610
    2.391074931  -60.544057676
    2.399899418  -60.480872087
    2.408723905  -60.470108520
    2.417548392  -60.504178741
    2.426372878  -60.555676355
    2.435197365  -60.594623083
    2.444021852  -60.593171810
    2.452846339  -60.530743603
    2.461670825  -60.412154654
    2.470495312  -60.277624473
    2.479319799  -60.187375859
    2.488144286  -60.185251164
    2.496968772  -60.282628326
    2.505793259  -60.457638600
    2.514617746  -60.658582772
    2.523442233  -60.821387633
    2.532266720  -60.881739456
    2.541091206  -60.799475172
    2.549915693  -60.594068510
    2.558740180  -60.347609505
    2.567564667  -60.167877908
    2.576389153  -60.106168070
    2.585213640  -60.105275805
    2.594038127  -60.057266028
    2.602862614  -59.922696500
    2.611687101  -59.774395841
    2.620511587  -59.711646101
    2.629336074  -59.754931818
    2.638160561  -59.837104727
    2.646985048  -59.889411983
    2.655809534  -59.902845984
    2.664634021  -59.897678301
    2.673458508  -59.871600533
    2.682282995  -59.798854235
    2.691107481  -59.663526893
    2.699931968  -59.476179601
    2.708756455  -59.281212236
    2.717580942  -59.127522280
    2.726405429  -59.036148042
    2.735229915  -58.996116981
    2.744054402  -58.960681506
    2.752878889  -58.880639907
    2.761703376  -58.734013125
    2.770527862  -58.542304369
    2.779352349  -58.339488039
    2.788176836  -58.134398837
    2.797001323  -57.914693596
    2.805825810  -57.697871128
    2.814650296  -57.539746835
    2.823474783  -57.506252421
    2.832299270  -57.624632260
    2.841123757  -57.861832090
    2.849948243  -58.103382961
    2.858772730  -58.205358765
    2.867597217  -58.103159580
    2.876421704  -57.876524554
    2.885246190  -57.675315560
    2.894070677  -57.611882950
    2.902895164  -57.701208734
    2.911719651  -57.877899383
    2.920544138  -58.028083456
    2.929368624  -58.047903977
    2.938193111  -57.888083641
    2.947017598  -57.568221533
    2.955842085  -57.151138570
    2.964666571  -56.727066516
    2.973491058  -56.405731721
    2.982315545  -56.284366549
    2.991140032  -56.397900152
    2.999964519  -56.690265587
    3.008789005  -57.037197361
    3.017613492  -57.297679818
    3.026437979  -57.384775136
    3.035262466  -57.302916436
    3.044086952  -57.119421238
    3.052911439  -56.915153290
    3.061735926  -56.784109674
    3.070560413  -56.806605818
    3.079384899  -56.986610766
    3.088209386  -57.240963631
    3.097033873  -57.473649642
    3.105858360  -57.613671004
    3.114682847  -57.609095561
    3.123507333  -57.465614182
    3.132331820  -57.265093785
    3.141156307  -57.103860787
    3.149980794  -57.014141432
    3.158805280  -56.953775268
    3.167629767  -56.866093539
    3.176454254  -56.737215271
    3.185278741  -56.605257084
    3.194103228  -56.509807377
    3.202927714  -56.464901538
    3.211752201  -56.452750113
    3.220576688  -56.449825879
    3.229401175  -56.443837578
    3.238225661  -56.439001471
    3.247050148  -56.453620155
    3.255874635  -56.518027773
    3.264699122  -56.659408492
    3.273523608  -56.851578049
    3.282348095  -57.005301429
    3.291172582  -57.004234426
    3.299997069  -56.780787125
    3.308821556  -56.363350872
    3.317646042  -55.863210030
    3.326470529  -55.422916470
    3.335295016  -55.129272049
    3.344119503  -54.974978052
    3.352943989  -54.899403256
    3.361768476  -54.870207652
    3.370592963  -54.907195152
    3.379417450  -55.046766474
    3.388241937  -55.274577386
    3.397066423  -55.495884259
    3.405890910  -55.589304469
    3.414715397  -55.499300691
    3.423539884  -55.259313463
    3.432364370  -54.956015916
    3.441188857  -54.662836452
    3.450013344  -54.403012439
    3.458837831  -54.182786333
    3.467662317  -54.021693067
    3.476486804  -53.977885573
    3.485311291  -54.081467116
    3.494135778  -54.269359388
    3.502960265  -54.337180216
    3.511784751  -53.979729178
    3.520609238  -52.879152069
    3.529433725  -50.794470262
    3.538258212  -47.599377258
    3.547082698  -43.308301410
    3.555907185  -38.086972453
    3.564731672  -32.272536951
    3.573556159  -26.348632286
    3.582380646  -20.872302530
    3.591205132  -16.392986469
    3.600029619  -13.355063356
    3.608854106  -11.731648820
    3.617678593  -10.994199789
    3.626503079  -10.672413532
    3.635327566  -10.532064326
    3.644152053  -10.471095633
    3.652976540  -10.446207421
    3.661801026  -10.436580714
    3.670625513  -10.433501686
    3.679450000  -10.432557603
