#! FIELDS pp.proj projection
#! SET min_pp.proj 0.343794
#! SET max_pp.proj 3.67945
#! SET nbins_pp.proj  379
#! SET periodic_pp.proj false
    0.343794000  -10.432240308
    0.352618487  -10.432240308
    0.361442974  -10.432240308
    0.370267460  -10.432240308
    0.379091947  -10.432240308
    0.387916434  -10.432240308
    0.396740921  -10.432240308
    0.405565407  -10.432240308
    0.414389894  -10.432268521
    0.423214381  -10.432381158
    0.432038868  -10.432868286
    0.440863354  -10.434385817
    0.449687841  -10.438755887
    0.458512328  -10.449981321
    0.467336815  -10.476095412
    0.476161302  -10.531875646
    0.484985788  -10.644041451
    0.493810275  -10.860754883
    0.502634762  -11.265881611
    0.511459249  -11.983133081
    0.520283735  -13.132539042
    0.529108222  -14.750181903
    0.537932709  -16.787925918
    0.546757196  -19.187400882
    0.555581683  -21.895412441
    0.564406169  -24.817998613
    0.573230656  -27.791876924
    0.582055143  -30.605649963
    0.590879630  -33.053646623
    0.599704116  -34.999838599
    0.608528603  -36.437973687
    0.617353090  -37.502706600
    0.626177577  -38.411479075
    0.635002063  -39.347049425
    0.643826550  -40.380006805
    0.652651037  -41.483973541
    0.661475524  -42.612840644
    0.670300011  -43.764939062
    0.679124497  -44.999853978
    0.687948984  -46.384361482
    0.696773471  -47.902911983
    0.705597958  -49.434492593
    0.714422444  -50.835278295
    0.723246931  -52.050205392
    0.732071418  -53.130432284
    0.740895905  -54.146469102
    0.749720392  -55.091151654
    0.758544878  -55.864384718
    0.767369365  -56.338172058
    0.776193852  -56.461885313
    0.785018339  -56.349486514
    0.793842825  -56.746241597
    0.802667312  -59.301487966
    0.811491799  -62.988610944
    0.820316286  -66.321050991
    0.829140772  -69.102597942
    0.837965259  -71.436385258
    0.846789746  -73.429068498
    0.855614233  -75.149057839
    0.864438720  -76.645091185
    0.873263206  -77.976405027
    0.882087693  -79.205677366
    0.890912180  -80.366934923
    0.899736667  -81.429808564
    0.908561153  -82.304338297
    0.917385640  -82.910832682
    0.926210127  -83.267739920
    0.935034614  -83.498954082
    0.943859101  -83.750002898
    0.952683587  -84.074222419
    0.961508074  -84.376990387
    0.970332561  -84.473100272
    0.979157048  -84.225542051
    0.987981534  -83.635255177
    0.996806021  -82.818924081
    1.005630508  -81.880588018
    1.014454995  -80.821635909
    1.023279481  -79.552787123
    1.032103968  -78.006187592
    1.040928455  -76.201352761
    1.049752942  -74.228359536
    1.058577429  -72.155002745
    1.067401915  -70.007429759
    1.076226402  -67.912402337
    1.085050889  -66.412605786
    1.093875376  -66.220547317
    1.102699862  -66.981540467
    1.111524349  -67.949479393
    1.120348836  -68.800848392
    1.129173323  -69.474374607
    1.137997810  -70.009231805
    1.146822296  -70.459489663
    1.155646783  -70.825201469
    1.164471270  -71.065759297
    1.173295757  -71.135985529
    1.182120243  -71.027787897
    1.190944730  -70.754061619
    1.199769217  -70.343365716
    1.208593704  -69.840541861
    1.217418190  -69.312664824
    1.226242677  -68.842278895
    1.235067164  -68.504136414
    1.243891651  -68.317826536
    1.252716138  -68.244790783
    1.261540624  -68.205823795
    1.270365111  -68.100397666
    1.279189598  -67.848039147
    1.288014085  -67.409155279
    1.296838571  -66.794944795
    1.305663058  -66.072657518
    1.314487545  -65.329619501
    1.323312032  -64.620808602
    1.332136519  -63.944887186
    1.340961005  -63.270009654
    1.349785492  -62.586273942
    1.358609979  -61.930693414
    1.367434466  -61.355640992
    1.376258952  -60.922353164
    1.385083439  -60.675443886
    1.393907926  -60.584369969
    1.402732413  -60.553705553
    1.411556899  -60.510427691
    1.420381386  -60.466383116
    1.429205873  -60.494560283
    1.438030360  -60.650950084
    1.446854847  -60.889169033
    1.455679333  -61.087828612
    1.464503820  -61.163440118
    1.473328307  -61.135173207
    1.482152794  -61.076380300
    1.490977280  -61.027525186
    1.499801767  -60.970271566
    1.508626254  -60.896460679
    1.517450741  -60.854250124
    1.526275228  -60.903799063
    1.535099714  -61.054896899
    1.543924201  -61.251975623
    1.552748688  -61.422860043
    1.561573175  -61.541007966
    1.570397661  -61.673797413
    1.579222148  -61.906965717
    1.588046635  -62.245264505
    1.596871122  -62.600264084
    1.605695608  -62.872614419
    1.614520095  -63.027281774
    1.623344582  -63.084018342
    1.632169069  -63.067654522
    1.640993556  -62.989461057
    1.649818042  -62.874616649
    1.658642529  -62.736235709
    1.667467016  -62.559924655
    1.676291503  -62.320922328
    1.685115989  -62.044952606
    1.693940476  -61.796524280
    1.702764963  -61.624572955
    1.711589450  -61.523576736
    1.720413937  -61.468929024
    1.729238423  -61.470956235
    1.738062910  -61.546431992
    1.746887397  -61.680318886
    1.755711884  -61.819952881
    1.764536370  -61.937577011
    1.773360857  -62.067490353
    1.782185344  -62.259935856
    1.791009831  -62.519685412
    1.799834317  -62.790324733
    1.808658804  -62.966776865
    1.817483291  -62.980940555
    1.826307778  -62.880657658
    1.835132265  -62.805715790
    1.843956751  -62.865960130
    1.852781238  -63.044797848
    1.861605725  -63.218606325
    1.870430212  -63.243967109
    1.879254698  -63.065816117
    1.888079185  -62.763419478
    1.896903672  -62.508023219
    1.905728159  -62.448727001
    1.914552646  -62.617886964
    1.923377132  -62.922610620
    1.932201619  -63.216040937
    1.941026106  -63.392906741
    1.949850593  -63.442268900
    1.958675079  -63.441326398
    1.967499566  -63.489554336
    1.976324053  -63.636055475
    1.985148540  -63.868125982
    1.993973026  -64.137695098
    2.002797513  -64.397363203
    2.011622000  -64.607544004
    2.020446487  -64.727062965
    2.029270974  -64.708540974
    2.038095460  -64.520675449
    2.046919947  -64.181876840
    2.055744434  -63.767649554
    2.064568921  -63.377478345
    2.073393407  -63.066819322
    2.082217894  -62.816369873
    2.091042381  -62.556434489
    2.099866868  -62.216399284
    2.108691354  -61.784975764
    2.117515841  -61.332143182
    2.126340328  -60.963758075
    2.135164815  -60.769326098
    2.143989302  -60.764809946
    2.152813788  -60.877717750
    2.161638275  -60.969176202
    2.170462762  -60.914199011
    2.179287249  -60.687008188
    2.188111735  -60.381913363
    2.196936222  -60.134999238
    2.205760709  -60.023733775
    2.214585196  -60.014959877
    2.223409683  -59.999895354
    2.232234169  -59.873926115
    2.241058656  -59.616273465
    2.249883143  -59.301273193
    2.258707630  -59.044855308
    2.267532116  -58.920077567
    2.276356603  -58.906590520
    2.285181090  -58.922775584
    2.294005577  -58.893949410
    2.302830063  -58.779609610
    2.311654550  -58.574743201
    2.320479037  -58.320080196
    2.329303524  -58.073473621
    2.338128011  -57.894362022
    2.346952497  -57.817738283
    2.355776984  -57.825108108
    2.364601471  -57.843224445
    2.373425958  -57.794482631
    2.382250444  -57.661249445
    2.391074931  -57.492305198
    2.399899418  -57.367834431
    2.408723905  -57.337515997
    2.417548392  -57.393502440
    2.426372878  -57.485485501
    2.435197365  -57.558958792
    2.444021852  -57.575784991
    2.452846339  -57.521211704
    2.461670825  -57.412965224
    2.470495312  -57.291235049
    2.479319799  -57.196149716
    2.488144286  -57.148579125
    2.496968772  -57.161311854
    2.505793259  -57.240702203
    2.514617746  -57.366365408
    2.523442233  -57.488633451
    2.532266720  -57.544715958
    2.541091206  -57.496573327
    2.549915693  -57.362923331
    2.558740180  -57.211598867
    2.567564667  -57.125701302
    2.576389153  -57.135106143
    2.585213640  -57.176602421
    2.594038127  -57.149837735
    2.602862614  -57.031071647
    2.611687101  -56.911826141
    2.620511587  -56.904406806
    2.629336074  -57.022811523
    2.638160561  -57.175820447
    2.646985048  -57.270016258
    2.655809534  -57.286195042
    2.664634021  -57.253002265
    2.673458508  -57.179966700
    2.682282995  -57.035973977
    2.691107481  -56.785290269
    2.699931968  -56.433123920
    2.708756455  -56.052966038
    2.717580942  -55.749689221
    2.726405429  -55.600871900
    2.735229915  -55.618086140
    2.744054402  -55.721854171
    2.752878889  -55.794710657
    2.761703376  -55.754989027
    2.770527862  -55.600427773
    2.779352349  -55.378135747
    2.788176836  -55.137870948
    2.797001323  -54.905416635
    2.805825810  -54.705640607
    2.814650296  -54.567906374
    2.823474783  -54.524885333
    2.832299270  -54.590788457
    2.841123757  -54.750077662
    2.849948243  -54.935251869
    2.858772730  -55.055477032
    2.867597217  -55.071692842
    2.876421704  -55.045528722
    2.885246190  -55.083353986
    2.894070677  -55.255722164
    2.902895164  -55.553918250
    2.911719651  -55.900512395
    2.920544138  -56.168354191
    2.929368624  -56.240222432
    2.938193111  -56.066673592
    2.947017598  -55.690886217
    2.955842085  -55.210083556
    2.964666571  -54.739041949
    2.973491058  -54.392810702
    2.982315545  -54.259435630
    2.991140032  -54.359271810
    2.999964519  -54.627707212
    3.008789005  -54.946247547
    3.017613492  -55.195876650
    3.026437979  -55.314860327
    3.035262466  -55.310886985
    3.044086952  -55.225383495
    3.052911439  -55.117198894
    3.061735926  -55.084107327
    3.070560413  -55.212789994
    3.079384899  -55.492223155
    3.088209386  -55.820598841
    3.097033873  -56.100184067
    3.105858360  -56.278705645
    3.114682847  -56.329564177
    3.123507333  -56.269537381
    3.132331820  -56.174607083
    3.141156307  -56.129157631
    3.149980794  -56.149718056
    3.158805280  -56.175056961
    3.167629767  -56.130216061
    3.176454254  -55.990665623
    3.185278741  -55.796446935
    3.194103228  -55.602355758
    3.202927714  -55.448854886
    3.211752201  -55.345388557
    3.220576688  -55.285625231
    3.229401175  -55.258624603
    3.238225661  -55.256898374
    3.247050148  -55.277367178
    3.255874635  -55.327217064
    3.264699122  -55.418258136
    3.273523608  -55.524804853
    3.282348095  -55.575773295
    3.291172582  -55.485286143
    3.299997069  -55.216655071
    3.308821556  -54.815650105
    3.317646042  -54.385147507
    3.326470529  -54.034861533
    3.335295016  -53.807715567
    3.344119503  -53.661753682
    3.352943989  -53.520025259
    3.361768476  -53.348337966
    3.370592963  -53.173504860
    3.379417450  -53.055638208
    3.388241937  -53.029709799
    3.397066423  -53.062387688
    3.405890910  -53.078105445
    3.414715397  -53.039495216
    3.423539884  -52.970317543
    3.432364370  -52.918655866
    3.441188857  -52.897543482
    3.450013344  -52.866665778
    3.458837831  -52.788715441
    3.467662317  -52.674652783
    3.476486804  -52.609567143
    3.485311291  -52.670696983
    3.494135778  -52.837208674
    3.502960265  -52.919894124
    3.511784751  -52.598397327
    3.520609238  -51.523816784
    3.529433725  -49.432336998
    3.538258212  -46.198471390
    3.547082698  -41.861496485
    3.555907185  -36.627426153
    3.564731672  -30.874705847
    3.573556159  -25.108751920
    3.582380646  -19.881487308
    3.591205132  -15.719468353
    3.600029619  -12.996985809
    3.608854106  -11.579409700
    3.617678593  -10.934949798
    3.626503079  -10.649684599
    3.635327566  -10.523508316
    3.644152053  -10.468039955
    3.652976540  -10.445204498
    3.661801026  -10.436340828
    3.670625513  -10.433434544
    3.679450000  -10.432557603
