#! FIELDS pp.proj projection
#! SET min_pp.proj 0.343794
#! SET max_pp.proj 3.67945
#! SET nbins_pp.proj  379
#! SET periodic_pp.proj false
    0.343794000  -10.432240308
    0.352618487  -10.432240308
    0.361442974  -10.432240308
    0.370267460  -10.432240308
    0.379091947  -10.432240308
    0.387916434  -10.432240308
    0.396740921  -10.432240308
    0.405565407  -10.432240308
    0.414389894  -10.432240308
    0.423214381  -10.432240308
    0.432038868  -10.432240308
    0.440863354  -10.432240308
    0.449687841  -10.432240308
    0.458512328  -10.432240308
    0.467336815  -10.432240308
    0.476161302  -10.432240308
    0.484985788  -10.432240308
    0.493810275  -10.432240308
    0.502634762  -10.432240308
    0.511459249  -10.432240308
    0.520283735  -10.432240308
    0.529108222  -10.432240308
    0.537932709  -10.432240308
    0.546757196  -10.432240308
    0.555581683  -10.432240308
    0.564406169  -10.432240308
    0.573230656  -10.432240308
    0.582055143  -10.432240308
    0.590879630  -10.432240308
    0.599704116  -10.432240308
    0.608528603  -10.432240308
    0.617353090  -10.432240308
    0.626177577  -10.432240308
    0.635002063  -10.432240308
    0.643826550  -10.432240308
    0.652651037  -10.432240308
    0.661475524  -10.432240308
    0.670300011  -10.432335249
    0.679124497  -10.432771246
    0.687948984  -10.434314706
    0.696773471  -10.439035904
    0.705597958  -10.452149850
    0.714422444  -10.485110351
    0.723246931  -10.561949249
    0.732071418  -10.734024066
    0.740895905  -11.116858711
    0.749720392  -11.957624454
    0.758544878  -13.612761467
    0.767369365  -16.175120399
    0.776193852  -19.234870151
    0.785018339  -22.302205082
    0.793842825  -25.122227846
    0.802667312  -27.654350134
    0.811491799  -29.944207611
    0.820316286  -32.014380337
    0.829140772  -33.836287393
    0.837965259  -35.367923923
    0.846789746  -36.590954639
    0.855614233  -37.514008766
    0.864438720  -38.165046195
    0.873263206  -38.594727134
    0.882087693  -38.885030706
    0.890912180  -39.114788912
    0.899736667  -39.296626544
    0.908561153  -39.348565280
    0.917385640  -39.155421551
    0.926210127  -38.692367667
    0.935034614  -38.075326539
    0.943859101  -37.486307368
    0.952683587  -37.015975946
    0.961508074  -36.595746433
    0.970332561  -36.057344438
    0.979157048  -35.316474487
    0.987981534  -34.464321716
    0.996806021  -33.688976571
    1.005630508  -33.130484936
    1.014454995  -32.817009470
    1.023279481  -32.660894142
    1.032103968  -32.494728518
    1.040928455  -32.127637787
    1.049752942  -31.435243886
    1.058577429  -30.403065295
    1.067401915  -29.076353977
    1.076226402  -27.518847155
    1.085050889  -25.838277053
    1.093875376  -24.208658168
    1.102699862  -22.811466563
    1.111524349  -21.786088822
    1.120348836  -21.257127289
    1.129173323  -21.356260112
    1.137997810  -22.140414326
    1.146822296  -23.466522578
    1.155646783  -25.016655419
    1.164471270  -26.472271966
    1.173295757  -27.652595323
    1.182120243  -28.582321512
    1.190944730  -29.475001079
    1.199769217  -30.658035791
    1.208593704  -32.371600761
    1.217418190  -34.530696873
    1.226242677  -36.758733657
    1.235067164  -38.703808128
    1.243891651  -40.214742469
    1.252716138  -41.308734954
    1.261540624  -42.086274002
    1.270365111  -42.650339558
    1.279189598  -43.071215850
    1.288014085  -43.390337791
    1.296838571  -43.620736147
    1.305663058  -43.737019607
    1.314487545  -43.678679228
    1.323312032  -43.397295892
    1.332136519  -42.896044962
    1.340961005  -42.239737787
    1.349785492  -41.507324717
    1.358609979  -40.748311656
    1.367434466  -39.976177784
    1.376258952  -39.214622435
    1.385083439  -38.535548753
    1.393907926  -38.035188722
    1.402732413  -37.773804942
    1.411556899  -37.745370840
    1.420381386  -37.899829629
    1.429205873  -38.180936927
    1.438030360  -38.533726463
    1.446854847  -38.898461403
    1.455679333  -39.233535427
    1.464503820  -39.565244568
    1.473328307  -39.982121349
    1.482152794  -40.536419797
    1.490977280  -41.182366126
    1.499801767  -41.807808870
    1.508626254  -42.337114383
    1.517450741  -42.804611504
    1.526275228  -43.310294979
    1.535099714  -43.916579762
    1.543924201  -44.579860330
    1.552748688  -45.171508105
    1.561573175  -45.554483578
    1.570397661  -45.688488296
    1.579222148  -45.657821895
    1.588046635  -45.604667806
    1.596871122  -45.643875864
    1.605695608  -45.831684602
    1.614520095  -46.154293897
    1.623344582  -46.520272528
    1.632169069  -46.804506921
    1.640993556  -46.926843311
    1.649818042  -46.879856376
    1.658642529  -46.679300606
    1.667467016  -46.341430654
    1.676291503  -45.910021209
    1.685115989  -45.475216777
    1.693940476  -45.126179997
    1.702764963  -44.896858482
    1.711589450  -44.769959073
    1.720413937  -44.739763075
    1.729238423  -44.864147214
    1.738062910  -45.225316148
    1.746887397  -45.895145544
    1.755711884  -46.901510669
    1.764536370  -48.215372324
    1.773360857  -49.757536222
    1.782185344  -51.429062280
    1.791009831  -53.088760409
    1.799834317  -54.544061340
    1.808658804  -55.596936911
    1.817483291  -56.173043635
    1.826307778  -56.388924966
    1.835132265  -56.483541427
    1.843956751  -56.645757030
    1.852781238  -56.875544507
    1.861605725  -56.990653370
    1.870430212  -56.767912107
    1.879254698  -56.120835054
    1.888079185  -55.156843157
    1.896903672  -54.115520046
    1.905728159  -53.232346880
    1.914552646  -52.618283097
    1.923377132  -52.220742219
    1.932201619  -51.884830083
    1.941026106  -51.479437284
    1.949850593  -50.990657532
    1.958675079  -50.525749954
    1.967499566  -50.226105396
    1.976324053  -50.177970001
    1.985148540  -50.390548045
    1.993973026  -50.799227066
    2.002797513  -51.294259560
    2.011622000  -51.759821302
    2.020446487  -52.095840045
    2.029270974  -52.235087141
    2.038095460  -52.169550240
    2.046919947  -51.972880717
    2.055744434  -51.770383437
    2.064568921  -51.677348049
    2.073393407  -51.719404090
    2.082217894  -51.815744518
    2.091042381  -51.833167633
    2.099866868  -51.661350112
    2.108691354  -51.281741830
    2.117515841  -50.784346001
    2.126340328  -50.290734518
    2.135164815  -49.886549246
    2.143989302  -49.569134988
    2.152813788  -49.251622473
    2.161638275  -48.798704242
    2.170462762  -48.129659723
    2.179287249  -47.318755914
    2.188111735  -46.592556933
    2.196936222  -46.182167879
    2.205760709  -46.160756961
    2.214585196  -46.376735254
    2.223409683  -46.541325342
    2.232234169  -46.410762120
    2.241058656  -45.942565607
    2.249883143  -45.306394236
    2.258707630  -44.768372230
    2.267532116  -44.520363908
    2.276356603  -44.573625473
    2.285181090  -44.764980625
    2.294005577  -44.867301369
    2.302830063  -44.738216079
    2.311654550  -44.387919983
    2.320479037  -43.943763372
    2.329303524  -43.538512770
    2.338128011  -43.251374171
    2.346952497  -43.099256832
    2.355776984  -43.046108789
    2.364601471  -43.026256748
    2.373425958  -42.994080217
    2.382250444  -42.969129896
    2.391074931  -43.002802847
    2.399899418  -43.131740811
    2.408723905  -43.333797437
    2.417548392  -43.529825794
    2.426372878  -43.629071002
    2.435197365  -43.595043490
    2.444021852  -43.462278801
    2.452846339  -43.310934069
    2.461670825  -43.220579646
    2.470495312  -43.220953019
    2.479319799  -43.282282049
    2.488144286  -43.332919535
    2.496968772  -43.316716012
    2.505793259  -43.226886759
    2.514617746  -43.089450412
    2.523442233  -42.936043844
    2.532266720  -42.782782652
    2.541091206  -42.646777944
    2.549915693  -42.566431852
    2.558740180  -42.583306604
    2.567564667  -42.703415045
    2.576389153  -42.875037261
    2.585213640  -43.012498072
    2.594038127  -43.065754810
    2.602862614  -43.071393902
    2.611687101  -43.132638647
    2.620511587  -43.331679653
    2.629336074  -43.674336143
    2.638160561  -44.094841518
    2.646985048  -44.508265133
    2.655809534  -44.858914388
    2.664634021  -45.120201228
    2.673458508  -45.260507449
    2.682282995  -45.228246915
    2.691107481  -44.988776742
    2.699931968  -44.578601671
    2.708756455  -44.124976003
    2.717580942  -43.773947032
    2.726405429  -43.605903417
    2.735229915  -43.611871014
    2.744054402  -43.704076808
    2.752878889  -43.774899946
    2.761703376  -43.752385223
    2.770527862  -43.633389539
    2.779352349  -43.453295367
    2.788176836  -43.249940417
    2.797001323  -43.051251561
    2.805825810  -42.897219054
    2.814650296  -42.828863230
    2.823474783  -42.875856004
    2.832299270  -43.044035156
    2.841123757  -43.311998686
    2.849948243  -43.599207982
    2.858772730  -43.782268671
    2.867597217  -43.773678279
    2.876421704  -43.598755742
    2.885246190  -43.382927416
    2.894070677  -43.269703800
    2.902895164  -43.336006472
    2.911719651  -43.567464244
    2.920544138  -43.872217770
    2.929368624  -44.132051053
    2.938193111  -44.254174073
    2.947017598  -44.211551072
    2.955842085  -44.052081863
    2.964666571  -43.866369181
    2.973491058  -43.745512085
    2.982315545  -43.742762467
    2.991140032  -43.850754699
    2.999964519  -44.005566821
    3.008789005  -44.133205485
    3.017613492  -44.188527378
    3.026437979  -44.173474066
    3.035262466  -44.103884129
    3.044086952  -43.984580107
    3.052911439  -43.827501356
    3.061735926  -43.680244213
    3.070560413  -43.580902313
    3.079384899  -43.527324521
    3.088209386  -43.505093322
    3.097033873  -43.540050837
    3.105858360  -43.672982679
    3.114682847  -43.888160633
    3.123507333  -44.114739304
    3.132331820  -44.296397504
    3.141156307  -44.414357478
    3.149980794  -44.457051870
    3.158805280  -44.414134441
    3.167629767  -44.311669896
    3.176454254  -44.217888578
    3.185278741  -44.193008839
    3.194103228  -44.214059409
    3.202927714  -44.208849305
    3.211752201  -44.135914012
    3.220576688  -44.025187830
    3.229401175  -43.935144538
    3.238225661  -43.907934767
    3.247050148  -43.971619452
    3.255874635  -44.154653362
    3.264699122  -44.452132009
    3.273523608  -44.769679423
    3.282348095  -44.958393556
    3.291172582  -44.909843798
    3.299997069  -44.639933343
    3.308821556  -44.285543367
    3.317646042  -44.008705488
    3.326470529  -43.916487609
    3.335295016  -43.999176354
    3.344119503  -44.139542900
    3.352943989  -44.188350216
    3.361768476  -44.069258511
    3.370592963  -43.815800762
    3.379417450  -43.522800598
    3.388241937  -43.275846089
    3.397066423  -43.113564843
    3.405890910  -43.033929329
    3.414715397  -43.026723761
    3.423539884  -43.071038646
    3.432364370  -43.125270934
    3.441188857  -43.114922925
    3.450013344  -42.959786808
    3.458837831  -42.650649363
    3.467662317  -42.286510949
    3.476486804  -42.046581472
    3.485311291  -42.053669401
    3.494135778  -42.269118368
    3.502960265  -42.451105204
    3.511784751  -42.207335737
    3.520609238  -41.115786531
    3.529433725  -38.879185194
    3.538258212  -35.437345039
    3.547082698  -31.007291630
    3.555907185  -26.029432427
    3.564731672  -21.079663133
    3.573556159  -16.774062740
    3.582380646  -13.667970194
    3.591205132  -11.904776554
    3.600029619  -11.072415482
    3.608854106  -10.703514033
    3.617678593  -10.541957467
    3.626503079  -10.473433549
    3.635327566  -10.446357164
    3.644152053  -10.436228756
    3.652976540  -10.433217593
    3.661801026  -10.432302635
    3.670625513  -10.432240308
    3.679450000  -10.432240308
