#! FIELDS pp.proj projection
#! SET min_pp.proj 0.343794
#! SET max_pp.proj 3.67945
#! SET nbins_pp.proj  379
#! SET periodic_pp.proj false
    0.343794000  -10.432240308
    0.352618487  -10.432240308
    0.361442974  -10.432240308
    0.370267460  -10.432240308
    0.379091947  -10.432240308
    0.387916434  -10.432240308
    0.396740921  -10.432240308
    0.405565407  -10.432240308
    0.414389894  -10.432240308
    0.423214381  -10.432240308
    0.432038868  -10.432240308
    0.440863354  -10.432240308
    0.449687841  -10.432240308
    0.458512328  -10.432240308
    0.467336815  -10.432240308
    0.476161302  -10.432240308
    0.484985788  -10.432240308
    0.493810275  -10.432240308
    0.502634762  -10.432240308
    0.511459249  -10.432240308
    0.520283735  -10.432240308
    0.529108222  -10.432240308
    0.537932709  -10.432240308
    0.546757196  -10.432240308
    0.555581683  -10.432240308
    0.564406169  -10.432240308
    0.573230656  -10.432240308
    0.582055143  -10.432240308
    0.590879630  -10.432240308
    0.599704116  -10.432240308
    0.608528603  -10.432240308
    0.617353090  -10.432240308
    0.626177577  -10.432240308
    0.635002063  -10.432240308
    0.643826550  -10.432240308
    0.652651037  -10.432240308
    0.661475524  -10.432240308
    0.670300011  -10.432335249
    0.679124497  -10.432771246
    0.687948984  -10.434314706
    0.696773471  -10.439035904
    0.705597958  -10.452149850
    0.714422444  -10.485110351
    0.723246931  -10.561949249
    0.732071418  -10.734024066
    0.740895905  -11.116858711
    0.749720392  -11.957624454
    0.758544878  -13.612761467
    0.767369365  -16.175120399
    0.776193852  -19.234870151
    0.785018339  -22.302205082
    0.793842825  -25.122227846
    0.802667312  -27.654350134
    0.811491799  -29.944207611
    0.820316286  -32.014380337
    0.829140772  -33.836287393
    0.837965259  -35.367923923
    0.846789746  -36.590954639
    0.855614233  -37.514008766
    0.864438720  -38.165046195
    0.873263206  -38.594727134
    0.882087693  -38.885030706
    0.890912180  -39.114788912
    0.899736667  -39.296626544
    0.908561153  -39.348565280
    0.917385640  -39.155421551
    0.926210127  -38.692367667
    0.935034614  -38.075326539
    0.943859101  -37.486307368
    0.952683587  -37.015975946
    0.961508074  -36.595746433
    0.970332561  -36.057344438
    0.979157048  -35.316474487
    0.987981534  -34.464321716
    0.996806021  -33.688976571
    1.005630508  -33.130484936
    1.014454995  -32.817009470
    1.023279481  -32.660894142
    1.032103968  -32.494728518
    1.040928455  -32.127637787
    1.049752942  -31.435243886
    1.058577429  -30.403065295
    1.067401915  -29.076353977
    1.076226402  -27.518847155
    1.085050889  -25.838277053
    1.093875376  -24.208658168
    1.102699862  -22.811466563
    1.111524349  -21.786088822
    1.120348836  -21.257127289
    1.129173323  -21.356260112
    1.137997810  -22.140414326
    1.146822296  -23.466522578
    1.155646783  -25.016655419
    1.164471270  -26.472271966
    1.173295757  -27.652595323
    1.182120243  -28.582321512
    1.190944730  -29.475001079
    1.199769217  -30.658035791
    1.208593704  -32.371600761
    1.217418190  -34.530696873
    1.226242677  -36.758733657
    1.235067164  -38.703808128
    1.243891651  -40.214742469
    1.252716138  -41.308734954
    1.261540624  -42.086274002
    1.270365111  -42.650339558
    1.279189598  -43.071215850
    1.288014085  -43.390337791
    1.296838571  -43.620736147
    1.305663058  -43.737019607
    1.314487545  -43.678679228
    1.323312032  -43.397295892
    1.332136519  -42.896044962
    1.340961005  -42.239737787
    1.349785492  -41.507324717
    1.358609979  -40.748311656
    1.367434466  -39.976177784
    1.376258952  -39.214622435
    1.385083439  -38.535548753
    1.393907926  -38.035188722
    1.402732413  -37.773804942
    1.411556899  -37.745370840
    1.420381386  -37.899829629
    1.429205873  -38.180936927
    1.438030360  -38.533726463
    1.446854847  -38.898461403
    1.455679333  -39.233535427
    1.464503820  -39.565244568
    1.473328307  -39.982121349
    1.482152794  -40.536419797
    1.490977280  -41.182366126
    1.499801767  -41.807808870
    1.508626254  -42.337114383
    1.517450741  -42.804611504
    1.526275228  -43.310294979
    1.535099714  -43.916579762
    1.543924201  -44.579860330
    1.552748688  -45.171508105
    1.561573175  -45.554483578
    1.570397661  -45.688488296
    1.579222148  -45.657821895
    1.588046635  -45.604667806
    1.596871122  -45.643875864
    1.605695608  -45.831684602
    1.614520095  -46.154293897
    1.623344582  -46.520272528
    1.632169069  -46.804506921
    1.640993556  -46.926843311
    1.649818042  -46.879856376
    1.658642529  -46.679300606
    1.667467016  -46.341430654
    1.676291503  -45.910025215
    1.685115989  -45.475231576
    1.693940476  -45.126246739
    1.702764963  -44.897108645
    1.711589450  -44.770813803
    1.720413937  -44.742258098
    1.729238423  -44.870666519
    1.738062910  -45.240051771
    1.746887397  -45.923777581
    1.755711884  -46.948844375
    1.764536370  -48.282296201
    1.773360857  -49.840631041
    1.782185344  -51.522434381
    1.791009831  -53.187063319
    1.799834317  -54.644167789
    1.808658804  -55.699285925
    1.817483291  -56.283689221
    1.826307778  -56.522233813
    1.835132265  -56.663794729
    1.843956751  -56.907307994
    1.852781238  -57.266710986
    1.861605725  -57.584736276
    1.870430212  -57.673415491
    1.879254698  -57.480244272
    1.888079185  -57.127746436
    1.896903672  -56.838706676
    1.905728159  -56.804545170
    1.914552646  -57.090319201
    1.923377132  -57.626863467
    1.932201619  -58.268700636
    1.941026106  -58.876418301
    1.949850593  -59.372819719
    1.958675079  -59.757693166
    1.967499566  -60.073527393
    1.976324053  -60.363152257
    1.985148540  -60.658503230
    1.993973026  -60.976218502
    2.002797513  -61.302473707
    2.011622000  -61.579212039
    2.020446487  -61.711659381
    2.029270974  -61.595212159
    2.038095460  -61.169040408
    2.046919947  -60.460618332
    2.055744434  -59.594527358
    2.064568921  -58.748176681
    2.073393407  -58.043767814
    2.082217894  -57.478598215
    2.091042381  -56.945178731
    2.099866868  -56.317580097
    2.108691354  -55.556467572
    2.117515841  -54.747515446
    2.126340328  -54.032904252
    2.135164815  -53.532159650
    2.143989302  -53.272051689
    2.152813788  -53.176201655
    2.161638275  -53.095988934
    2.170462762  -52.903281761
    2.179287249  -52.589909358
    2.188111735  -52.284090751
    2.196936222  -52.142394402
    2.205760709  -52.223348347
    2.214585196  -52.419246331
    2.223409683  -52.507626894
    2.232234169  -52.295654343
    2.241058656  -51.761671692
    2.249883143  -51.069007005
    2.258707630  -50.459578231
    2.267532116  -50.105093621
    2.276356603  -50.032009909
    2.285181090  -50.138440635
    2.294005577  -50.267882786
    2.302830063  -50.303377507
    2.311654550  -50.214040843
    2.320479037  -50.039955677
    2.329303524  -49.827500064
    2.338128011  -49.603431690
    2.346952497  -49.368594406
    2.355776984  -49.101714200
    2.364601471  -48.784186875
    2.373425958  -48.430836378
    2.382250444  -48.100480376
    2.391074931  -47.847959114
    2.399899418  -47.698225499
    2.408723905  -47.634843906
    2.417548392  -47.610499531
    2.426372878  -47.568590664
    2.435197365  -47.479086384
    2.444021852  -47.348587557
    2.452846339  -47.211122044
    2.461670825  -47.102955599
    2.470495312  -47.031281947
    2.479319799  -46.974654976
    2.488144286  -46.897743950
    2.496968772  -46.788904609
    2.505793259  -46.670538884
    2.514617746  -46.571032943
    2.523442233  -46.503578809
    2.532266720  -46.455513254
    2.541091206  -46.408886379
    2.549915693  -46.364102149
    2.558740180  -46.334384253
    2.567564667  -46.321624065
    2.576389153  -46.295937680
    2.585213640  -46.201947853
    2.594038127  -46.004808789
    2.602862614  -45.737152665
    2.611687101  -45.499478878
    2.620511587  -45.402239123
    2.629336074  -45.506383368
    2.638160561  -45.784974067
    2.646985048  -46.158452384
    2.655809534  -46.560163238
    2.664634021  -46.947298851
    2.673458508  -47.262954053
    2.682282995  -47.421263641
    2.691107481  -47.354861392
    2.699931968  -47.073533991
    2.708756455  -46.689236209
    2.717580942  -46.356524608
    2.726405429  -46.187848499
    2.735229915  -46.203061910
    2.744054402  -46.313341495
    2.752878889  -46.392111101
    2.761703376  -46.356387731
    2.770527862  -46.208418684
    2.779352349  -45.997398618
    2.788176836  -45.766319988
    2.797001323  -45.531209032
    2.805825810  -45.320012162
    2.814650296  -45.180918351
    2.823474783  -45.158000326
    2.832299270  -45.251809003
    2.841123757  -45.418504468
    2.849948243  -45.576540657
    2.858772730  -45.631523902
    2.867597217  -45.520864326
    2.876421704  -45.274311831
    2.885246190  -45.008640678
    2.894070677  -44.852555391
    2.902895164  -44.871700279
    2.911719651  -45.053066040
    2.920544138  -45.311858525
    2.929368624  -45.529697708
    2.938193111  -45.602058315
    2.947017598  -45.492198681
    2.955842085  -45.250894174
    2.964666571  -44.986221077
    2.973491058  -44.811269721
    2.982315545  -44.795830582
    2.991140032  -44.936577761
    2.999964519  -45.159216709
    3.008789005  -45.368763960
    3.017613492  -45.495039178
    3.026437979  -45.517262945
    3.035262466  -45.438968769
    3.044086952  -45.264619745
    3.052911439  -45.019820424
    3.061735926  -44.777926968
    3.070560413  -44.603622763
    3.079384899  -44.503676287
    3.088209386  -44.452229412
    3.097033873  -44.453625724
    3.105858360  -44.526418238
    3.114682847  -44.645004943
    3.123507333  -44.755138419
    3.132331820  -44.835895375
    3.141156307  -44.896548210
    3.149980794  -44.928770025
    3.158805280  -44.905269082
    3.167629767  -44.831144645
    3.176454254  -44.760174971
    3.185278741  -44.743351894
    3.194103228  -44.751365074
    3.202927714  -44.715733683
    3.211752201  -44.610128565
    3.220576688  -44.481863987
    3.229401175  -44.393867551
    3.238225661  -44.375987679
    3.247050148  -44.448221525
    3.255874635  -44.645601328
    3.264699122  -44.969246230
    3.273523608  -45.322196261
    3.282348095  -45.550972994
    3.291172582  -45.545236479
    3.299997069  -45.317296347
    3.308821556  -44.997517684
    3.317646042  -44.744889857
    3.326470529  -44.670085701
    3.335295016  -44.770084170
    3.344119503  -44.931021284
    3.352943989  -45.001116106
    3.361768476  -44.898277095
    3.370592963  -44.654383320
    3.379417450  -44.369329197
    3.388241937  -44.133281228
    3.397066423  -43.982623968
    3.405890910  -43.908386545
    3.414715397  -43.892817033
    3.423539884  -43.912813184
    3.432364370  -43.935742029
    3.441188857  -43.907229194
    3.450013344  -43.765982726
    3.458837831  -43.504172990
    3.467662317  -43.198185550
    3.476486804  -42.992447717
    3.485311291  -42.983618371
    3.494135778  -43.127265363
    3.502960265  -43.193694649
    3.511784751  -42.811918096
    3.520609238  -41.582081461
    3.529433725  -39.223126062
    3.538258212  -35.682710813
    3.547082698  -31.177621324
    3.555907185  -26.143708892
    3.564731672  -21.151690416
    3.573556159  -16.814220706
    3.582380646  -13.685982596
    3.591205132  -11.911061490
    3.600029619  -11.074263990
    3.608854106  -10.704032022
    3.617678593  -10.542093851
    3.626503079  -10.473433549
    3.635327566  -10.446357164
    3.644152053  -10.436228756
    3.652976540  -10.433217593
    3.661801026  -10.432302635
    3.670625513  -10.432240308
    3.679450000  -10.432240308
