#! FIELDS pp.proj projection
#! SET min_pp.proj 0.343794
#! SET max_pp.proj 3.67945
#! SET nbins_pp.proj  379
#! SET periodic_pp.proj false
    0.343794000  -10.432240308
    0.352618487  -10.432240308
    0.361442974  -10.432240308
    0.370267460  -10.432240308
    0.379091947  -10.432240308
    0.387916434  -10.432240308
    0.396740921  -10.432240308
    0.405565407  -10.432240308
    0.414389894  -10.432268521
    0.423214381  -10.432381158
    0.432038868  -10.432868286
    0.440863354  -10.434385817
    0.449687841  -10.438755887
    0.458512328  -10.449981321
    0.467336815  -10.476095412
    0.476161302  -10.531875646
    0.484985788  -10.644041451
    0.493810275  -10.860754883
    0.502634762  -11.265881611
    0.511459249  -11.983133081
    0.520283735  -13.132539042
    0.529108222  -14.750181903
    0.537932709  -16.787925918
    0.546757196  -19.187400882
    0.555581683  -21.895412441
    0.564406169  -24.817998613
    0.573230656  -27.791876924
    0.582055143  -30.605649963
    0.590879630  -33.053646623
    0.599704116  -34.999838599
    0.608528603  -36.437973687
    0.617353090  -37.502706600
    0.626177577  -38.411479075
    0.635002063  -39.347049425
    0.643826550  -40.380006805
    0.652651037  -41.483973541
    0.661475524  -42.612840644
    0.670300011  -43.764939062
    0.679124497  -44.999853978
    0.687948984  -46.384361482
    0.696773471  -47.902911983
    0.705597958  -49.434492593
    0.714422444  -50.835278295
    0.723246931  -52.050205392
    0.732071418  -53.130432284
    0.740895905  -54.146469102
    0.749720392  -55.091151654
    0.758544878  -55.864384718
    0.767369365  -56.338172058
    0.776193852  -56.461885313
    0.785018339  -56.349486514
    0.793842825  -56.746241597
    0.802667312  -59.301487966
    0.811491799  -62.988610944
    0.820316286  -66.321050991
    0.829140772  -69.102597942
    0.837965259  -71.436385258
    0.846789746  -73.429068498
    0.855614233  -75.149057839
    0.864438720  -76.645091185
    0.873263206  -77.976405027
    0.882087693  -79.205677366
    0.890912180  -80.366934923
    0.899736667  -81.429808564
    0.908561153  -82.304338297
    0.917385640  -82.910832682
    0.926210127  -83.267739920
    0.935034614  -83.498954082
    0.943859101  -83.750002898
    0.952683587  -84.074222419
    0.961508074  -84.376990387
    0.970332561  -84.473100272
    0.979157048  -84.225542051
    0.987981534  -83.635255177
    0.996806021  -82.818924081
    1.005630508  -81.880588018
    1.014454995  -80.821635909
    1.023279481  -79.552787123
    1.032103968  -78.006187592
    1.040928455  -76.201352761
    1.049752942  -74.228359536
    1.058577429  -72.155002745
    1.067401915  -70.007429759
    1.076226402  -67.912402337
    1.085050889  -66.412605786
    1.093875376  -66.220547317
    1.102699862  -66.981540467
    1.111524349  -67.949479393
    1.120348836  -68.800848392
    1.129173323  -69.474374607
    1.137997810  -70.009231805
    1.146822296  -70.459489663
    1.155646783  -70.825201469
    1.164471270  -71.065759297
    1.173295757  -71.135985529
    1.182120243  -71.027816116
    1.190944730  -70.754199647
    1.199769217  -70.343867431
    1.208593704  -69.842056458
    1.217418190  -69.316584499
    1.226242677  -68.850871195
    1.235067164  -68.519972025
    1.243891651  -68.343085640
    1.252716138  -68.281466117
    1.261540624  -68.256972693
    1.270365111  -68.171151325
    1.279189598  -67.944508990
    1.288014085  -67.536352829
    1.296838571  -66.955056770
    1.305663058  -66.265874831
    1.314487545  -65.558886324
    1.323312032  -64.899032697
    1.332136519  -64.299223619
    1.340961005  -63.740176038
    1.349785492  -63.215523000
    1.358609979  -62.749220047
    1.367434466  -62.375995318
    1.376258952  -62.147008205
    1.385083439  -62.108838631
    1.393907926  -62.250632621
    1.402732413  -62.514887280
    1.411556899  -62.852974742
    1.420381386  -63.242327498
    1.429205873  -63.650385190
    1.438030360  -64.018714168
    1.446854847  -64.278282120
    1.455679333  -64.394843494
    1.464503820  -64.413820930
    1.473328307  -64.440196448
    1.482152794  -64.576531158
    1.490977280  -64.875088008
    1.499801767  -65.349641498
    1.508626254  -66.002371530
    1.517450741  -66.803821619
    1.526275228  -67.669042695
    1.535099714  -68.490218469
    1.543924201  -69.182503975
    1.552748688  -69.713598886
    1.561573175  -70.090145866
    1.570397661  -70.354036745
    1.579222148  -70.551585310
    1.588046635  -70.701506480
    1.596871122  -70.769551121
    1.605695608  -70.723178807
    1.614520095  -70.575250351
    1.623344582  -70.369142672
    1.632169069  -70.131347019
    1.640993556  -69.868824706
    1.649818042  -69.587851927
    1.658642529  -69.265295845
    1.667467016  -68.857627348
    1.676291503  -68.341631832
    1.685115989  -67.745549772
    1.693940476  -67.131207886
    1.702764963  -66.585509803
    1.711589450  -66.196861400
    1.720413937  -66.035731333
    1.729238423  -66.152546625
    1.738062910  -66.561296605
    1.746887397  -67.239692111
    1.755711884  -68.128737781
    1.764536370  -69.170325168
    1.773360857  -70.327509238
    1.782185344  -71.564282341
    1.791009831  -72.814229657
    1.799834317  -73.977641586
    1.808658804  -74.916881213
    1.817483291  -75.537817391
    1.826307778  -75.875534886
    1.835132265  -76.088524742
    1.843956751  -76.333525241
    1.852781238  -76.642635782
    1.861605725  -76.914803085
    1.870430212  -76.999111456
    1.879254698  -76.813987387
    1.888079185  -76.399380810
    1.896903672  -75.890907663
    1.905728159  -75.434802593
    1.914552646  -75.100905238
    1.923377132  -74.852148233
    1.932201619  -74.587193749
    1.941026106  -74.232984294
    1.949850593  -73.802400688
    1.958675079  -73.379582033
    1.967499566  -73.054808721
    1.976324053  -72.857082893
    1.985148540  -72.754854024
    1.993973026  -72.691617424
    2.002797513  -72.629292629
    2.011622000  -72.544388224
    2.020446487  -72.403771129
    2.029270974  -72.152531774
    2.038095460  -71.753992278
    2.046919947  -71.240721076
    2.055744434  -70.720956233
    2.064568921  -70.319166219
    2.073393407  -70.081535777
    2.082217894  -69.943110395
    2.091042381  -69.778313029
    2.099866868  -69.479216658
    2.108691354  -69.030200427
    2.117515841  -68.523673430
    2.126340328  -68.089975204
    2.135164815  -67.835016340
    2.143989302  -67.792527704
    2.152813788  -67.910577321
    2.161638275  -68.064241644
    2.170462762  -68.117755430
    2.179287249  -68.015491314
    2.188111735  -67.826156426
    2.196936222  -67.689282884
    2.205760709  -67.712854392
    2.214585196  -67.895997814
    2.223409683  -68.135871438
    2.232234169  -68.293707593
    2.241058656  -68.283368487
    2.249883143  -68.118469636
    2.258707630  -67.899124938
    2.267532116  -67.740205000
    2.276356603  -67.699282414
    2.285181090  -67.762449129
    2.294005577  -67.881148479
    2.302830063  -68.007149276
    2.311654550  -68.097345034
    2.320479037  -68.124407434
    2.329303524  -68.084786689
    2.338128011  -68.005738878
    2.346952497  -67.924612250
    2.355776984  -67.857839610
    2.364601471  -67.792960356
    2.373425958  -67.708873672
    2.382250444  -67.618194809
    2.391074931  -67.562060852
    2.399899418  -67.571358902
    2.408723905  -67.627038981
    2.417548392  -67.684486716
    2.426372878  -67.716387307
    2.435197365  -67.724169143
    2.444021852  -67.711629605
    2.452846339  -67.672333998
    2.461670825  -67.594491370
    2.470495312  -67.475040230
    2.479319799  -67.323880268
    2.488144286  -67.159351774
    2.496968772  -67.017995775
    2.505793259  -66.942654219
    2.514617746  -66.953214059
    2.523442233  -67.025761811
    2.532266720  -67.093458007
    2.541091206  -67.089591448
    2.549915693  -67.007100599
    2.558740180  -66.905197264
    2.567564667  -66.851554155
    2.576389153  -66.846407514
    2.585213640  -66.814394687
    2.594038127  -66.676224755
    2.602862614  -66.434816676
    2.611687101  -66.183073086
    2.620511587  -66.016413416
    2.629336074  -65.950684507
    2.638160561  -65.930994778
    2.646985048  -65.915632135
    2.655809534  -65.920542952
    2.664634021  -65.970516090
    2.673458508  -66.039859796
    2.682282995  -66.065322600
    2.691107481  -66.010682543
    2.699931968  -65.890593045
    2.708756455  -65.756553411
    2.717580942  -65.661104933
    2.726405429  -65.633101930
    2.735229915  -65.661828469
    2.744054402  -65.684658967
    2.752878889  -65.649026963
    2.761703376  -65.562713855
    2.770527862  -65.487522747
    2.779352349  -65.477407426
    2.788176836  -65.538678616
    2.797001323  -65.642014157
    2.805825810  -65.773827485
    2.814650296  -65.933461406
    2.823474783  -66.114149225
    2.832299270  -66.285649457
    2.841123757  -66.400132840
    2.849948243  -66.386331149
    2.858772730  -66.179847113
    2.867597217  -65.788367177
    2.876421704  -65.326052873
    2.885246190  -64.953334264
    2.894070677  -64.788743775
    2.902895164  -64.847852985
    2.911719651  -65.050060395
    2.920544138  -65.255219374
    2.929368624  -65.336473657
    2.938193111  -65.237736707
    2.947017598  -64.986641552
    2.955842085  -64.654120278
    2.964666571  -64.325652814
    2.973491058  -64.094477621
    2.982315545  -64.041127266
    2.991140032  -64.194057814
    2.999964519  -64.503096629
    3.008789005  -64.861119022
    3.017613492  -65.144880046
    3.026437979  -65.278541984
    3.035262466  -65.269883127
    3.044086952  -65.196478054
    3.052911439  -65.141917850
    3.061735926  -65.159598890
    3.070560413  -65.258742741
    3.079384899  -65.417329749
    3.088209386  -65.592093729
    3.097033873  -65.746949787
    3.105858360  -65.862362066
    3.114682847  -65.928875098
    3.123507333  -65.965841466
    3.132331820  -66.014583230
    3.141156307  -66.096924247
    3.149980794  -66.181363487
    3.158805280  -66.198028057
    3.167629767  -66.094536525
    3.176454254  -65.879388314
    3.185278741  -65.628329370
    3.194103228  -65.425709019
    3.202927714  -65.317171989
    3.211752201  -65.282468662
    3.220576688  -65.270993400
    3.229401175  -65.248245664
    3.238225661  -65.214609728
    3.247050148  -65.187370601
    3.255874635  -65.187246492
    3.264699122  -65.236487889
    3.273523608  -65.331210953
    3.282348095  -65.433607656
    3.291172582  -65.487070281
    3.299997069  -65.459541792
    3.308821556  -65.371005969
    3.317646042  -65.280451624
    3.326470529  -65.248574493
    3.335295016  -65.273569772
    3.344119503  -65.279037566
    3.352943989  -65.180143426
    3.361768476  -64.975581460
    3.370592963  -64.748195558
    3.379417450  -64.597711967
    3.388241937  -64.571653614
    3.397066423  -64.643261790
    3.405890910  -64.738841954
    3.414715397  -64.810856961
    3.423539884  -64.856819567
    3.432364370  -64.889997633
    3.441188857  -64.897810039
    3.450013344  -64.837494985
    3.458837831  -64.687895911
    3.467662317  -64.470118387
    3.476486804  -64.260345074
    3.485311291  -64.120923712
    3.494135778  -64.033109224
    3.502960265  -63.836988182
    3.511784751  -63.265767837
    3.520609238  -62.050486585
    3.529433725  -60.016115805
    3.538258212  -57.081243382
    3.547082698  -53.217645528
    3.555907185  -48.421598756
    3.564731672  -42.769858844
    3.573556159  -36.490564889
    3.582380646  -29.984920468
    3.591205132  -23.769710381
    3.600029619  -18.409269111
    3.608854106  -14.466212128
    3.617678593  -12.200173962
    3.626503079  -11.165734148
    3.635327566  -10.732725489
    3.644152053  -10.551047261
    3.652976540  -10.476246415
    3.661801026  -10.446890608
    3.670625513  -10.436563598
    3.679450000  -10.433260834
