#! FIELDS pp.proj projection
#! SET min_pp.proj 0.343794
#! SET max_pp.proj 3.67945
#! SET nbins_pp.proj  379
#! SET periodic_pp.proj false
    0.343794000  -10.432240308
    0.352618487  -10.432240308
    0.361442974  -10.432240308
    0.370267460  -10.432240308
    0.379091947  -10.432240308
    0.387916434  -10.432240308
    0.396740921  -10.432240308
    0.405565407  -10.432240308
    0.414389894  -10.432268521
    0.423214381  -10.432381158
    0.432038868  -10.432868286
    0.440863354  -10.434385817
    0.449687841  -10.438755887
    0.458512328  -10.449981321
    0.467336815  -10.476095412
    0.476161302  -10.531875646
    0.484985788  -10.644041451
    0.493810275  -10.860754883
    0.502634762  -11.265881611
    0.511459249  -11.983133081
    0.520283735  -13.132539042
    0.529108222  -14.750181903
    0.537932709  -16.787925918
    0.546757196  -19.187400882
    0.555581683  -21.895412441
    0.564406169  -24.817998613
    0.573230656  -27.791876924
    0.582055143  -30.605649963
    0.590879630  -33.053646623
    0.599704116  -34.999838599
    0.608528603  -36.437973687
    0.617353090  -37.502706600
    0.626177577  -38.411479075
    0.635002063  -39.347049425
    0.643826550  -40.380006805
    0.652651037  -41.483973541
    0.661475524  -42.612840644
    0.670300011  -43.764939062
    0.679124497  -44.999853978
    0.687948984  -46.384361482
    0.696773471  -47.902911983
    0.705597958  -49.434492593
    0.714422444  -50.835278295
    0.723246931  -52.050205392
    0.732071418  -53.130432284
    0.740895905  -54.146469102
    0.749720392  -55.091151654
    0.758544878  -55.864384718
    0.767369365  -56.338172058
    0.776193852  -56.461885313
    0.785018339  -56.349486514
    0.793842825  -56.746241597
    0.802667312  -59.301487966
    0.811491799  -62.988610944
    0.820316286  -66.321050991
    0.829140772  -69.102597942
    0.837965259  -71.436385258
    0.846789746  -73.429068498
    0.855614233  -75.149057839
    0.864438720  -76.645091185
    0.873263206  -77.976405027
    0.882087693  -79.205677366
    0.890912180  -80.366934923
    0.899736667  -81.429808564
    0.908561153  -82.304338063
    0.917385640  -82.910831836
    0.926210127  -83.267737181
    0.935034614  -83.498946103
    0.943859101  -83.749981880
    0.952683587  -84.074172032
    0.961508074  -84.376880356
    0.970332561  -84.472882533
    0.979157048  -84.225154756
    0.987981534  -83.634638586
    0.996806021  -82.818040593
    1.005630508  -81.879426638
    1.014454995  -80.820169357
    1.023279481  -79.550759527
    1.032103968  -78.002867420
    1.040928455  -76.194573047
    1.049752942  -74.212028535
    1.058577429  -72.110735430
    1.067401915  -69.873829666
    1.076226402  -67.464429973
    1.085050889  -64.923014056
    1.093875376  -62.456236448
    1.102699862  -60.403147617
    1.111524349  -59.035012456
    1.120348836  -58.336853989
    1.129173323  -58.086285932
    1.137997810  -58.067337030
    1.146822296  -58.137353746
    1.155646783  -58.213838271
    1.164471270  -58.264785565
    1.173295757  -58.256697180
    1.182120243  -58.140589194
    1.190944730  -57.880313059
    1.199769217  -57.483550964
    1.208593704  -56.996412640
    1.217418190  -56.482663844
    1.226242677  -56.005208544
    1.235067164  -55.623914025
    1.243891651  -55.386886621
    1.252716138  -55.309949884
    1.261540624  -55.361374963
    1.270365111  -55.464813792
    1.279189598  -55.543339052
    1.288014085  -55.556553724
    1.296838571  -55.516373846
    1.305663058  -55.471418456
    1.314487545  -55.469114503
    1.323312032  -55.534875373
    1.332136519  -55.665906496
    1.340961005  -55.836536986
    1.349785492  -56.007178328
    1.358609979  -56.136266823
    1.367434466  -56.200844556
    1.376258952  -56.243450552
    1.385083439  -56.363832439
    1.393907926  -56.621917558
    1.402732413  -56.971371504
    1.411556899  -57.292796525
    1.420381386  -57.478500471
    1.429205873  -57.497450003
    1.438030360  -57.392091196
    1.446854847  -57.211269856
    1.455679333  -56.985705325
    1.464503820  -56.759371878
    1.473328307  -56.583703533
    1.482152794  -56.475533318
    1.490977280  -56.408360888
    1.499801767  -56.334221692
    1.508626254  -56.229727541
    1.517450741  -56.121313479
    1.526275228  -56.049322705
    1.535099714  -56.014235289
    1.543924201  -55.960738345
    1.552748688  -55.820485394
    1.561573175  -55.555826706
    1.570397661  -55.197374804
    1.579222148  -54.809152172
    1.588046635  -54.431734381
    1.596871122  -54.082249347
    1.605695608  -53.822760294
    1.614520095  -53.753911725
    1.623344582  -53.913683302
    1.632169069  -54.240499762
    1.640993556  -54.639283781
    1.649818042  -55.047682189
    1.658642529  -55.434998090
    1.667467016  -55.797263387
    1.676291503  -56.129898825
    1.685115989  -56.442945329
    1.693940476  -56.745739298
    1.702764963  -57.026544643
    1.711589450  -57.254323296
    1.720413937  -57.423396396
    1.729238423  -57.573664683
    1.738062910  -57.734424141
    1.746887397  -57.907984614
    1.755711884  -58.079270437
    1.764536370  -58.254726935
    1.773360857  -58.479375437
    1.782185344  -58.795127518
    1.791009831  -59.180266944
    1.799834317  -59.530075949
    1.808658804  -59.694742359
    1.817483291  -59.603173153
    1.826307778  -59.343928898
    1.835132265  -59.117187664
    1.843956751  -59.084373150
    1.852781238  -59.242131110
    1.861605725  -59.429522855
    1.870430212  -59.448171469
    1.879254698  -59.223965961
    1.888079185  -58.857918999
    1.896903672  -58.555757734
    1.905728159  -58.491619846
    1.914552646  -58.708641442
    1.923377132  -59.119496226
    1.932201619  -59.584475855
    1.941026106  -60.001087920
    1.949850593  -60.338798495
    1.958675079  -60.623648896
    1.967499566  -60.895608869
    1.976324053  -61.177475802
    1.985148540  -61.479977912
    1.993973026  -61.805623396
    2.002797513  -62.136179781
    2.011622000  -62.418368292
    2.020446487  -62.568858786
    2.029270974  -62.498386196
    2.038095460  -62.160314192
    2.046919947  -61.591192868
    2.055744434  -60.914436312
    2.064568921  -60.295369350
    2.073393407  -59.837939436
    2.082217894  -59.524133535
    2.091042381  -59.239901032
    2.099866868  -58.860118107
    2.108691354  -58.343816326
    2.117515841  -57.767171986
    2.126340328  -57.259850190
    2.135164815  -56.935697682
    2.143989302  -56.820785200
    2.152813788  -56.835328878
    2.161638275  -56.824038529
    2.170462762  -56.653724133
    2.179287249  -56.313732446
    2.188111735  -55.928837576
    2.196936222  -55.656632756
    2.205760709  -55.566763025
    2.214585196  -55.574939907
    2.223409683  -55.497628450
    2.232234169  -55.190857692
    2.241058656  -54.674194578
    2.249883143  -54.127906088
    2.258707630  -53.773401406
    2.267532116  -53.722902313
    2.276356603  -53.918459681
    2.285181090  -54.186431110
    2.294005577  -54.345919792
    2.302830063  -54.297937743
    2.311654550  -54.047942906
    2.320479037  -53.680850760
    2.329303524  -53.292025746
    2.338128011  -52.959002925
    2.346952497  -52.729270126
    2.355776984  -52.602830578
    2.364601471  -52.528316820
    2.373425958  -52.438945709
    2.382250444  -52.306589117
    2.391074931  -52.141113942
    2.399899418  -51.975700865
    2.408723905  -51.836103775
    2.417548392  -51.728855015
    2.426372878  -51.644612422
    2.435197365  -51.570873213
    2.444021852  -51.495972088
    2.452846339  -51.418863663
    2.461670825  -51.349535646
    2.470495312  -51.296634597
    2.479319799  -51.257754757
    2.488144286  -51.215841872
    2.496968772  -51.162424212
    2.505793259  -51.110883896
    2.514617746  -51.081749747
    2.523442233  -51.084298164
    2.532266720  -51.097466088
    2.541091206  -51.078881269
    2.549915693  -50.995520770
    2.558740180  -50.840412301
    2.567564667  -50.637330001
    2.576389153  -50.410759342
    2.585213640  -50.154739275
    2.594038127  -49.851008971
    2.602862614  -49.522982156
    2.611687101  -49.255739814
    2.620511587  -49.134735784
    2.629336074  -49.167454899
    2.638160561  -49.272998034
    2.646985048  -49.375097644
    2.655809534  -49.471011859
    2.664634021  -49.590675036
    2.673458508  -49.716152570
    2.682282995  -49.767907731
    2.691107481  -49.670226034
    2.699931968  -49.422717541
    2.708756455  -49.130451163
    2.717580942  -48.936118681
    2.726405429  -48.922179731
    2.735229915  -49.074390855
    2.744054402  -49.278532720
    2.752878889  -49.388945524
    2.761703376  -49.314562671
    2.770527862  -49.070916663
    2.779352349  -48.738908157
    2.788176836  -48.402508365
    2.797001323  -48.118703087
    2.805825810  -47.933740149
    2.814650296  -47.872603142
    2.823474783  -47.931978087
    2.832299270  -48.079895375
    2.841123757  -48.273407937
    2.849948243  -48.439752925
    2.858772730  -48.487436970
    2.867597217  -48.371611989
    2.876421704  -48.158769288
    2.885246190  -47.994861458
    2.894070677  -48.015013559
    2.902895164  -48.265515023
    2.911719651  -48.695325343
    2.920544138  -49.179651950
    2.929368624  -49.584686120
    2.938193111  -49.820076754
    2.947017598  -49.865404542
    2.955842085  -49.746063102
    2.964666571  -49.515207849
    2.973491058  -49.251235359
    2.982315545  -49.035245690
    2.991140032  -48.907983359
    2.999964519  -48.852777046
    3.008789005  -48.828036978
    3.017613492  -48.806464561
    3.026437979  -48.798459688
    3.035262466  -48.827621350
    3.044086952  -48.892643188
    3.052911439  -48.969361277
    3.061735926  -49.054907273
    3.070560413  -49.152190736
    3.079384899  -49.220929781
    3.088209386  -49.197970553
    3.097033873  -49.077657465
    3.105858360  -48.911029693
    3.114682847  -48.739501872
    3.123507333  -48.596087186
    3.132331820  -48.541226342
    3.141156307  -48.629051441
    3.149980794  -48.840600230
    3.158805280  -49.081116515
    3.167629767  -49.256052207
    3.176454254  -49.335485065
    3.185278741  -49.356563417
    3.194103228  -49.367333265
    3.202927714  -49.408393920
    3.211752201  -49.498633393
    3.220576688  -49.639793909
    3.229401175  -49.811663954
    3.238225661  -49.991153341
    3.247050148  -50.184408507
    3.255874635  -50.425505865
    3.264699122  -50.721388025
    3.273523608  -50.999386555
    3.282348095  -51.149168226
    3.291172582  -51.101841681
    3.299997069  -50.880738542
    3.308821556  -50.586095269
    3.317646042  -50.333824605
    3.326470529  -50.219174480
    3.335295016  -50.265848643
    3.344119503  -50.404174673
    3.352943989  -50.512878310
    3.361768476  -50.513927392
    3.370592963  -50.424533460
    3.379417450  -50.326392658
    3.388241937  -50.278774784
    3.397066423  -50.268059130
    3.405890910  -50.250799782
    3.414715397  -50.229056895
    3.423539884  -50.245130352
    3.432364370  -50.325151513
    3.441188857  -50.432564732
    3.450013344  -50.479497016
    3.458837831  -50.405470256
    3.467662317  -50.227671594
    3.476486804  -50.050832478
    3.485311291  -49.966849467
    3.494135778  -49.959351386
    3.502960265  -49.841304268
    3.511784751  -49.298171930
    3.520609238  -47.994978983
    3.529433725  -45.689926584
    3.538258212  -42.293709526
    3.547082698  -37.897710454
    3.555907185  -32.766857253
    3.564731672  -27.320263174
    3.573556159  -22.064219782
    3.582380646  -17.524481314
    3.591205132  -14.175826441
    3.600029619  -12.192693570
    3.608854106  -11.223693406
    3.617678593  -10.784806856
    3.626503079  -10.586792206
    3.635327566  -10.497796719
    3.644152053  -10.458120663
    3.652976540  -10.441751482
    3.661801026  -10.435316062
    3.670625513  -10.433140599
    3.679450000  -10.432492759
