#! FIELDS pp.proj projection
#! SET min_pp.proj 0.343794
#! SET max_pp.proj 3.67945
#! SET nbins_pp.proj  379
#! SET periodic_pp.proj false
    0.343794000  -10.432240308
    0.352618487  -10.432240308
    0.361442974  -10.432240308
    0.370267460  -10.432240308
    0.379091947  -10.432240308
    0.387916434  -10.432240308
    0.396740921  -10.432240308
    0.405565407  -10.432240308
    0.414389894  -10.432240308
    0.423214381  -10.432240308
    0.432038868  -10.432240308
    0.440863354  -10.432240308
    0.449687841  -10.432240308
    0.458512328  -10.432240308
    0.467336815  -10.432240308
    0.476161302  -10.432240308
    0.484985788  -10.432240308
    0.493810275  -10.432240308
    0.502634762  -10.432240308
    0.511459249  -10.432240308
    0.520283735  -10.432240308
    0.529108222  -10.432240308
    0.537932709  -10.432240308
    0.546757196  -10.432240308
    0.555581683  -10.432240308
    0.564406169  -10.432240308
    0.573230656  -10.432240308
    0.582055143  -10.432240308
    0.590879630  -10.432240308
    0.599704116  -10.432240308
    0.608528603  -10.432240308
    0.617353090  -10.432240308
    0.626177577  -10.432240308
    0.635002063  -10.432240308
    0.643826550  -10.432240308
    0.652651037  -10.432240308
    0.661475524  -10.432240308
    0.670300011  -10.432335249
    0.679124497  -10.432771246
    0.687948984  -10.434314706
    0.696773471  -10.439035904
    0.705597958  -10.452149850
    0.714422444  -10.485110351
    0.723246931  -10.561949249
    0.732071418  -10.734024066
    0.740895905  -11.116858711
    0.749720392  -11.957624454
    0.758544878  -13.612761467
    0.767369365  -16.175120399
    0.776193852  -19.234870151
    0.785018339  -22.302205082
    0.793842825  -25.122227846
    0.802667312  -27.654350134
    0.811491799  -29.944207611
    0.820316286  -32.014380337
    0.829140772  -33.836287393
    0.837965259  -35.367923923
    0.846789746  -36.590954639
    0.855614233  -37.514008766
    0.864438720  -38.165046195
    0.873263206  -38.594727134
    0.882087693  -38.885030706
    0.890912180  -39.114788912
    0.899736667  -39.296626544
    0.908561153  -39.348565280
    0.917385640  -39.155421551
    0.926210127  -38.692367667
    0.935034614  -38.075326539
    0.943859101  -37.486307368
    0.952683587  -37.015975946
    0.961508074  -36.595746433
    0.970332561  -36.057344438
    0.979157048  -35.316474487
    0.987981534  -34.464321716
    0.996806021  -33.688976571
    1.005630508  -33.130484936
    1.014454995  -32.817009470
    1.023279481  -32.660894142
    1.032103968  -32.494728518
    1.040928455  -32.127637787
    1.049752942  -31.435243886
    1.058577429  -30.403065295
    1.067401915  -29.076353977
    1.076226402  -27.518847155
    1.085050889  -25.838277053
    1.093875376  -24.208658168
    1.102699862  -22.811466563
    1.111524349  -21.786088822
    1.120348836  -21.257127289
    1.129173323  -21.356260112
    1.137997810  -22.140414326
    1.146822296  -23.466522578
    1.155646783  -25.016655419
    1.164471270  -26.472271966
    1.173295757  -27.652595323
    1.182120243  -28.582321512
    1.190944730  -29.475001079
    1.199769217  -30.658035791
    1.208593704  -32.371600761
    1.217418190  -34.530696873
    1.226242677  -36.758733657
    1.235067164  -38.703808128
    1.243891651  -40.214742469
    1.252716138  -41.308734954
    1.261540624  -42.086274002
    1.270365111  -42.650339558
    1.279189598  -43.071215850
    1.288014085  -43.390337791
    1.296838571  -43.620736147
    1.305663058  -43.737019607
    1.314487545  -43.678679228
    1.323312032  -43.397295892
    1.332136519  -42.896044962
    1.340961005  -42.239737787
    1.349785492  -41.507324717
    1.358609979  -40.748311656
    1.367434466  -39.976177784
    1.376258952  -39.214622435
    1.385083439  -38.535548753
    1.393907926  -38.035188722
    1.402732413  -37.773804942
    1.411556899  -37.745370840
    1.420381386  -37.899829629
    1.429205873  -38.180936927
    1.438030360  -38.533726463
    1.446854847  -38.898461403
    1.455679333  -39.233535427
    1.464503820  -39.565244568
    1.473328307  -39.982121349
    1.482152794  -40.536419797
    1.490977280  -41.182366126
    1.499801767  -41.807808870
    1.508626254  -42.337114383
    1.517450741  -42.804611504
    1.526275228  -43.310294979
    1.535099714  -43.916579762
    1.543924201  -44.579860330
    1.552748688  -45.171508105
    1.561573175  -45.554483578
    1.570397661  -45.688488296
    1.579222148  -45.657821895
    1.588046635  -45.604667806
    1.596871122  -45.643875864
    1.605695608  -45.831684602
    1.614520095  -46.154293897
    1.623344582  -46.520272528
    1.632169069  -46.804506921
    1.640993556  -46.926843311
    1.649818042  -46.879856376
    1.658642529  -46.679300606
    1.667467016  -46.341430654
    1.676291503  -45.910021209
    1.685115989  -45.475216777
    1.693940476  -45.126179997
    1.702764963  -44.896858482
    1.711589450  -44.769959073
    1.720413937  -44.739763075
    1.729238423  -44.864147214
    1.738062910  -45.225316148
    1.746887397  -45.895145544
    1.755711884  -46.901510669
    1.764536370  -48.215372324
    1.773360857  -49.757513092
    1.782185344  -51.428998350
    1.791009831  -53.088576938
    1.799834317  -54.543571913
    1.808658804  -55.595663278
    1.817483291  -56.169891563
    1.826307778  -56.381455871
    1.835132265  -56.466909013
    1.843956751  -56.611648700
    1.852781238  -56.811610419
    1.861605725  -56.879872039
    1.870430212  -56.588254061
    1.879254698  -55.847164149
    1.888079185  -54.765584906
    1.896903672  -53.589627970
    1.905728159  -52.565374364
    1.914552646  -51.818387931
    1.923377132  -51.308707483
    1.932201619  -50.877220815
    1.941026106  -50.367246115
    1.949850593  -49.735199700
    1.958675079  -49.076864281
    1.967499566  -48.551038490
    1.976324053  -48.290534244
    1.985148540  -48.372935650
    1.993973026  -48.790666236
    2.002797513  -49.431115014
    2.011622000  -50.125180379
    2.020446487  -50.717830271
    2.029270974  -51.110130647
    2.038095460  -51.281976779
    2.046919947  -51.297667352
    2.055744434  -51.271280233
    2.064568921  -51.308996575
    2.073393407  -51.431371636
    2.082217894  -51.556723234
    2.091042381  -51.555003947
    2.099866868  -51.325686276
    2.108691354  -50.867214158
    2.117515841  -50.287368560
    2.126340328  -49.717225916
    2.135164815  -49.244241461
    2.143989302  -48.866016615
    2.152813788  -48.503269134
    2.161638275  -48.036442312
    2.170462762  -47.396382914
    2.179287249  -46.651240225
    2.188111735  -46.004056918
    2.196936222  -45.658239443
    2.205760709  -45.663712186
    2.214585196  -45.852171006
    2.223409683  -45.929261461
    2.232234169  -45.658903050
    2.241058656  -45.011798539
    2.249883143  -44.169715677
    2.258707630  -43.408132930
    2.267532116  -42.923161847
    2.276356603  -42.720559139
    2.285181090  -42.626419981
    2.294005577  -42.414582283
    2.302830063  -41.959434415
    2.311654550  -41.287392329
    2.320479037  -40.521039988
    2.329303524  -39.756883666
    2.338128011  -39.023892222
    2.346952497  -38.313101612
    2.355776984  -37.634233509
    2.364601471  -37.035187085
    2.373425958  -36.593413002
    2.382250444  -36.383563927
    2.391074931  -36.418944914
    2.399899418  -36.637077992
    2.408723905  -36.910551570
    2.417548392  -37.089890719
    2.426372878  -37.058438419
    2.435197365  -36.784300052
    2.444021852  -36.324095022
    2.452846339  -35.790191829
    2.461670825  -35.298691996
    2.470495312  -34.917947780
    2.479319799  -34.651863958
    2.488144286  -34.443883103
    2.496968772  -34.224378484
    2.505793259  -33.958638215
    2.514617746  -33.648638241
    2.523442233  -33.314509827
    2.532266720  -32.977637596
    2.541091206  -32.667988631
    2.549915693  -32.421386864
    2.558740180  -32.258060993
    2.567564667  -32.174469580
    2.576389153  -32.136589909
    2.585213640  -32.094292808
    2.594038127  -32.025997461
    2.602862614  -31.971879613
    2.611687101  -32.007175479
    2.620511587  -32.161234895
    2.629336074  -32.387097720
    2.638160561  -32.602182079
    2.646985048  -32.748660533
    2.655809534  -32.803880286
    2.664634021  -32.768807016
    2.673458508  -32.656328837
    2.682282995  -32.484116965
    2.691107481  -32.287589722
    2.699931968  -32.125370069
    2.708756455  -32.058412724
    2.717580942  -32.102666543
    2.726405429  -32.220613493
    2.735229915  -32.371438317
    2.744054402  -32.542935562
    2.752878889  -32.741100237
    2.761703376  -32.935357979
    2.770527862  -33.071557575
    2.779352349  -33.120541717
    2.788176836  -33.082425092
    2.797001323  -32.976292108
    2.805825810  -32.844468295
    2.814650296  -32.744766000
    2.823474783  -32.729253374
    2.832299270  -32.813712283
    2.841123757  -32.961902052
    2.849948243  -33.072563190
    2.858772730  -33.032433215
    2.867597217  -32.807122272
    2.876421704  -32.478518439
    2.885246190  -32.197074451
    2.894070677  -32.088242901
    2.902895164  -32.191083177
    2.911719651  -32.444081350
    2.920544138  -32.702764234
    2.929368624  -32.803987518
    2.938193111  -32.640990999
    2.947017598  -32.220106367
    2.955842085  -31.669074463
    2.964666571  -31.177334766
    2.973491058  -30.903991122
    2.982315545  -30.901657301
    2.991140032  -31.088469983
    2.999964519  -31.290378427
    3.008789005  -31.357335225
    3.017613492  -31.265447343
    3.026437979  -31.109198191
    3.035262466  -30.984105852
    3.044086952  -30.929093482
    3.052911439  -30.969857566
    3.061735926  -31.125122952
    3.070560413  -31.335832826
    3.079384899  -31.502623878
    3.088209386  -31.613423432
    3.097033873  -31.760194681
    3.105858360  -31.959613071
    3.114682847  -32.065686517
    3.123507333  -31.963760034
    3.132331820  -31.720737607
    3.141156307  -31.471737570
    3.149980794  -31.275749876
    3.158805280  -31.112818290
    3.167629767  -30.968339550
    3.176454254  -30.859282270
    3.185278741  -30.816956720
    3.194103228  -30.824681144
    3.202927714  -30.821956692
    3.211752201  -30.758659938
    3.220576688  -30.666528995
    3.229401175  -30.631610423
    3.238225661  -30.711174349
    3.247050148  -30.915231911
    3.255874635  -31.256841017
    3.264699122  -31.716772277
    3.273523608  -32.148225827
    3.282348095  -32.316565133
    3.291172582  -32.056377119
    3.299997069  -31.413283765
    3.308821556  -30.639195818
    3.317646042  -30.021677834
    3.326470529  -29.716116879
    3.335295016  -29.688628641
    3.344119503  -29.797024910
    3.352943989  -29.885565751
    3.361768476  -29.863780513
    3.370592963  -29.734660879
    3.379417450  -29.575777268
    3.388241937  -29.476567392
    3.397066423  -29.474932399
    3.405890910  -29.541680692
    3.414715397  -29.640260643
    3.423539884  -29.746933267
    3.432364370  -29.835255807
    3.441188857  -29.858040016
    3.450013344  -29.773556048
    3.458837831  -29.603465774
    3.467662317  -29.426447041
    3.476486804  -29.336435181
    3.485311291  -29.347203619
    3.494135778  -29.339140987
    3.502960265  -29.063131007
    3.511784751  -28.222631363
    3.520609238  -26.605631397
    3.529433725  -24.205490184
    3.538258212  -21.248137554
    3.547082698  -18.129287038
    3.555907185  -15.306583241
    3.564731672  -13.170013437
    3.573556159  -11.836517550
    3.582380646  -11.118808367
    3.591205132  -10.757606090
    3.600029619  -10.580497393
    3.608854106  -10.496047189
    3.617678593  -10.457504702
    3.626503079  -10.441276500
    3.635327566  -10.435255754
    3.644152053  -10.432970562
    3.652976540  -10.432444469
    3.661801026  -10.432240308
    3.670625513  -10.432240308
    3.679450000  -10.432240308
