#! FIELDS pp.proj projection
#! SET min_pp.proj 0.343794
#! SET max_pp.proj 3.67945
#! SET nbins_pp.proj  379
#! SET periodic_pp.proj false
    0.343794000  -10.432240308
    0.352618487  -10.432240308
    0.361442974  -10.432240308
    0.370267460  -10.432240308
    0.379091947  -10.432240308
    0.387916434  -10.432240308
    0.396740921  -10.432240308
    0.405565407  -10.432240308
    0.414389894  -10.432268521
    0.423214381  -10.432381158
    0.432038868  -10.432868286
    0.440863354  -10.434385817
    0.449687841  -10.438755887
    0.458512328  -10.449981321
    0.467336815  -10.476095412
    0.476161302  -10.531875646
    0.484985788  -10.644041451
    0.493810275  -10.860754883
    0.502634762  -11.265881611
    0.511459249  -11.983133081
    0.520283735  -13.132539042
    0.529108222  -14.750181903
    0.537932709  -16.787925918
    0.546757196  -19.187400882
    0.555581683  -21.895412441
    0.564406169  -24.817998613
    0.573230656  -27.791876924
    0.582055143  -30.605649963
    0.590879630  -33.053646623
    0.599704116  -34.999838599
    0.608528603  -36.437973687
    0.617353090  -37.502706600
    0.626177577  -38.411479075
    0.635002063  -39.347049425
    0.643826550  -40.380006805
    0.652651037  -41.483973541
    0.661475524  -42.612840644
    0.670300011  -43.764939062
    0.679124497  -44.999853978
    0.687948984  -46.384361482
    0.696773471  -47.902911983
    0.705597958  -49.434492593
    0.714422444  -50.835278295
    0.723246931  -52.050205392
    0.732071418  -53.130432284
    0.740895905  -54.146469102
    0.749720392  -55.091151654
    0.758544878  -55.864384718
    0.767369365  -56.338172058
    0.776193852  -56.461885313
    0.785018339  -56.349486514
    0.793842825  -56.746241597
    0.802667312  -59.301487966
    0.811491799  -62.988610944
    0.820316286  -66.321050991
    0.829140772  -69.102597942
    0.837965259  -71.436385258
    0.846789746  -73.429068498
    0.855614233  -75.149057839
    0.864438720  -76.645091185
    0.873263206  -77.976405027
    0.882087693  -79.205677366
    0.890912180  -80.366934923
    0.899736667  -81.429808564
    0.908561153  -82.304338297
    0.917385640  -82.910832682
    0.926210127  -83.267739920
    0.935034614  -83.498954082
    0.943859101  -83.750002898
    0.952683587  -84.074222419
    0.961508074  -84.376990387
    0.970332561  -84.473100272
    0.979157048  -84.225542051
    0.987981534  -83.635255177
    0.996806021  -82.818924081
    1.005630508  -81.880588018
    1.014454995  -80.821635909
    1.023279481  -79.552787123
    1.032103968  -78.006187592
    1.040928455  -76.201352761
    1.049752942  -74.228359536
    1.058577429  -72.155002745
    1.067401915  -70.007429759
    1.076226402  -67.912402337
    1.085050889  -66.412605786
    1.093875376  -66.220547317
    1.102699862  -66.981540467
    1.111524349  -67.949479393
    1.120348836  -68.800848392
    1.129173323  -69.474374607
    1.137997810  -70.009231805
    1.146822296  -70.459489663
    1.155646783  -70.825201469
    1.164471270  -71.065759297
    1.173295757  -71.135985529
    1.182120243  -71.027816116
    1.190944730  -70.754199647
    1.199769217  -70.343867431
    1.208593704  -69.842056458
    1.217418190  -69.316584499
    1.226242677  -68.850871195
    1.235067164  -68.519972025
    1.243891651  -68.343085640
    1.252716138  -68.281466117
    1.261540624  -68.256972693
    1.270365111  -68.171151325
    1.279189598  -67.944508990
    1.288014085  -67.536352829
    1.296838571  -66.955056770
    1.305663058  -66.265874831
    1.314487545  -65.558886324
    1.323312032  -64.899032697
    1.332136519  -64.299223619
    1.340961005  -63.740176038
    1.349785492  -63.215523000
    1.358609979  -62.749220047
    1.367434466  -62.375995318
    1.376258952  -62.147008205
    1.385083439  -62.108838631
    1.393907926  -62.250632621
    1.402732413  -62.514887280
    1.411556899  -62.852974742
    1.420381386  -63.242327498
    1.429205873  -63.650385190
    1.438030360  -64.018714168
    1.446854847  -64.278282120
    1.455679333  -64.394843494
    1.464503820  -64.413820930
    1.473328307  -64.440196448
    1.482152794  -64.576531158
    1.490977280  -64.875088008
    1.499801767  -65.349641498
    1.508626254  -66.002371530
    1.517450741  -66.803821619
    1.526275228  -67.669042695
    1.535099714  -68.490218469
    1.543924201  -69.182503975
    1.552748688  -69.713598886
    1.561573175  -70.090145866
    1.570397661  -70.354036745
    1.579222148  -70.551585310
    1.588046635  -70.701506480
    1.596871122  -70.769551121
    1.605695608  -70.723178807
    1.614520095  -70.575250351
    1.623344582  -70.369142672
    1.632169069  -70.131347019
    1.640993556  -69.868824706
    1.649818042  -69.587851927
    1.658642529  -69.265295845
    1.667467016  -68.857627348
    1.676291503  -68.341631832
    1.685115989  -67.745549772
    1.693940476  -67.131207886
    1.702764963  -66.585509803
    1.711589450  -66.196861400
    1.720413937  -66.035731333
    1.729238423  -66.152546625
    1.738062910  -66.561296605
    1.746887397  -67.239692111
    1.755711884  -68.128737781
    1.764536370  -69.170325168
    1.773360857  -70.327509238
    1.782185344  -71.564282341
    1.791009831  -72.814229657
    1.799834317  -73.977641586
    1.808658804  -74.916881213
    1.817483291  -75.537817391
    1.826307778  -75.875534886
    1.835132265  -76.088524742
    1.843956751  -76.333485940
    1.852781238  -76.642460950
    1.861605725  -76.914151045
    1.870430212  -76.997113747
    1.879254698  -76.808585433
    1.888079185  -76.386544693
    1.896903672  -75.864193024
    1.905728159  -75.386097755
    1.914552646  -75.022522000
    1.923377132  -74.738515290
    1.932201619  -74.435560412
    1.941026106  -74.044980167
    1.949850593  -73.586371007
    1.958675079  -73.149996282
    1.967499566  -72.825839631
    1.976324053  -72.634739020
    1.985148540  -72.534740199
    1.993973026  -72.462703269
    2.002797513  -72.379747967
    2.011622000  -72.264711593
    2.020446487  -72.086259413
    2.029270974  -71.788660240
    2.038095460  -71.330735454
    2.046919947  -70.738410716
    2.055744434  -70.111913169
    2.064568921  -69.569967693
    2.073393407  -69.159601154
    2.082217894  -68.823478197
    2.091042381  -68.444785012
    2.099866868  -67.922435596
    2.108691354  -67.245995136
    2.117515841  -66.513615840
    2.126340328  -65.864264237
    2.135164815  -65.412214389
    2.143989302  -65.191030472
    2.152813788  -65.137471005
    2.161638275  -65.109428736
    2.170462762  -64.960539518
    2.179287249  -64.639487255
    2.188111735  -64.230102964
    2.196936222  -63.880839170
    2.205760709  -63.702625956
    2.214585196  -63.712164209
    2.223409683  -63.835581423
    2.232234169  -63.941883074
    2.241058656  -63.927793365
    2.249883143  -63.783092261
    2.258707630  -63.587737895
    2.267532116  -63.440119182
    2.276356603  -63.385843364
    2.285181090  -63.404852099
    2.294005577  -63.447654502
    2.302830063  -63.464030499
    2.311654550  -63.413181274
    2.320479037  -63.285089178
    2.329303524  -63.108411760
    2.338128011  -62.939800908
    2.346952497  -62.831332932
    2.355776984  -62.800364876
    2.364601471  -62.829041345
    2.373425958  -62.881293955
    2.382250444  -62.939204615
    2.391074931  -63.008190369
    2.399899418  -63.096120143
    2.408723905  -63.181606336
    2.417548392  -63.237642251
    2.426372878  -63.260956103
    2.435197365  -63.271878512
    2.444021852  -63.279168864
    2.452846339  -63.273430652
    2.461670825  -63.247984886
    2.470495312  -63.211899070
    2.479319799  -63.181768925
    2.488144286  -63.174096418
    2.496968772  -63.216360135
    2.505793259  -63.331735802
    2.514617746  -63.512038943
    2.523442233  -63.714293795
    2.532266720  -63.873942173
    2.541091206  -63.938888486
    2.549915693  -63.910024565
    2.558740180  -63.842779974
    2.567564667  -63.805510456
    2.576389153  -63.811207061
    2.585213640  -63.799770475
    2.594038127  -63.702359324
    2.602862614  -63.522359668
    2.611687101  -63.342321437
    2.620511587  -63.245893438
    2.629336074  -63.243975855
    2.638160561  -63.284452045
    2.646985048  -63.327412905
    2.655809534  -63.381237238
    2.664634021  -63.453473269
    2.673458508  -63.508507512
    2.682282995  -63.491152495
    2.691107481  -63.379397409
    2.699931968  -63.194387857
    2.708756455  -62.983966254
    2.717580942  -62.795001587
    2.726405429  -62.657470674
    2.735229915  -62.579565109
    2.744054402  -62.528205207
    2.752878889  -62.465795534
    2.761703376  -62.390636448
    2.770527862  -62.338591910
    2.779352349  -62.334464234
    2.788176836  -62.366022164
    2.797001323  -62.405938749
    2.805825810  -62.455011090
    2.814650296  -62.529345668
    2.823474783  -62.636968627
    2.832299270  -62.758426429
    2.841123757  -62.852680507
    2.849948243  -62.846859555
    2.858772730  -62.668782189
    2.867597217  -62.321509461
    2.876421704  -61.921234545
    2.885246190  -61.621391272
    2.894070677  -61.520996269
    2.902895164  -61.618885327
    2.911719651  -61.831395061
    2.920544138  -62.027630669
    2.929368624  -62.095228167
    2.938193111  -61.983719193
    2.947017598  -61.711908595
    2.955842085  -61.338431360
    2.964666571  -60.947571828
    2.973491058  -60.640201570
    2.982315545  -60.504860291
    2.991140032  -60.577242073
    2.999964519  -60.815110110
    3.008789005  -61.122938172
    3.017613492  -61.395237392
    3.026437979  -61.572636789
    3.035262466  -61.668434536
    3.044086952  -61.740335349
    3.052911439  -61.836084883
    3.061735926  -61.978773979
    3.070560413  -62.161865716
    3.079384899  -62.350595037
    3.088209386  -62.491245631
    3.097033873  -62.549894847
    3.105858360  -62.522287792
    3.114682847  -62.419670440
    3.123507333  -62.287123736
    3.132331820  -62.197324337
    3.141156307  -62.196365569
    3.149980794  -62.260783101
    3.158805280  -62.317136406
    3.167629767  -62.306452117
    3.176454254  -62.224624810
    3.185278741  -62.122392502
    3.194103228  -62.051907281
    3.202927714  -62.040833313
    3.211752201  -62.077948841
    3.220576688  -62.134919385
    3.229401175  -62.190138924
    3.238225661  -62.236904660
    3.247050148  -62.275589443
    3.255874635  -62.316699448
    3.264699122  -62.383455355
    3.273523608  -62.474817389
    3.282348095  -62.549795967
    3.291172582  -62.542224233
    3.299997069  -62.416384021
    3.308821556  -62.205573183
    3.317646042  -61.996623534
    3.326470529  -61.880272308
    3.335295016  -61.877059418
    3.344119503  -61.926135234
    3.352943989  -61.944014231
    3.361768476  -61.903729415
    3.370592963  -61.841206174
    3.379417450  -61.815346903
    3.388241937  -61.850740599
    3.397066423  -61.910261783
    3.405890910  -61.929081796
    3.414715397  -61.889108254
    3.423539884  -61.823989555
    3.432364370  -61.778808643
    3.441188857  -61.759599395
    3.450013344  -61.724231747
    3.458837831  -61.641190259
    3.467662317  -61.520368217
    3.476486804  -61.423064115
    3.485311291  -61.389696927
    3.494135778  -61.383220643
    3.502960265  -61.241768992
    3.511784751  -60.711518060
    3.520609238  -59.534602704
    3.529433725  -57.529925006
    3.538258212  -54.596057083
    3.547082698  -50.687024241
    3.555907185  -45.804989927
    3.564731672  -40.072280744
    3.573556159  -33.795751123
    3.582380646  -27.454335624
    3.591205132  -21.603095612
    3.600029619  -16.801544203
    3.608854106  -13.526510905
    3.617678593  -11.780974480
    3.626503079  -11.000725068
    3.635327566  -10.667894322
    3.644152053  -10.525432659
    3.652976540  -10.466491526
    3.661801026  -10.443467227
    3.670625513  -10.435486593
    3.679450000  -10.432979094
