#! FIELDS pp.proj projection
#! SET min_pp.proj 0.343794
#! SET max_pp.proj 3.67945
#! SET nbins_pp.proj  379
#! SET periodic_pp.proj false
    0.343794000  -10.432240308
    0.352618487  -10.432240308
    0.361442974  -10.432240308
    0.370267460  -10.432240308
    0.379091947  -10.432240308
    0.387916434  -10.432240308
    0.396740921  -10.432240308
    0.405565407  -10.432240308
    0.414389894  -10.432240308
    0.423214381  -10.432240308
    0.432038868  -10.432240308
    0.440863354  -10.432240308
    0.449687841  -10.432240308
    0.458512328  -10.432240308
    0.467336815  -10.432240308
    0.476161302  -10.432240308
    0.484985788  -10.432240308
    0.493810275  -10.432240308
    0.502634762  -10.432240308
    0.511459249  -10.432240308
    0.520283735  -10.432240308
    0.529108222  -10.432240308
    0.537932709  -10.432240308
    0.546757196  -10.432240308
    0.555581683  -10.432240308
    0.564406169  -10.432240308
    0.573230656  -10.432240308
    0.582055143  -10.432240308
    0.590879630  -10.432240308
    0.599704116  -10.432240308
    0.608528603  -10.432240308
    0.617353090  -10.432240308
    0.626177577  -10.432240308
    0.635002063  -10.432240308
    0.643826550  -10.432240308
    0.652651037  -10.432240308
    0.661475524  -10.432240308
    0.670300011  -10.432335249
    0.679124497  -10.432771246
    0.687948984  -10.434314706
    0.696773471  -10.439035904
    0.705597958  -10.452149850
    0.714422444  -10.485110351
    0.723246931  -10.561949249
    0.732071418  -10.734024066
    0.740895905  -11.116858711
    0.749720392  -11.957624454
    0.758544878  -13.612761467
    0.767369365  -16.175120399
    0.776193852  -19.234870151
    0.785018339  -22.302205082
    0.793842825  -25.122227846
    0.802667312  -27.654350134
    0.811491799  -29.944207611
    0.820316286  -32.014380337
    0.829140772  -33.836287393
    0.837965259  -35.367923923
    0.846789746  -36.590954639
    0.855614233  -37.514008766
    0.864438720  -38.165046195
    0.873263206  -38.594727134
    0.882087693  -38.885030706
    0.890912180  -39.114788912
    0.899736667  -39.296626544
    0.908561153  -39.348565280
    0.917385640  -39.155421551
    0.926210127  -38.692367667
    0.935034614  -38.075326539
    0.943859101  -37.486307368
    0.952683587  -37.015975946
    0.961508074  -36.595746433
    0.970332561  -36.057344438
    0.979157048  -35.316474487
    0.987981534  -34.464321716
    0.996806021  -33.688976571
    1.005630508  -33.130484936
    1.014454995  -32.816896541
    1.023279481  -32.660430495
    1.032103968  -32.492964458
    1.040928455  -32.122234002
    1.049752942  -31.420864997
    1.058577429  -30.370683744
    1.067401915  -29.010733508
    1.076226402  -27.392748240
    1.085050889  -25.600733594
    1.093875376  -23.773942368
    1.102699862  -22.050065948
    1.111524349  -20.504983778
    1.120348836  -19.150076819
    1.129173323  -17.956457850
    1.137997810  -16.881357644
    1.146822296  -15.891839125
    1.155646783  -14.971614035
    1.164471270  -14.137591783
    1.173295757  -13.432408357
    1.182120243  -12.892830140
    1.190944730  -12.510859834
    1.199769217  -12.243194932
    1.208593704  -12.027665843
    1.217418190  -11.813041152
    1.226242677  -11.585587340
    1.235067164  -11.379130839
    1.243891651  -11.243568800
    1.252716138  -11.210239269
    1.261540624  -11.289102756
    1.270365111  -11.476126291
    1.279189598  -11.757690062
    1.288014085  -12.125465143
    1.296838571  -12.591490560
    1.305663058  -13.196076081
    1.314487545  -13.980254340
    1.323312032  -14.940610882
    1.332136519  -15.983579315
    1.340961005  -16.932143249
    1.349785492  -17.596029929
    1.358609979  -17.872093505
    1.367434466  -17.813715893
    1.376258952  -17.610738448
    1.385083439  -17.485646945
    1.393907926  -17.575495833
    1.402732413  -17.912385117
    1.411556899  -18.469460336
    1.420381386  -19.183687786
    1.429205873  -19.945345972
    1.438030360  -20.610970141
    1.446854847  -21.102145941
    1.455679333  -21.483655249
    1.464503820  -21.925229596
    1.473328307  -22.558799884
    1.482152794  -23.361829083
    1.490977280  -24.182250193
    1.499801767  -24.850753785
    1.508626254  -25.285118924
    1.517450741  -25.526794289
    1.526275228  -25.697807283
    1.535099714  -25.918950774
    1.543924201  -26.230606549
    1.552748688  -26.581765006
    1.561573175  -26.855055697
    1.570397661  -26.916946314
    1.579222148  -26.692813366
    1.588046635  -26.214920878
    1.596871122  -25.611740537
    1.605695608  -25.033872033
    1.614520095  -24.576947540
    1.623344582  -24.266351073
    1.632169069  -24.087528697
    1.640993556  -24.036690473
    1.649818042  -24.114417513
    1.658642529  -24.276416534
    1.667467016  -24.421701108
    1.676291503  -24.437734031
    1.685115989  -24.298025167
    1.693940476  -24.120723860
    1.702764963  -24.217500840
    1.711589450  -25.204706735
    1.720413937  -27.649245888
    1.729238423  -31.181418233
    1.738062910  -35.055980014
    1.746887397  -38.833437211
    1.755711884  -42.303525054
    1.764536370  -45.387094901
    1.773360857  -48.096741031
    1.782185344  -50.481376133
    1.791009831  -52.548182567
    1.799834317  -54.218233623
    1.808658804  -55.378674117
    1.817483291  -56.006363654
    1.826307778  -56.244429634
    1.835132265  -56.344193654
    1.843956751  -56.495282446
    1.852781238  -56.690945792
    1.861605725  -56.736978185
    1.870430212  -56.399234040
    1.879254698  -55.586052866
    1.888079185  -54.407685607
    1.896903672  -53.114126030
    1.905728159  -51.958628190
    1.914552646  -51.076169565
    1.923377132  -50.432945493
    1.932201619  -49.861586386
    1.941026106  -49.175114952
    1.949850593  -48.286708109
    1.958675079  -47.260888337
    1.967499566  -46.262222812
    1.976324053  -45.445493153
    1.985148540  -44.874194487
    1.993973026  -44.493486144
    2.002797513  -44.158289205
    2.011622000  -43.697639699
    2.020446487  -42.984257971
    2.029270974  -41.989391783
    2.038095460  -40.796360015
    2.046919947  -39.556360539
    2.055744434  -38.411598788
    2.064568921  -37.433496755
    2.073393407  -36.572700840
    2.082217894  -35.683198662
    2.091042381  -34.626925897
    2.099866868  -33.386529029
    2.108691354  -32.107194306
    2.117515841  -31.012668358
    2.126340328  -30.245803990
    2.135164815  -29.818868848
    2.143989302  -29.631751583
    2.152813788  -29.511234179
    2.161638275  -29.279021647
    2.170462762  -28.867280756
    2.179287249  -28.356007268
    2.188111735  -27.882226818
    2.196936222  -27.522141584
    2.205760709  -27.305062962
    2.214585196  -27.223026274
    2.223409683  -27.187128448
    2.232234169  -27.048065051
    2.241058656  -26.722971596
    2.249883143  -26.270478069
    2.258707630  -25.851446697
    2.267532116  -25.611397033
    2.276356603  -25.586846177
    2.285181090  -25.695997275
    2.294005577  -25.811115391
    2.302830063  -25.823789988
    2.311654550  -25.680719382
    2.320479037  -25.388974585
    2.329303524  -24.990522690
    2.338128011  -24.552216824
    2.346952497  -24.162099844
    2.355776984  -23.893908783
    2.364601471  -23.778399882
    2.373425958  -23.807779646
    2.382250444  -23.982561733
    2.391074931  -24.310884421
    2.399899418  -24.751755522
    2.408723905  -25.130009380
    2.417548392  -25.217350467
    2.426372878  -24.953547084
    2.435197365  -24.511544898
    2.444021852  -24.122516107
    2.452846339  -23.886629065
    2.461670825  -23.767351670
    2.470495312  -23.697160845
    2.479319799  -23.629339270
    2.488144286  -23.540050125
    2.496968772  -23.437179635
    2.505793259  -23.361794808
    2.514617746  -23.359285873
    2.523442233  -23.432638526
    2.532266720  -23.522504222
    2.541091206  -23.539938385
    2.549915693  -23.436090705
    2.558740180  -23.234745686
    2.567564667  -23.004812580
    2.576389153  -22.802706242
    2.585213640  -22.641689226
    2.594038127  -22.518064153
    2.602862614  -22.444773743
    2.611687101  -22.436073998
    2.620511587  -22.455486303
    2.629336074  -22.415527680
    2.638160561  -22.244162906
    2.646985048  -21.960355033
    2.655809534  -21.660364835
    2.664634021  -21.431173033
    2.673458508  -21.282509207
    2.682282995  -21.159468365
    2.691107481  -21.020863044
    2.699931968  -20.880823202
    2.708756455  -20.797358110
    2.717580942  -20.810494309
    2.726405429  -20.898400975
    2.735229915  -20.985307535
    2.744054402  -20.977992782
    2.752878889  -20.829137536
    2.761703376  -20.560893609
    2.770527862  -20.251570142
    2.779352349  -19.983539377
    2.788176836  -19.776726083
    2.797001323  -19.589921608
    2.805825810  -19.388907710
    2.814650296  -19.198408289
    2.823474783  -19.087981845
    2.832299270  -19.107742414
    2.841123757  -19.244085984
    2.849948243  -19.420084620
    2.858772730  -19.555422006
    2.867597217  -19.640078736
    2.876421704  -19.747106989
    2.885246190  -19.983219811
    2.894070677  -20.406946296
    2.902895164  -20.986510752
    2.911719651  -21.598455231
    2.920544138  -22.078445588
    2.929368624  -22.291076689
    2.938193111  -22.195614243
    2.947017598  -21.863178316
    2.955842085  -21.451626057
    2.964666571  -21.128457773
    2.973491058  -20.992658735
    2.982315545  -21.037750261
    2.991140032  -21.174617884
    2.999964519  -21.278951044
    3.008789005  -21.264549705
    3.017613492  -21.135705837
    3.026437979  -20.997518375
    3.035262466  -20.981531357
    3.044086952  -21.132025426
    3.052911439  -21.374551114
    3.061735926  -21.607939161
    3.070560413  -21.787550436
    3.079384899  -21.939794116
    3.088209386  -22.122318907
    3.097033873  -22.368722057
    3.105858360  -22.622131417
    3.114682847  -22.741477430
    3.123507333  -22.624522266
    3.132331820  -22.305279374
    3.141156307  -21.915370511
    3.149980794  -21.573743028
    3.158805280  -21.314852958
    3.167629767  -21.119607852
    3.176454254  -20.974469839
    3.185278741  -20.904797410
    3.194103228  -20.928758828
    3.202927714  -21.030784692
    3.211752201  -21.153359641
    3.220576688  -21.240254196
    3.229401175  -21.281188216
    3.238225661  -21.326337989
    3.247050148  -21.444145188
    3.255874635  -21.675354950
    3.264699122  -21.992172458
    3.273523608  -22.277220592
    3.282348095  -22.373363985
    3.291172582  -22.199906255
    3.299997069  -21.836981826
    3.308821556  -21.494457397
    3.317646042  -21.374503522
    3.326470529  -21.553150254
    3.335295016  -21.933084557
    3.344119503  -22.322829300
    3.352943989  -22.547058387
    3.361768476  -22.544147082
    3.370592963  -22.372892567
    3.379417450  -22.156358859
    3.388241937  -22.006613008
    3.397066423  -21.966524419
    3.405890910  -22.006952453
    3.414715397  -22.095275509
    3.423539884  -22.232233945
    3.432364370  -22.431128637
    3.441188857  -22.672799358
    3.450013344  -22.903683687
    3.458837831  -23.087884984
    3.467662317  -23.232440761
    3.476486804  -23.363843210
    3.485311291  -23.457437574
    3.494135778  -23.393519384
    3.502960265  -22.961229572
    3.511784751  -21.935877233
    3.520609238  -20.212752177
    3.529433725  -17.927086673
    3.538258212  -15.476709353
    3.547082698  -13.381947467
    3.555907185  -11.969502750
    3.564731672  -11.181813621
    3.573556159  -10.783484528
    3.582380646  -10.590076272
    3.591205132  -10.498938050
    3.600029619  -10.458275251
    3.608854106  -10.441442381
    3.617678593  -10.435089491
    3.626503079  -10.432900547
    3.635327566  -10.432405352
    3.644152053  -10.432240308
    3.652976540  -10.432240308
    3.661801026  -10.432240308
    3.670625513  -10.432240308
    3.679450000  -10.432240308
