#! FIELDS pp.proj projection
#! SET min_pp.proj 0.343794
#! SET max_pp.proj 3.67945
#! SET nbins_pp.proj  379
#! SET periodic_pp.proj false
    0.343794000  -10.432240308
    0.352618487  -10.432240308
    0.361442974  -10.432240308
    0.370267460  -10.432240308
    0.379091947  -10.432240308
    0.387916434  -10.432240308
    0.396740921  -10.432240308
    0.405565407  -10.432240308
    0.414389894  -10.432268521
    0.423214381  -10.432381158
    0.432038868  -10.432868286
    0.440863354  -10.434385817
    0.449687841  -10.438755887
    0.458512328  -10.449981321
    0.467336815  -10.476095412
    0.476161302  -10.531875646
    0.484985788  -10.644041451
    0.493810275  -10.860754883
    0.502634762  -11.265881611
    0.511459249  -11.983133081
    0.520283735  -13.132539042
    0.529108222  -14.750181903
    0.537932709  -16.787925918
    0.546757196  -19.187400882
    0.555581683  -21.895412441
    0.564406169  -24.817998613
    0.573230656  -27.791876924
    0.582055143  -30.605649963
    0.590879630  -33.053646623
    0.599704116  -34.999838599
    0.608528603  -36.437973687
    0.617353090  -37.502706600
    0.626177577  -38.411479075
    0.635002063  -39.347049425
    0.643826550  -40.380006805
    0.652651037  -41.483973541
    0.661475524  -42.612840644
    0.670300011  -43.764939062
    0.679124497  -44.999853978
    0.687948984  -46.384361482
    0.696773471  -47.902911983
    0.705597958  -49.434492593
    0.714422444  -50.835278295
    0.723246931  -52.050205392
    0.732071418  -53.130432284
    0.740895905  -54.146469102
    0.749720392  -55.091151654
    0.758544878  -55.864384718
    0.767369365  -56.338172058
    0.776193852  -56.461885313
    0.785018339  -56.349486514
    0.793842825  -56.746241597
    0.802667312  -59.301487966
    0.811491799  -62.988610944
    0.820316286  -66.321050991
    0.829140772  -69.102597942
    0.837965259  -71.436385258
    0.846789746  -73.429068498
    0.855614233  -75.149057839
    0.864438720  -76.645091185
    0.873263206  -77.976405027
    0.882087693  -79.205677366
    0.890912180  -80.366934923
    0.899736667  -81.429808564
    0.908561153  -82.304338297
    0.917385640  -82.910832682
    0.926210127  -83.267739920
    0.935034614  -83.498954082
    0.943859101  -83.750002898
    0.952683587  -84.074222419
    0.961508074  -84.376990387
    0.970332561  -84.473100272
    0.979157048  -84.225542051
    0.987981534  -83.635255177
    0.996806021  -82.818924081
    1.005630508  -81.880588018
    1.014454995  -80.821635909
    1.023279481  -79.552787123
    1.032103968  -78.006187592
    1.040928455  -76.201352761
    1.049752942  -74.228359536
    1.058577429  -72.155002745
    1.067401915  -70.007429759
    1.076226402  -67.912402337
    1.085050889  -66.412605786
    1.093875376  -66.220547317
    1.102699862  -66.981540467
    1.111524349  -67.949479393
    1.120348836  -68.800848392
    1.129173323  -69.474374607
    1.137997810  -70.009231805
    1.146822296  -70.459489663
    1.155646783  -70.825201469
    1.164471270  -71.065759297
    1.173295757  -71.135985529
    1.182120243  -71.027787897
    1.190944730  -70.754061619
    1.199769217  -70.343365716
    1.208593704  -69.840541861
    1.217418190  -69.312698762
    1.226242677  -68.842432914
    1.235067164  -68.504548520
    1.243891651  -68.318757258
    1.252716138  -68.246672447
    1.261540624  -68.209349720
    1.270365111  -68.106910927
    1.279189598  -67.859910986
    1.288014085  -67.430075449
    1.296838571  -66.829757307
    1.305663058  -66.127072511
    1.314487545  -65.411116648
    1.323312032  -64.740843195
    1.332136519  -64.120536329
    1.340961005  -63.523172263
    1.349785492  -62.937521031
    1.358609979  -62.386238068
    1.367434466  -61.900866083
    1.376258952  -61.525758262
    1.385083439  -61.298911145
    1.393907926  -61.196870443
    1.402732413  -61.139867812
    1.411556899  -61.061028865
    1.420381386  -60.960771224
    1.429205873  -60.902254937
    1.438030360  -60.959320431
    1.446854847  -61.118377066
    1.455679333  -61.273759885
    1.464503820  -61.338777715
    1.473328307  -61.321257873
    1.482152794  -61.282301650
    1.490977280  -61.256256392
    1.499801767  -61.228339692
    1.508626254  -61.196190631
    1.517450741  -61.205281759
    1.526275228  -61.303689256
    1.535099714  -61.489747167
    1.543924201  -61.709328635
    1.552748688  -61.904914278
    1.561573175  -62.064056297
    1.570397661  -62.253884157
    1.579222148  -62.546222851
    1.588046635  -62.930878059
    1.596871122  -63.309932203
    1.605695608  -63.586932526
    1.614520095  -63.742750430
    1.623344582  -63.822954906
    1.632169069  -63.880255972
    1.640993556  -63.949853106
    1.649818042  -64.058028168
    1.658642529  -64.176183663
    1.667467016  -64.219330458
    1.676291503  -64.112199267
    1.685115989  -63.869222807
    1.693940476  -63.581629446
    1.702764963  -63.365973374
    1.711589450  -63.308731922
    1.720413937  -63.472976493
    1.729238423  -63.929313043
    1.738062910  -64.711148891
    1.746887397  -65.771378575
    1.755711884  -67.003633291
    1.764536370  -68.326651194
    1.773360857  -69.709627679
    1.782185344  -71.128829532
    1.791009831  -72.522003936
    1.799834317  -73.788258235
    1.808658804  -74.791641500
    1.817483291  -75.442993374
    1.826307778  -75.784921457
    1.835132265  -75.982645367
    1.843956751  -76.200801321
    1.852781238  -76.479583719
    1.861605725  -76.721184579
    1.870430212  -76.772174735
    1.879254698  -76.546356696
    1.888079185  -76.078988297
    1.896903672  -75.500870933
    1.905728159  -74.955833328
    1.914552646  -74.518448485
    1.923377132  -74.162649650
    1.932201619  -73.795458197
    1.941026106  -73.344394726
    1.949850593  -72.819527585
    1.958675079  -72.304737928
    1.967499566  -71.894393169
    1.976324053  -71.622608740
    1.985148540  -71.461094105
    1.993973026  -71.353986626
    2.002797513  -71.263029548
    2.011622000  -71.164419775
    2.020446487  -71.016319970
    2.029270974  -70.737190750
    2.038095460  -70.250655228
    2.046919947  -69.555322642
    2.055744434  -68.750591345
    2.064568921  -67.987969969
    2.073393407  -67.365903765
    2.082217894  -66.872708021
    2.091042381  -66.417767739
    2.099866868  -65.903302220
    2.108691354  -65.298429220
    2.117515841  -64.661506929
    2.126340328  -64.086657855
    2.135164815  -63.657099491
    2.143989302  -63.396456468
    2.152813788  -63.250485126
    2.161638275  -63.098189719
    2.170462762  -62.815618423
    2.179287249  -62.363708614
    2.188111735  -61.822495315
    2.196936222  -61.327187830
    2.205760709  -60.966098356
    2.214585196  -60.725293801
    2.223409683  -60.517670188
    2.232234169  -60.251405002
    2.241058656  -59.903513338
    2.249883143  -59.537740914
    2.258707630  -59.259836109
    2.267532116  -59.136740582
    2.276356603  -59.146221627
    2.285181090  -59.205115994
    2.294005577  -59.234239358
    2.302830063  -59.186319485
    2.311654550  -59.049542707
    2.320479037  -58.859188096
    2.329303524  -58.669542323
    2.338128011  -58.536041714
    2.346952497  -58.490041177
    2.355776984  -58.513695185
    2.364601471  -58.537686081
    2.373425958  -58.487410094
    2.382250444  -58.349785062
    2.391074931  -58.181434324
    2.399899418  -58.067702422
    2.408723905  -58.055578611
    2.417548392  -58.131284303
    2.426372878  -58.242758192
    2.435197365  -58.338484126
    2.444021852  -58.382371217
    2.452846339  -58.358743295
    2.461670825  -58.284099551
    2.470495312  -58.202599642
    2.479319799  -58.163088223
    2.488144286  -58.191200323
    2.496968772  -58.290686670
    2.505793259  -58.447485643
    2.514617746  -58.625889374
    2.523442233  -58.774419474
    2.532266720  -58.834557759
    2.541091206  -58.768904505
    2.549915693  -58.600719213
    2.558740180  -58.417564232
    2.567564667  -58.327598211
    2.576389153  -58.365156064
    2.585213640  -58.444934266
    2.594038127  -58.446238065
    2.602862614  -58.344838006
    2.611687101  -58.239511359
    2.620511587  -58.247410483
    2.629336074  -58.389066094
    2.638160561  -58.579646454
    2.646985048  -58.729552335
    2.655809534  -58.814893445
    2.664634021  -58.851248166
    2.673458508  -58.839415518
    2.682282995  -58.758822924
    2.691107481  -58.594902500
    2.699931968  -58.355869313
    2.708756455  -58.084532146
    2.717580942  -57.836465660
    2.726405429  -57.647151900
    2.735229915  -57.524707356
    2.744054402  -57.434755965
    2.752878889  -57.323485863
    2.761703376  -57.151959152
    2.770527862  -56.925962667
    2.779352349  -56.674127385
    2.788176836  -56.414950887
    2.797001323  -56.154973379
    2.805825810  -55.921124299
    2.814650296  -55.760149478
    2.823474783  -55.720772230
    2.832299270  -55.824643466
    2.841123757  -56.056905422
    2.849948243  -56.335551619
    2.858772730  -56.540401739
    2.867597217  -56.608046589
    2.876421704  -56.596171529
    2.885246190  -56.620646478
    2.894070677  -56.766440832
    2.902895164  -57.033528956
    2.911719651  -57.346300227
    2.920544138  -57.580663903
    2.929368624  -57.627588377
    2.938193111  -57.444049481
    2.947017598  -57.070272634
    2.955842085  -56.599538514
    2.964666571  -56.150357493
    2.973491058  -55.846334678
    2.982315545  -55.781179086
    2.991140032  -55.974510046
    2.999964519  -56.349460635
    3.008789005  -56.763177764
    3.017613492  -57.064223584
    3.026437979  -57.165145842
    3.035262466  -57.077303464
    3.044086952  -56.879561102
    3.052911439  -56.663661412
    3.061735926  -56.529053488
    3.070560413  -56.556795056
    3.079384899  -56.747422224
    3.088209386  -57.011326299
    3.097033873  -57.246089198
    3.105858360  -57.380755041
    3.114682847  -57.371034750
    3.123507333  -57.228311351
    3.132331820  -57.030240643
    3.141156307  -56.862762091
    3.149980794  -56.749669038
    3.158805280  -56.646226577
    3.167629767  -56.496288039
    3.176454254  -56.286929025
    3.185278741  -56.060053995
    3.194103228  -55.864167358
    3.202927714  -55.724479085
    3.211752201  -55.631138428
    3.220576688  -55.563768407
    3.229401175  -55.510381272
    3.238225661  -55.472327001
    3.247050148  -55.457198205
    3.255874635  -55.478461239
    3.264699122  -55.549581471
    3.273523608  -55.644052089
    3.282348095  -55.689299730
    3.291172582  -55.597567189
    3.299997069  -55.329574289
    3.308821556  -54.927009131
    3.317646042  -54.488569681
    3.326470529  -54.122654195
    3.335295016  -53.875632852
    3.344119503  -53.710261148
    3.352943989  -53.551956973
    3.361768476  -53.367038057
    3.370592963  -53.182794801
    3.379417450  -53.059411660
    3.388241937  -53.031020145
    3.397066423  -53.062792249
    3.405890910  -53.078206101
    3.414715397  -53.039523444
    3.423539884  -52.970317543
    3.432364370  -52.918655866
    3.441188857  -52.897543482
    3.450013344  -52.866665778
    3.458837831  -52.788715441
    3.467662317  -52.674652783
    3.476486804  -52.609567143
    3.485311291  -52.670696983
    3.494135778  -52.837208674
    3.502960265  -52.919894124
    3.511784751  -52.598397327
    3.520609238  -51.523816784
    3.529433725  -49.432336998
    3.538258212  -46.198471390
    3.547082698  -41.861496485
    3.555907185  -36.627426153
    3.564731672  -30.874705847
    3.573556159  -25.108751920
    3.582380646  -19.881487308
    3.591205132  -15.719468353
    3.600029619  -12.996985809
    3.608854106  -11.579409700
    3.617678593  -10.934949798
    3.626503079  -10.649684599
    3.635327566  -10.523508316
    3.644152053  -10.468039955
    3.652976540  -10.445204498
    3.661801026  -10.436340828
    3.670625513  -10.433434544
    3.679450000  -10.432557603
