#! FIELDS pp.proj projection
#! SET min_pp.proj 0.343794
#! SET max_pp.proj 3.67945
#! SET nbins_pp.proj  379
#! SET periodic_pp.proj false
    0.343794000  -10.432240308
    0.352618487  -10.432240308
    0.361442974  -10.432240308
    0.370267460  -10.432240308
    0.379091947  -10.432240308
    0.387916434  -10.432240308
    0.396740921  -10.432240308
    0.405565407  -10.432240308
    0.414389894  -10.432240308
    0.423214381  -10.432240308
    0.432038868  -10.432240308
    0.440863354  -10.432240308
    0.449687841  -10.432240308
    0.458512328  -10.432240308
    0.467336815  -10.432240308
    0.476161302  -10.432240308
    0.484985788  -10.432240308
    0.493810275  -10.432240308
    0.502634762  -10.432240308
    0.511459249  -10.432240308
    0.520283735  -10.432240308
    0.529108222  -10.432240308
    0.537932709  -10.432240308
    0.546757196  -10.432240308
    0.555581683  -10.432240308
    0.564406169  -10.432240308
    0.573230656  -10.432240308
    0.582055143  -10.432240308
    0.590879630  -10.432240308
    0.599704116  -10.432240308
    0.608528603  -10.432240308
    0.617353090  -10.432240308
    0.626177577  -10.432240308
    0.635002063  -10.432240308
    0.643826550  -10.432240308
    0.652651037  -10.432240308
    0.661475524  -10.432240308
    0.670300011  -10.432335249
    0.679124497  -10.432771246
    0.687948984  -10.434314706
    0.696773471  -10.439035904
    0.705597958  -10.452149850
    0.714422444  -10.485110351
    0.723246931  -10.561949249
    0.732071418  -10.734024066
    0.740895905  -11.116858711
    0.749720392  -11.957624454
    0.758544878  -13.612761467
    0.767369365  -16.175120399
    0.776193852  -19.234870151
    0.785018339  -22.302205082
    0.793842825  -25.122227846
    0.802667312  -27.654350134
    0.811491799  -29.944207611
    0.820316286  -32.014380337
    0.829140772  -33.836287393
    0.837965259  -35.367923923
    0.846789746  -36.590954639
    0.855614233  -37.514008766
    0.864438720  -38.165046195
    0.873263206  -38.594727134
    0.882087693  -38.885030706
    0.890912180  -39.114788912
    0.899736667  -39.296626544
    0.908561153  -39.348565280
    0.917385640  -39.155421551
    0.926210127  -38.692367667
    0.935034614  -38.075326539
    0.943859101  -37.486307368
    0.952683587  -37.015975946
    0.961508074  -36.595746433
    0.970332561  -36.057344438
    0.979157048  -35.316474487
    0.987981534  -34.464321716
    0.996806021  -33.688976571
    1.005630508  -33.130484936
    1.014454995  -32.816896541
    1.023279481  -32.660430495
    1.032103968  -32.492964458
    1.040928455  -32.122234002
    1.049752942  -31.420864997
    1.058577429  -30.370683744
    1.067401915  -29.010733508
    1.076226402  -27.392748240
    1.085050889  -25.600733594
    1.093875376  -23.773942368
    1.102699862  -22.050065948
    1.111524349  -20.504983778
    1.120348836  -19.150076819
    1.129173323  -17.956457850
    1.137997810  -16.881357644
    1.146822296  -15.891839125
    1.155646783  -14.971614035
    1.164471270  -14.137591783
    1.173295757  -13.432408357
    1.182120243  -12.892830140
    1.190944730  -12.510859834
    1.199769217  -12.243194932
    1.208593704  -12.027665843
    1.217418190  -11.813041152
    1.226242677  -11.585587340
    1.235067164  -11.379130839
    1.243891651  -11.243568800
    1.252716138  -11.210239269
    1.261540624  -11.289102756
    1.270365111  -11.476126291
    1.279189598  -11.757690062
    1.288014085  -12.125465143
    1.296838571  -12.591490560
    1.305663058  -13.196076081
    1.314487545  -13.980254340
    1.323312032  -14.940610882
    1.332136519  -15.983579315
    1.340961005  -16.932143249
    1.349785492  -17.596029929
    1.358609979  -17.872093505
    1.367434466  -17.813715893
    1.376258952  -17.610738448
    1.385083439  -17.485646945
    1.393907926  -17.575495833
    1.402732413  -17.912385117
    1.411556899  -18.469460336
    1.420381386  -19.183687786
    1.429205873  -19.945345972
    1.438030360  -20.610970141
    1.446854847  -21.102145941
    1.455679333  -21.483655249
    1.464503820  -21.925229596
    1.473328307  -22.558799884
    1.482152794  -23.361829083
    1.490977280  -24.182250193
    1.499801767  -24.850753785
    1.508626254  -25.285118924
    1.517450741  -25.526794289
    1.526275228  -25.697807283
    1.535099714  -25.918950774
    1.543924201  -26.230606549
    1.552748688  -26.581765006
    1.561573175  -26.855055697
    1.570397661  -26.916946314
    1.579222148  -26.692813366
    1.588046635  -26.214920878
    1.596871122  -25.611740537
    1.605695608  -25.033872033
    1.614520095  -24.576947540
    1.623344582  -24.266351073
    1.632169069  -24.087528697
    1.640993556  -24.036690473
    1.649818042  -24.114417513
    1.658642529  -24.276416534
    1.667467016  -24.421701108
    1.676291503  -24.437734031
    1.685115989  -24.298188421
    1.693940476  -24.121366005
    1.702764963  -24.219379704
    1.711589450  -25.208275744
    1.720413937  -27.653082372
    1.729238423  -31.184217816
    1.738062910  -35.057830892
    1.746887397  -38.834768158
    1.755711884  -42.304697550
    1.764536370  -45.388391247
    1.773360857  -48.098360787
    1.782185344  -50.483405184
    1.791009831  -52.550601535
    1.799834317  -54.220983984
    1.808658804  -55.381734463
    1.817483291  -56.009914632
    1.826307778  -56.248905885
    1.835132265  -56.350592046
    1.843956751  -56.505517199
    1.852781238  -56.709126849
    1.861605725  -56.771816123
    1.870430212  -56.466744550
    1.879254698  -55.710317661
    1.888079185  -54.617866568
    1.896903672  -53.436131348
    1.905728159  -52.402796992
    1.914552646  -51.628227162
    1.923377132  -51.057854529
    1.932201619  -50.521057759
    1.941026106  -49.847420173
    1.949850593  -48.975444695
    1.958675079  -47.991243474
    1.967499566  -47.071366511
    1.976324053  -46.373205335
    1.985148540  -45.957799045
    1.993973026  -45.766483169
    2.002797513  -45.651795981
    2.011622000  -45.444270623
    2.020446487  -45.018403182
    2.029270974  -44.338061831
    2.038095460  -43.460974505
    2.046919947  -42.504316917
    2.055744434  -41.587011704
    2.064568921  -40.785324571
    2.073393407  -40.093484059
    2.082217894  -39.435115285
    2.091042381  -38.730756106
    2.099866868  -37.961035260
    2.108691354  -37.193199216
    2.117515841  -36.548429633
    2.126340328  -36.121417766
    2.135164815  -35.944536604
    2.143989302  -35.963217005
    2.152813788  -36.030611392
    2.161638275  -35.945311849
    2.170462762  -35.586961260
    2.179287249  -35.020173612
    2.188111735  -34.443040716
    2.196936222  -33.995222544
    2.205760709  -33.685868998
    2.214585196  -33.460082845
    2.223409683  -33.233261984
    2.232234169  -32.917580884
    2.241058656  -32.512878209
    2.249883143  -32.127619543
    2.258707630  -31.898949641
    2.267532116  -31.884602969
    2.276356603  -32.034239341
    2.285181090  -32.216889355
    2.294005577  -32.296963299
    2.302830063  -32.195634577
    2.311654550  -31.897229684
    2.320479037  -31.436388323
    2.329303524  -30.873501593
    2.338128011  -30.280701853
    2.346952497  -29.727620777
    2.355776984  -29.246247794
    2.364601471  -28.837339700
    2.373425958  -28.531867690
    2.382250444  -28.433170276
    2.391074931  -28.613823777
    2.399899418  -29.020005775
    2.408723905  -29.473813864
    2.417548392  -29.774513447
    2.426372878  -29.813305900
    2.435197365  -29.612876260
    2.444021852  -29.260626940
    2.452846339  -28.850857356
    2.461670825  -28.455599291
    2.470495312  -28.124391890
    2.479319799  -27.868706052
    2.488144286  -27.653433840
    2.496968772  -27.436916630
    2.505793259  -27.218248892
    2.514617746  -27.036519822
    2.523442233  -26.922470635
    2.532266720  -26.859626291
    2.541091206  -26.803971905
    2.549915693  -26.718275377
    2.558740180  -26.580841406
    2.567564667  -26.392628613
    2.576389153  -26.166021589
    2.585213640  -25.901719530
    2.594038127  -25.593020184
    2.602862614  -25.257162499
    2.611687101  -24.951855977
    2.620511587  -24.721257003
    2.629336074  -24.550417791
    2.638160561  -24.386884888
    2.646985048  -24.217435602
    2.655809534  -24.087758906
    2.664634021  -24.049229321
    2.673458508  -24.102567509
    2.682282995  -24.200481503
    2.691107481  -24.309445805
    2.699931968  -24.438130290
    2.708756455  -24.619053193
    2.717580942  -24.874456533
    2.726405429  -25.203443240
    2.735229915  -25.581545181
    2.744054402  -25.939375797
    2.752878889  -26.188233291
    2.761703376  -26.270383971
    2.770527862  -26.190989647
    2.779352349  -25.986027044
    2.788176836  -25.676659939
    2.797001323  -25.284101361
    2.805825810  -24.872718504
    2.814650296  -24.542661822
    2.823474783  -24.383215454
    2.832299270  -24.414798829
    2.841123757  -24.572014045
    2.849948243  -24.739922368
    2.858772730  -24.819656834
    2.867597217  -24.792596024
    2.876421704  -24.722217614
    2.885246190  -24.712370737
    2.894070677  -24.829789933
    2.902895164  -25.056738457
    2.911719651  -25.295739266
    2.920544138  -25.433869566
    2.929368624  -25.429975080
    2.938193111  -25.331224414
    2.947017598  -25.203261765
    2.955842085  -25.089844633
    2.964666571  -25.019492483
    2.973491058  -25.019079072
    2.982315545  -25.109008583
    2.991140032  -25.275242568
    2.999964519  -25.427619435
    3.008789005  -25.441369327
    3.017613492  -25.270490673
    3.026437979  -25.016870893
    3.035262466  -24.845840844
    3.044086952  -24.846304082
    3.052911439  -24.996589027
    3.061735926  -25.221000432
    3.070560413  -25.421682997
    3.079384899  -25.524795504
    3.088209386  -25.529864186
    3.097033873  -25.497294516
    3.105858360  -25.455694925
    3.114682847  -25.354100496
    3.123507333  -25.147300612
    3.132331820  -24.881543608
    3.141156307  -24.645016990
    3.149980794  -24.484435481
    3.158805280  -24.381494581
    3.167629767  -24.306685892
    3.176454254  -24.249298392
    3.185278741  -24.231782925
    3.194103228  -24.262639431
    3.202927714  -24.314933596
    3.211752201  -24.323132666
    3.220576688  -24.244976002
    3.229401175  -24.108919201
    3.238225661  -24.011136277
    3.247050148  -24.052089499
    3.255874635  -24.273834460
    3.264699122  -24.617056419
    3.273523608  -24.908816599
    3.282348095  -24.929617834
    3.291172582  -24.552907311
    3.299997069  -23.853576573
    3.308821556  -23.084074058
    3.317646042  -22.523108674
    3.326470529  -22.326365703
    3.335295016  -22.452985172
    3.344119503  -22.730263849
    3.352943989  -22.969255343
    3.361768476  -23.068938982
    3.370592963  -23.032801437
    3.379417450  -22.931302409
    3.388241937  -22.851645091
    3.397066423  -22.850039306
    3.405890910  -22.925527922
    3.414715397  -23.058815344
    3.423539884  -23.234008951
    3.432364370  -23.429876012
    3.441188857  -23.600866294
    3.450013344  -23.693247962
    3.458837831  -23.696233276
    3.467662317  -23.653275342
    3.476486804  -23.622960331
    3.485311291  -23.598539333
    3.494135778  -23.461286733
    3.502960265  -22.989764168
    3.511784751  -21.946444674
    3.520609238  -20.216165401
    3.529433725  -17.928034686
    3.538258212  -15.476709353
    3.547082698  -13.381947467
    3.555907185  -11.969502750
    3.564731672  -11.181813621
    3.573556159  -10.783484528
    3.582380646  -10.590076272
    3.591205132  -10.498938050
    3.600029619  -10.458275251
    3.608854106  -10.441442381
    3.617678593  -10.435089491
    3.626503079  -10.432900547
    3.635327566  -10.432405352
    3.644152053  -10.432240308
    3.652976540  -10.432240308
    3.661801026  -10.432240308
    3.670625513  -10.432240308
    3.679450000  -10.432240308
