#! FIELDS pp.proj projection
#! SET min_pp.proj 0.343794
#! SET max_pp.proj 3.67945
#! SET nbins_pp.proj  379
#! SET periodic_pp.proj false
    0.343794000  -10.432240308
    0.352618487  -10.432240308
    0.361442974  -10.432240308
    0.370267460  -10.432240308
    0.379091947  -10.432240308
    0.387916434  -10.432240308
    0.396740921  -10.432240308
    0.405565407  -10.432240308
    0.414389894  -10.432268521
    0.423214381  -10.432381158
    0.432038868  -10.432868286
    0.440863354  -10.434385817
    0.449687841  -10.438755887
    0.458512328  -10.449981321
    0.467336815  -10.476095412
    0.476161302  -10.531875646
    0.484985788  -10.644041451
    0.493810275  -10.860754883
    0.502634762  -11.265881611
    0.511459249  -11.983133081
    0.520283735  -13.132539042
    0.529108222  -14.750181903
    0.537932709  -16.787925918
    0.546757196  -19.187400882
    0.555581683  -21.895412441
    0.564406169  -24.817998613
    0.573230656  -27.791876924
    0.582055143  -30.605649963
    0.590879630  -33.053646623
    0.599704116  -34.999838599
    0.608528603  -36.437973687
    0.617353090  -37.502706600
    0.626177577  -38.411479075
    0.635002063  -39.347049425
    0.643826550  -40.380006805
    0.652651037  -41.483973541
    0.661475524  -42.612840644
    0.670300011  -43.764939062
    0.679124497  -44.999853978
    0.687948984  -46.384361482
    0.696773471  -47.902911983
    0.705597958  -49.434492593
    0.714422444  -50.835278295
    0.723246931  -52.050205392
    0.732071418  -53.130432284
    0.740895905  -54.146469102
    0.749720392  -55.091151654
    0.758544878  -55.864384718
    0.767369365  -56.338172058
    0.776193852  -56.461885313
    0.785018339  -56.349486514
    0.793842825  -56.746241597
    0.802667312  -59.301487966
    0.811491799  -62.988610944
    0.820316286  -66.321050991
    0.829140772  -69.102597942
    0.837965259  -71.436385258
    0.846789746  -73.429068498
    0.855614233  -75.149057839
    0.864438720  -76.645091185
    0.873263206  -77.976405027
    0.882087693  -79.205677366
    0.890912180  -80.366934923
    0.899736667  -81.429808564
    0.908561153  -82.304338063
    0.917385640  -82.910831836
    0.926210127  -83.267737181
    0.935034614  -83.498946103
    0.943859101  -83.749981880
    0.952683587  -84.074172032
    0.961508074  -84.376880356
    0.970332561  -84.472882533
    0.979157048  -84.225154756
    0.987981534  -83.634638586
    0.996806021  -82.818040593
    1.005630508  -81.879426638
    1.014454995  -80.820169357
    1.023279481  -79.550759527
    1.032103968  -78.002867420
    1.040928455  -76.194573049
    1.049752942  -74.212028555
    1.058577429  -72.110735631
    1.067401915  -69.873831558
    1.076226402  -67.464447264
    1.085050889  -64.923164182
    1.093875376  -62.457380376
    1.102699862  -60.409876594
    1.111524349  -59.061796773
    1.120348836  -58.407198194
    1.129173323  -58.220290221
    1.137997810  -58.281344067
    1.146822296  -58.464721853
    1.155646783  -58.727926489
    1.164471270  -59.081205090
    1.173295757  -59.504138710
    1.182120243  -59.928051449
    1.190944730  -60.307304794
    1.199769217  -60.674682369
    1.208593704  -61.094644965
    1.217418190  -61.593611772
    1.226242677  -62.140876265
    1.235067164  -62.691649016
    1.243891651  -63.209659551
    1.252716138  -63.637920723
    1.261540624  -63.877767918
    1.270365111  -63.806797639
    1.279189598  -63.384809428
    1.288014085  -62.698258691
    1.296838571  -61.956468387
    1.305663058  -61.368168336
    1.314487545  -61.022329576
    1.323312032  -60.844569406
    1.332136519  -60.672686153
    1.340961005  -60.378591521
    1.349785492  -59.960238950
    1.358609979  -59.540899478
    1.367434466  -59.252048428
    1.376258952  -59.161204685
    1.385083439  -59.260307450
    1.393907926  -59.464513993
    1.402732413  -59.649921981
    1.411556899  -59.735131938
    1.420381386  -59.724229335
    1.429205873  -59.676675387
    1.438030360  -59.646943520
    1.446854847  -59.626572960
    1.455679333  -59.565733623
    1.464503820  -59.434747104
    1.473328307  -59.240544394
    1.482152794  -59.017591027
    1.490977280  -58.794323403
    1.499801767  -58.565731745
    1.508626254  -58.331103517
    1.517450741  -58.127404193
    1.526275228  -57.995740453
    1.535099714  -57.938341060
    1.543924201  -57.916880664
    1.552748688  -57.905713436
    1.561573175  -57.939434522
    1.570397661  -58.132707048
    1.579222148  -58.569869297
    1.588046635  -59.175095334
    1.596871122  -59.734883495
    1.605695608  -60.074630895
    1.614520095  -60.183545300
    1.623344582  -60.204115208
    1.632169069  -60.308016256
    1.640993556  -60.558204547
    1.649818042  -60.890077383
    1.658642529  -61.167430832
    1.667467016  -61.270788221
    1.676291503  -61.154018385
    1.685115989  -60.869344679
    1.693940476  -60.530764430
    1.702764963  -60.258931221
    1.711589450  -60.120354351
    1.720413937  -60.125200413
    1.729238423  -60.267875299
    1.738062910  -60.515061350
    1.746887397  -60.801092356
    1.755711884  -61.047000203
    1.764536370  -61.231327194
    1.773360857  -61.418704816
    1.782185344  -61.689169817
    1.791009831  -62.045943710
    1.799834317  -62.403082372
    1.808658804  -62.627699879
    1.817483291  -62.642583197
    1.826307778  -62.499051143
    1.835132265  -62.352350670
    1.843956751  -62.342467202
    1.852781238  -62.479658280
    1.861605725  -62.636773744
    1.870430212  -62.644110767
    1.879254698  -62.427505466
    1.888079185  -62.065573016
    1.896903672  -61.743100199
    1.905728159  -61.631630482
    1.914552646  -61.779747553
    1.923377132  -62.090814313
    1.932201619  -62.396813210
    1.941026106  -62.573652885
    1.949850593  -62.605078363
    1.958675079  -62.568851989
    1.967499566  -62.567393631
    1.976324053  -62.660051470
    1.985148540  -62.853973830
    1.993973026  -63.120294523
    2.002797513  -63.410433654
    2.011622000  -63.662183787
    2.020446487  -63.804592630
    2.029270974  -63.763639827
    2.038095460  -63.490581225
    2.046919947  -62.997668356
    2.055744434  -62.372464516
    2.064568921  -61.750067589
    2.073393407  -61.225923523
    2.082217894  -60.799249270
    2.091042381  -60.391163536
    2.099866868  -59.910551449
    2.108691354  -59.333719887
    2.117515841  -58.733513931
    2.126340328  -58.223915217
    2.135164815  -57.900026604
    2.143989302  -57.774000814
    2.152813788  -57.763141901
    2.161638275  -57.722096185
    2.170462762  -57.535873040
    2.179287249  -57.206348599
    2.188111735  -56.851578450
    2.196936222  -56.603989301
    2.205760709  -56.515009873
    2.214585196  -56.509306311
    2.223409683  -56.431813757
    2.232234169  -56.165307580
    2.241058656  -55.737869373
    2.249883143  -55.307150460
    2.258707630  -55.051850023
    2.267532116  -55.055003295
    2.276356603  -55.257280221
    2.285181090  -55.492684017
    2.294005577  -55.587806593
    2.302830063  -55.456186079
    2.311654550  -55.126890406
    2.320479037  -54.712751538
    2.329303524  -54.322559312
    2.338128011  -54.022830301
    2.346952497  -53.834606878
    2.355776984  -53.735227012
    2.364601471  -53.664600041
    2.373425958  -53.563142194
    2.382250444  -53.424143718
    2.391074931  -53.289457661
    2.399899418  -53.213254002
    2.408723905  -53.208942929
    2.417548392  -53.244625384
    2.426372878  -53.273149671
    2.435197365  -53.260861180
    2.444021852  -53.191538178
    2.452846339  -53.073767462
    2.461670825  -52.936893724
    2.470495312  -52.807565464
    2.479319799  -52.692102642
    2.488144286  -52.580473091
    2.496968772  -52.475843502
    2.505793259  -52.400601086
    2.514617746  -52.375048885
    2.523442233  -52.401575104
    2.532266720  -52.455768757
    2.541091206  -52.503579786
    2.549915693  -52.523212798
    2.558740180  -52.506359846
    2.567564667  -52.456392783
    2.576389153  -52.368288598
    2.585213640  -52.215768427
    2.594038127  -51.978529830
    2.602862614  -51.693751697
    2.611687101  -51.466892923
    2.620511587  -51.404931770
    2.629336074  -51.529938793
    2.638160561  -51.758497299
    2.646985048  -51.988590301
    2.655809534  -52.180603582
    2.664634021  -52.338962014
    2.673458508  -52.445035236
    2.682282995  -52.439691364
    2.691107481  -52.276770490
    2.699931968  -51.981918642
    2.708756455  -51.670580506
    2.717580942  -51.481350758
    2.726405429  -51.492247562
    2.735229915  -51.690822370
    2.744054402  -51.973089930
    2.752878889  -52.205930414
    2.761703376  -52.302069958
    2.770527862  -52.259530380
    2.779352349  -52.126942653
    2.788176836  -51.956475566
    2.797001323  -51.779860883
    2.805825810  -51.635964441
    2.814650296  -51.571259162
    2.823474783  -51.630843153
    2.832299270  -51.829796983
    2.841123757  -52.137470141
    2.849948243  -52.462123571
    2.858772730  -52.688791520
    2.867597217  -52.762856481
    2.876421704  -52.744929916
    2.885246190  -52.762399752
    2.894070677  -52.922583460
    2.902895164  -53.242310260
    2.911719651  -53.635497089
    2.920544138  -53.945281926
    2.929368624  -54.034350203
    2.938193111  -53.859972209
    2.947017598  -53.488473886
    2.955842085  -53.035070562
    2.964666571  -52.603908061
    2.973491058  -52.276957113
    2.982315545  -52.115692824
    2.991140032  -52.139704900
    2.999964519  -52.305900824
    3.008789005  -52.524990526
    3.017613492  -52.699246657
    3.026437979  -52.774416013
    3.035262466  -52.757396227
    3.044086952  -52.692339091
    3.052911439  -52.633623141
    3.061735926  -52.649034270
    3.070560413  -52.789741831
    3.079384899  -53.043945351
    3.088209386  -53.341178676
    3.097033873  -53.615024206
    3.105858360  -53.826983583
    3.114682847  -53.950347109
    3.123507333  -53.998498595
    3.132331820  -54.041542607
    3.141156307  -54.149539837
    3.149980794  -54.317535546
    3.158805280  -54.467791929
    3.167629767  -54.518099834
    3.176454254  -54.436686543
    3.185278741  -54.251701928
    3.194103228  -54.015303292
    3.202927714  -53.791704375
    3.211752201  -53.629451083
    3.220576688  -53.554281659
    3.229401175  -53.566004160
    3.238225661  -53.651365789
    3.247050148  -53.801247943
    3.255874635  -54.012206076
    3.264699122  -54.268238725
    3.273523608  -54.507985836
    3.282348095  -54.641411956
    3.291172582  -54.593278359
    3.299997069  -54.355891086
    3.308821556  -54.002013782
    3.317646042  -53.644287964
    3.326470529  -53.386480991
    3.335295016  -53.257020530
    3.344119503  -53.196548506
    3.352943989  -53.112065909
    3.361768476  -52.960419753
    3.370592963  -52.771521757
    3.379417450  -52.616461969
    3.388241937  -52.541015932
    3.397066423  -52.519897970
    3.405890910  -52.486362856
    3.414715397  -52.411431495
    3.423539884  -52.322916168
    3.432364370  -52.268563974
    3.441188857  -52.258008336
    3.450013344  -52.244624479
    3.458837831  -52.187738513
    3.467662317  -52.102378118
    3.476486804  -52.074583602
    3.485311291  -52.171995108
    3.494135778  -52.362672470
    3.502960265  -52.457626613
    3.511784751  -52.146768628
    3.520609238  -51.091205857
    3.529433725  -49.031014672
    3.538258212  -45.838612687
    3.547082698  -41.549315092
    3.555907185  -36.366309735
    3.564731672  -30.667197223
    3.573556159  -24.955623645
    3.582380646  -19.779916149
    3.591205132  -15.662342902
    3.600029619  -12.971711626
    3.608854106  -11.570321502
    3.617678593  -10.931953461
    3.626503079  -10.648741815
    3.635327566  -10.523224427
    3.644152053  -10.467966386
    3.652976540  -10.445204498
    3.661801026  -10.436340828
    3.670625513  -10.433434544
    3.679450000  -10.432557603
