#! FIELDS pp.proj projection
#! SET min_pp.proj 0.343794
#! SET max_pp.proj 3.67945
#! SET nbins_pp.proj  379
#! SET periodic_pp.proj false
    0.343794000  -10.432240308
    0.352618487  -10.432240308
    0.361442974  -10.432240308
    0.370267460  -10.432240308
    0.379091947  -10.432240308
    0.387916434  -10.432240308
    0.396740921  -10.432240308
    0.405565407  -10.432240308
    0.414389894  -10.432240308
    0.423214381  -10.432240308
    0.432038868  -10.432240308
    0.440863354  -10.432240308
    0.449687841  -10.432240308
    0.458512328  -10.432240308
    0.467336815  -10.432240308
    0.476161302  -10.432240308
    0.484985788  -10.432240308
    0.493810275  -10.432240308
    0.502634762  -10.432240308
    0.511459249  -10.432240308
    0.520283735  -10.432240308
    0.529108222  -10.432240308
    0.537932709  -10.432240308
    0.546757196  -10.432240308
    0.555581683  -10.432240308
    0.564406169  -10.432240308
    0.573230656  -10.432240308
    0.582055143  -10.432240308
    0.590879630  -10.432240308
    0.599704116  -10.432240308
    0.608528603  -10.432240308
    0.617353090  -10.432240308
    0.626177577  -10.432240308
    0.635002063  -10.432240308
    0.643826550  -10.432240308
    0.652651037  -10.432240308
    0.661475524  -10.432240308
    0.670300011  -10.432335249
    0.679124497  -10.432771246
    0.687948984  -10.434314706
    0.696773471  -10.439035904
    0.705597958  -10.452149850
    0.714422444  -10.485110351
    0.723246931  -10.561949249
    0.732071418  -10.734024066
    0.740895905  -11.116858711
    0.749720392  -11.957624454
    0.758544878  -13.612761467
    0.767369365  -16.175120399
    0.776193852  -19.234870151
    0.785018339  -22.302205082
    0.793842825  -25.122227846
    0.802667312  -27.654350134
    0.811491799  -29.944207611
    0.820316286  -32.014380337
    0.829140772  -33.836287393
    0.837965259  -35.367923923
    0.846789746  -36.590954639
    0.855614233  -37.514008766
    0.864438720  -38.165046195
    0.873263206  -38.594727134
    0.882087693  -38.885030706
    0.890912180  -39.114788912
    0.899736667  -39.296626544
    0.908561153  -39.348565280
    0.917385640  -39.155421551
    0.926210127  -38.692367667
    0.935034614  -38.075326539
    0.943859101  -37.486307368
    0.952683587  -37.015975946
    0.961508074  -36.595746433
    0.970332561  -36.057344438
    0.979157048  -35.316474487
    0.987981534  -34.464321716
    0.996806021  -33.688976571
    1.005630508  -33.130484936
    1.014454995  -32.816896541
    1.023279481  -32.660430495
    1.032103968  -32.492964458
    1.040928455  -32.122234002
    1.049752942  -31.420864997
    1.058577429  -30.370683744
    1.067401915  -29.010733508
    1.076226402  -27.392748240
    1.085050889  -25.600733594
    1.093875376  -23.773942368
    1.102699862  -22.050065948
    1.111524349  -20.504983778
    1.120348836  -19.150076819
    1.129173323  -17.956457850
    1.137997810  -16.881357644
    1.146822296  -15.891839125
    1.155646783  -14.971614035
    1.164471270  -14.137591783
    1.173295757  -13.432408357
    1.182120243  -12.892830140
    1.190944730  -12.510859834
    1.199769217  -12.243194932
    1.208593704  -12.027665843
    1.217418190  -11.813041152
    1.226242677  -11.585587340
    1.235067164  -11.379130839
    1.243891651  -11.243568800
    1.252716138  -11.210239269
    1.261540624  -11.289102756
    1.270365111  -11.476126291
    1.279189598  -11.757690062
    1.288014085  -12.125465143
    1.296838571  -12.591490560
    1.305663058  -13.196076081
    1.314487545  -13.980254340
    1.323312032  -14.940610882
    1.332136519  -15.983579315
    1.340961005  -16.932143249
    1.349785492  -17.596029929
    1.358609979  -17.872093505
    1.367434466  -17.813715893
    1.376258952  -17.610738448
    1.385083439  -17.485646945
    1.393907926  -17.575495833
    1.402732413  -17.912234320
    1.411556899  -18.468842859
    1.420381386  -19.181345387
    1.429205873  -19.937624816
    1.438030360  -20.589646842
    1.446854847  -21.053185698
    1.455679333  -21.389099661
    1.464503820  -21.768185041
    1.473328307  -22.322916167
    1.482152794  -23.023271879
    1.490977280  -23.703988623
    1.499801767  -24.187902677
    1.508626254  -24.400917182
    1.517450741  -24.412189353
    1.526275228  -24.387988745
    1.535099714  -24.491455707
    1.543924201  -24.778920570
    1.552748688  -25.175106714
    1.561573175  -25.510053143
    1.570397661  -25.594353529
    1.579222148  -25.314209154
    1.588046635  -24.685570492
    1.596871122  -23.842011051
    1.605695608  -22.954083908
    1.614520095  -22.136312921
    1.623344582  -21.411638520
    1.632169069  -20.731076058
    1.640993556  -20.048399211
    1.649818042  -19.357720738
    1.658642529  -18.691515878
    1.667467016  -18.094731735
    1.676291503  -17.594489321
    1.685115989  -17.183581821
    1.693940476  -16.813247564
    1.702764963  -16.403834960
    1.711589450  -15.898806173
    1.720413937  -15.314254899
    1.729238423  -14.750879518
    1.738062910  -14.325726887
    1.746887397  -14.107670506
    1.755711884  -14.107489197
    1.764536370  -14.343451576
    1.773360857  -14.893111774
    1.782185344  -15.856817782
    1.791009831  -17.196472985
    1.799834317  -18.605619412
    1.808658804  -19.659792915
    1.817483291  -20.109462788
    1.826307778  -20.034347398
    1.835132265  -19.759865959
    1.843956751  -19.621375421
    1.852781238  -19.764920970
    1.861605725  -20.090960038
    1.870430212  -20.338311242
    1.879254698  -20.267769656
    1.888079185  -19.813164544
    1.896903672  -19.105210836
    1.905728159  -18.357146636
    1.914552646  -17.725379299
    1.923377132  -17.245175177
    1.932201619  -16.863157605
    1.941026106  -16.515410986
    1.949850593  -16.185575726
    1.958675079  -15.924711998
    1.967499566  -15.812374312
    1.976324053  -15.897410783
    1.985148540  -16.159332767
    1.993973026  -16.514201749
    2.002797513  -16.864737280
    2.011622000  -17.161449958
    2.020446487  -17.425815084
    2.029270974  -17.707039693
    2.038095460  -18.015176996
    2.046919947  -18.314502116
    2.055744434  -18.564943101
    2.064568921  -18.737463173
    2.073393407  -18.783171828
    2.082217894  -18.616826545
    2.091042381  -18.181116354
    2.099866868  -17.540525493
    2.108691354  -16.906624811
    2.117515841  -16.535252730
    2.126340328  -16.578450400
    2.135164815  -17.017553667
    2.143989302  -17.674034360
    2.152813788  -18.279148404
    2.161638275  -18.588840530
    2.170462762  -18.507364147
    2.179287249  -18.122462371
    2.188111735  -17.644897374
    2.196936222  -17.285349298
    2.205760709  -17.167069475
    2.214585196  -17.305221895
    2.223409683  -17.630745039
    2.232234169  -18.028237888
    2.241058656  -18.392089008
    2.249883143  -18.671904858
    2.258707630  -18.885186709
    2.267532116  -19.082454680
    2.276356603  -19.284021195
    2.285181090  -19.455940688
    2.294005577  -19.542452794
    2.302830063  -19.500876373
    2.311654550  -19.321470655
    2.320479037  -19.030591481
    2.329303524  -18.666317306
    2.338128011  -18.252137866
    2.346952497  -17.797720109
    2.355776984  -17.333603044
    2.364601471  -16.900047545
    2.373425958  -16.516649199
    2.382250444  -16.172425792
    2.391074931  -15.841687623
    2.399899418  -15.523852509
    2.408723905  -15.251874943
    2.417548392  -15.059621067
    2.426372878  -14.954595440
    2.435197365  -14.927362894
    2.444021852  -14.955105464
    2.452846339  -14.998845295
    2.461670825  -15.021108511
    2.470495312  -15.012448190
    2.479319799  -14.994291086
    2.488144286  -14.994766866
    2.496968772  -15.029983422
    2.505793259  -15.104151451
    2.514617746  -15.205549139
    2.523442233  -15.299873095
    2.532266720  -15.344047074
    2.541091206  -15.315879877
    2.549915693  -15.228964718
    2.558740180  -15.107359992
    2.567564667  -14.973036117
    2.576389153  -14.850095542
    2.585213640  -14.779224234
    2.594038127  -14.791599010
    2.602862614  -14.871188016
    2.611687101  -14.959131835
    2.620511587  -15.002660509
    2.629336074  -14.985950883
    2.638160561  -14.921573695
    2.646985048  -14.846415786
    2.655809534  -14.803058739
    2.664634021  -14.823565755
    2.673458508  -14.907232077
    2.682282995  -15.014189542
    2.691107481  -15.089964690
    2.699931968  -15.097861288
    2.708756455  -15.045598063
    2.717580942  -14.974870382
    2.726405429  -14.926990336
    2.735229915  -14.920319086
    2.744054402  -14.947740477
    2.752878889  -14.988698568
    2.761703376  -15.005111232
    2.770527862  -14.952330968
    2.779352349  -14.808250674
    2.788176836  -14.594158474
    2.797001323  -14.371594676
    2.805825810  -14.226455893
    2.814650296  -14.239417604
    2.823474783  -14.462957757
    2.832299270  -14.888254292
    2.841123757  -15.422775731
    2.849948243  -15.904206463
    2.858772730  -16.192830852
    2.867597217  -16.274942228
    2.876421704  -16.274914551
    2.885246190  -16.374376169
    2.894070677  -16.697970337
    2.902895164  -17.238742358
    2.911719651  -17.841460015
    2.920544138  -18.270340248
    2.929368624  -18.343223551
    2.938193111  -18.044368572
    2.947017598  -17.527598517
    2.955842085  -17.023151862
    2.964666571  -16.717285658
    2.973491058  -16.671015650
    2.982315545  -16.813580635
    2.991140032  -17.005295940
    2.999964519  -17.122457056
    3.008789005  -17.130330848
    3.017613492  -17.106775295
    3.026437979  -17.182645615
    3.035262466  -17.412877310
    3.044086952  -17.706278713
    3.052911439  -17.916429138
    3.061735926  -17.984572642
    3.070560413  -17.963558515
    3.079384899  -17.952390610
    3.088209386  -18.026197669
    3.097033873  -18.185373111
    3.105858360  -18.332780618
    3.114682847  -18.313841537
    3.123507333  -18.027312780
    3.132331820  -17.519713646
    3.141156307  -16.965036567
    3.149980794  -16.553428622
    3.158805280  -16.377954082
    3.167629767  -16.404680777
    3.176454254  -16.514495920
    3.185278741  -16.592568037
    3.194103228  -16.572578333
    3.202927714  -16.430916023
    3.211752201  -16.146650655
    3.220576688  -15.709269590
    3.229401175  -15.164029239
    3.238225661  -14.632464696
    3.247050148  -14.251071400
    3.255874635  -14.092936797
    3.264699122  -14.130122805
    3.273523608  -14.255925791
    3.282348095  -14.348132659
    3.291172582  -14.346151072
    3.299997069  -14.294870365
    3.308821556  -14.308595691
    3.317646042  -14.482167048
    3.326470529  -14.828146089
    3.335295016  -15.247022581
    3.344119503  -15.572099482
    3.352943989  -15.657195497
    3.361768476  -15.477598280
    3.370592963  -15.137198331
    3.379417450  -14.781202582
    3.388241937  -14.504263766
    3.397066423  -14.337198023
    3.405890910  -14.274106615
    3.414715397  -14.291082186
    3.423539884  -14.352341426
    3.432364370  -14.404247515
    3.441188857  -14.382796939
    3.450013344  -14.239131700
    3.458837831  -13.979641990
    3.467662317  -13.667864835
    3.476486804  -13.387768482
    3.485311291  -13.187940472
    3.494135778  -13.053825847
    3.502960265  -12.916700683
    3.511784751  -12.696135534
    3.520609238  -12.353616383
    3.529433725  -11.924906106
    3.538258212  -11.492839838
    3.547082698  -11.128341181
    3.555907185  -10.859816031
    3.564731672  -10.679664206
    3.573556159  -10.567082362
    3.582380646  -10.501046994
    3.591205132  -10.464677034
    3.600029619  -10.446278351
    3.608854106  -10.437712337
    3.617678593  -10.434111802
    3.626503079  -10.432814353
    3.635327566  -10.432405352
    3.644152053  -10.432240308
    3.652976540  -10.432240308
    3.661801026  -10.432240308
    3.670625513  -10.432240308
    3.679450000  -10.432240308
