#! FIELDS pp.proj projection
#! SET min_pp.proj 0.343794
#! SET max_pp.proj 3.67945
#! SET nbins_pp.proj  379
#! SET periodic_pp.proj false
    0.343794000  -10.432240308
    0.352618487  -10.432240308
    0.361442974  -10.432240308
    0.370267460  -10.432240308
    0.379091947  -10.432240308
    0.387916434  -10.432240308
    0.396740921  -10.432240308
    0.405565407  -10.432240308
    0.414389894  -10.432268521
    0.423214381  -10.432381158
    0.432038868  -10.432868286
    0.440863354  -10.434385817
    0.449687841  -10.438755887
    0.458512328  -10.449981321
    0.467336815  -10.476095412
    0.476161302  -10.531875646
    0.484985788  -10.644041451
    0.493810275  -10.860754883
    0.502634762  -11.265881611
    0.511459249  -11.983133081
    0.520283735  -13.132539042
    0.529108222  -14.750181903
    0.537932709  -16.787925918
    0.546757196  -19.187400882
    0.555581683  -21.895412441
    0.564406169  -24.817998613
    0.573230656  -27.791876924
    0.582055143  -30.605649963
    0.590879630  -33.053646623
    0.599704116  -34.999838599
    0.608528603  -36.437973687
    0.617353090  -37.502706600
    0.626177577  -38.411479075
    0.635002063  -39.347049425
    0.643826550  -40.380006805
    0.652651037  -41.483973541
    0.661475524  -42.612840644
    0.670300011  -43.764939062
    0.679124497  -44.999853978
    0.687948984  -46.384361482
    0.696773471  -47.902911983
    0.705597958  -49.434492593
    0.714422444  -50.835278295
    0.723246931  -52.050205392
    0.732071418  -53.130432284
    0.740895905  -54.146469102
    0.749720392  -55.091151654
    0.758544878  -55.864384718
    0.767369365  -56.338172058
    0.776193852  -56.461885313
    0.785018339  -56.349486514
    0.793842825  -56.746241597
    0.802667312  -59.301487966
    0.811491799  -62.988610944
    0.820316286  -66.321050991
    0.829140772  -69.102597942
    0.837965259  -71.436385258
    0.846789746  -73.429068498
    0.855614233  -75.149057839
    0.864438720  -76.645091185
    0.873263206  -77.976405027
    0.882087693  -79.205677366
    0.890912180  -80.366934923
    0.899736667  -81.429808564
    0.908561153  -82.304338063
    0.917385640  -82.910831836
    0.926210127  -83.267737181
    0.935034614  -83.498946103
    0.943859101  -83.749981880
    0.952683587  -84.074172032
    0.961508074  -84.376880356
    0.970332561  -84.472882533
    0.979157048  -84.225154756
    0.987981534  -83.634638586
    0.996806021  -82.818040593
    1.005630508  -81.879426638
    1.014454995  -80.820169357
    1.023279481  -79.550759527
    1.032103968  -78.002867420
    1.040928455  -76.194573049
    1.049752942  -74.212028555
    1.058577429  -72.110735631
    1.067401915  -69.873831558
    1.076226402  -67.464447264
    1.085050889  -64.923164182
    1.093875376  -62.457380376
    1.102699862  -60.409876594
    1.111524349  -59.061796773
    1.120348836  -58.407198194
    1.129173323  -58.220290221
    1.137997810  -58.281344067
    1.146822296  -58.464721853
    1.155646783  -58.727926489
    1.164471270  -59.081205090
    1.173295757  -59.504138710
    1.182120243  -59.928051449
    1.190944730  -60.307304794
    1.199769217  -60.674682369
    1.208593704  -61.094644965
    1.217418190  -61.593611772
    1.226242677  -62.140876265
    1.235067164  -62.691649016
    1.243891651  -63.209659551
    1.252716138  -63.637920723
    1.261540624  -63.877767918
    1.270365111  -63.806797639
    1.279189598  -63.384809428
    1.288014085  -62.698258691
    1.296838571  -61.956468387
    1.305663058  -61.368168336
    1.314487545  -61.022329576
    1.323312032  -60.844569406
    1.332136519  -60.672686153
    1.340961005  -60.378591521
    1.349785492  -59.960238950
    1.358609979  -59.540899478
    1.367434466  -59.252048428
    1.376258952  -59.161204685
    1.385083439  -59.260307450
    1.393907926  -59.464513993
    1.402732413  -59.649921981
    1.411556899  -59.735131938
    1.420381386  -59.724229335
    1.429205873  -59.676675387
    1.438030360  -59.646943520
    1.446854847  -59.626572960
    1.455679333  -59.565733623
    1.464503820  -59.434747104
    1.473328307  -59.240544394
    1.482152794  -59.017591027
    1.490977280  -58.794323403
    1.499801767  -58.565731745
    1.508626254  -58.331103517
    1.517450741  -58.127404193
    1.526275228  -57.995740453
    1.535099714  -57.938341060
    1.543924201  -57.916880664
    1.552748688  -57.905713436
    1.561573175  -57.939434522
    1.570397661  -58.132707048
    1.579222148  -58.569869297
    1.588046635  -59.175095334
    1.596871122  -59.734883495
    1.605695608  -60.074630895
    1.614520095  -60.183545300
    1.623344582  -60.204115208
    1.632169069  -60.308016256
    1.640993556  -60.558204547
    1.649818042  -60.890077383
    1.658642529  -61.167430832
    1.667467016  -61.270788221
    1.676291503  -61.154018385
    1.685115989  -60.869344679
    1.693940476  -60.530764430
    1.702764963  -60.258931221
    1.711589450  -60.120354351
    1.720413937  -60.125200413
    1.729238423  -60.267875299
    1.738062910  -60.515061350
    1.746887397  -60.801092356
    1.755711884  -61.047000203
    1.764536370  -61.231327194
    1.773360857  -61.418704816
    1.782185344  -61.689169817
    1.791009831  -62.045943710
    1.799834317  -62.403082372
    1.808658804  -62.627699879
    1.817483291  -62.642583197
    1.826307778  -62.499051143
    1.835132265  -62.352350670
    1.843956751  -62.342467202
    1.852781238  -62.479658280
    1.861605725  -62.636773744
    1.870430212  -62.644110767
    1.879254698  -62.427505466
    1.888079185  -62.065573016
    1.896903672  -61.743100199
    1.905728159  -61.631630482
    1.914552646  -61.779747553
    1.923377132  -62.090814313
    1.932201619  -62.396813210
    1.941026106  -62.573652885
    1.949850593  -62.605078363
    1.958675079  -62.568851989
    1.967499566  -62.567393631
    1.976324053  -62.660051470
    1.985148540  -62.853973830
    1.993973026  -63.120294523
    2.002797513  -63.410433654
    2.011622000  -63.662183787
    2.020446487  -63.804592630
    2.029270974  -63.763639827
    2.038095460  -63.490581225
    2.046919947  -62.997668356
    2.055744434  -62.372464516
    2.064568921  -61.750067589
    2.073393407  -61.225923523
    2.082217894  -60.799249270
    2.091042381  -60.391163536
    2.099866868  -59.910551449
    2.108691354  -59.333719887
    2.117515841  -58.733513931
    2.126340328  -58.223915217
    2.135164815  -57.900026604
    2.143989302  -57.774000814
    2.152813788  -57.763141901
    2.161638275  -57.722096185
    2.170462762  -57.535873040
    2.179287249  -57.206348599
    2.188111735  -56.851578450
    2.196936222  -56.603989301
    2.205760709  -56.515009873
    2.214585196  -56.509306311
    2.223409683  -56.431813757
    2.232234169  -56.165307580
    2.241058656  -55.737869373
    2.249883143  -55.307150460
    2.258707630  -55.051850023
    2.267532116  -55.055003295
    2.276356603  -55.257280221
    2.285181090  -55.492684017
    2.294005577  -55.587806593
    2.302830063  -55.456186079
    2.311654550  -55.126890406
    2.320479037  -54.712751538
    2.329303524  -54.322559312
    2.338128011  -54.022830301
    2.346952497  -53.834606878
    2.355776984  -53.735227012
    2.364601471  -53.664600041
    2.373425958  -53.563130233
    2.382250444  -53.424094144
    2.391074931  -53.289270781
    2.399899418  -53.212632221
    2.408723905  -53.207153836
    2.417548392  -53.240303310
    2.426372878  -53.264225576
    2.435197365  -53.244223923
    2.444021852  -53.162056079
    2.452846339  -53.022641619
    2.461670825  -52.850566847
    2.470495312  -52.668592515
    2.479319799  -52.481617163
    2.488144286  -52.280621524
    2.496968772  -52.072089494
    2.505793259  -51.885972942
    2.514617746  -51.753805473
    2.523442233  -51.688687095
    2.532266720  -51.667508400
    2.541091206  -51.641242864
    2.549915693  -51.565051262
    2.558740180  -51.420470811
    2.567564667  -51.228822366
    2.576389153  -51.022054512
    2.585213640  -50.803320948
    2.594038127  -50.553951491
    2.602862614  -50.285302964
    2.611687101  -50.066411992
    2.620511587  -49.979259921
    2.629336074  -50.044302457
    2.638160561  -50.193831993
    2.646985048  -50.345340988
    2.655809534  -50.474671243
    2.664634021  -50.595231653
    2.673458508  -50.690318620
    2.682282995  -50.696067710
    2.691107481  -50.553972591
    2.699931968  -50.273490765
    2.708756455  -49.959540113
    2.717580942  -49.752712946
    2.726405429  -49.736081254
    2.735229915  -49.894118926
    2.744054402  -50.105430833
    2.752878889  -50.217068851
    2.761703376  -50.141496720
    2.770527862  -49.905440474
    2.779352349  -49.595427608
    2.788176836  -49.290927780
    2.797001323  -49.036746121
    2.805825810  -48.869210271
    2.814650296  -48.809231473
    2.823474783  -48.853258585
    2.832299270  -48.966576191
    2.841123757  -49.101277154
    2.849948243  -49.190445568
    2.858772730  -49.163947164
    2.867597217  -49.000310959
    2.876421704  -48.773322973
    2.885246190  -48.617025409
    2.894070677  -48.647904756
    2.902895164  -48.896424624
    2.911719651  -49.296594594
    2.920544138  -49.711177908
    2.929368624  -50.007931209
    2.938193111  -50.118113125
    2.947017598  -50.050764308
    2.955842085  -49.850371407
    2.964666571  -49.572151128
    2.973491058  -49.287100677
    2.982315545  -49.067068989
    2.991140032  -48.944942726
    2.999964519  -48.898206359
    3.008789005  -48.882431029
    3.017613492  -48.869832547
    3.026437979  -48.871600759
    3.035262466  -48.910980557
    3.044086952  -48.983394495
    3.052911439  -49.059321365
    3.061735926  -49.133283232
    3.070560413  -49.212881532
    3.079384899  -49.265723673
    3.088209386  -49.232331931
    3.097033873  -49.106955756
    3.105858360  -48.940685465
    3.114682847  -48.777412029
    3.123507333  -48.654488766
    3.132331820  -48.635231159
    3.141156307  -48.771786280
    3.149980794  -49.036993822
    3.158805280  -49.325735838
    3.167629767  -49.535410269
    3.176454254  -49.629727068
    3.185278741  -49.641836656
    3.194103228  -49.625628771
    3.202927714  -49.635270291
    3.211752201  -49.697938536
    3.220576688  -49.812546662
    3.229401175  -49.952038480
    3.238225661  -50.094530866
    3.247050148  -50.257649832
    3.255874635  -50.485496470
    3.264699122  -50.785933824
    3.273523608  -51.081458694
    3.282348095  -51.256229056
    3.291172582  -51.237048089
    3.299997069  -51.043418484
    3.308821556  -50.769733050
    3.317646042  -50.523856462
    3.326470529  -50.397156090
    3.335295016  -50.419035660
    3.344119503  -50.531169810
    3.352943989  -50.620977665
    3.361768476  -50.611586801
    3.370592963  -50.514409203
    3.379417450  -50.404968092
    3.388241937  -50.342506130
    3.397066423  -50.317406804
    3.405890910  -50.288305455
    3.414715397  -50.256832812
    3.423539884  -50.264438148
    3.432364370  -50.337245736
    3.441188857  -50.439242027
    3.450013344  -50.482705431
    3.458837831  -50.406797010
    3.467662317  -50.228124231
    3.476486804  -50.050971057
    3.485311291  -49.966886634
    3.494135778  -49.959351386
    3.502960265  -49.841304268
    3.511784751  -49.298171930
    3.520609238  -47.994978983
    3.529433725  -45.689926584
    3.538258212  -42.293709526
    3.547082698  -37.897710454
    3.555907185  -32.766857253
    3.564731672  -27.320263174
    3.573556159  -22.064219782
    3.582380646  -17.524481314
    3.591205132  -14.175826441
    3.600029619  -12.192693570
    3.608854106  -11.223693406
    3.617678593  -10.784806856
    3.626503079  -10.586792206
    3.635327566  -10.497796719
    3.644152053  -10.458120663
    3.652976540  -10.441751482
    3.661801026  -10.435316062
    3.670625513  -10.433140599
    3.679450000  -10.432492759
