#! FIELDS pp.proj projection
#! SET min_pp.proj 0.343794
#! SET max_pp.proj 3.67945
#! SET nbins_pp.proj  379
#! SET periodic_pp.proj false
    0.343794000  -10.432240308
    0.352618487  -10.432240308
    0.361442974  -10.432240308
    0.370267460  -10.432240308
    0.379091947  -10.432240308
    0.387916434  -10.432240308
    0.396740921  -10.432240308
    0.405565407  -10.432240308
    0.414389894  -10.432268521
    0.423214381  -10.432381158
    0.432038868  -10.432868286
    0.440863354  -10.434385817
    0.449687841  -10.438755887
    0.458512328  -10.449981321
    0.467336815  -10.476095412
    0.476161302  -10.531875646
    0.484985788  -10.644041451
    0.493810275  -10.860754883
    0.502634762  -11.265881611
    0.511459249  -11.983133081
    0.520283735  -13.132539042
    0.529108222  -14.750181903
    0.537932709  -16.787925918
    0.546757196  -19.187400882
    0.555581683  -21.895412441
    0.564406169  -24.817998613
    0.573230656  -27.791876924
    0.582055143  -30.605649963
    0.590879630  -33.053646623
    0.599704116  -34.999838599
    0.608528603  -36.437973687
    0.617353090  -37.502706600
    0.626177577  -38.411479075
    0.635002063  -39.347049425
    0.643826550  -40.380006805
    0.652651037  -41.483973541
    0.661475524  -42.612840644
    0.670300011  -43.764939062
    0.679124497  -44.999853978
    0.687948984  -46.384361482
    0.696773471  -47.902911983
    0.705597958  -49.434492593
    0.714422444  -50.835278295
    0.723246931  -52.050205392
    0.732071418  -53.130432284
    0.740895905  -54.146469102
    0.749720392  -55.091151654
    0.758544878  -55.864384718
    0.767369365  -56.338172058
    0.776193852  -56.461885313
    0.785018339  -56.349486514
    0.793842825  -56.746241597
    0.802667312  -59.301487966
    0.811491799  -62.988610944
    0.820316286  -66.321050991
    0.829140772  -69.102597942
    0.837965259  -71.436385258
    0.846789746  -73.429068498
    0.855614233  -75.149057839
    0.864438720  -76.645091185
    0.873263206  -77.976405027
    0.882087693  -79.205677366
    0.890912180  -80.366934923
    0.899736667  -81.429808564
    0.908561153  -82.304338297
    0.917385640  -82.910832682
    0.926210127  -83.267739920
    0.935034614  -83.498954082
    0.943859101  -83.750002898
    0.952683587  -84.074222419
    0.961508074  -84.376990387
    0.970332561  -84.473100272
    0.979157048  -84.225542051
    0.987981534  -83.635255177
    0.996806021  -82.818924081
    1.005630508  -81.880588018
    1.014454995  -80.821635909
    1.023279481  -79.552787123
    1.032103968  -78.006187592
    1.040928455  -76.201352761
    1.049752942  -74.228359536
    1.058577429  -72.155002745
    1.067401915  -70.007429759
    1.076226402  -67.912402337
    1.085050889  -66.412605786
    1.093875376  -66.220547317
    1.102699862  -66.981540467
    1.111524349  -67.949479393
    1.120348836  -68.800848392
    1.129173323  -69.474374607
    1.137997810  -70.009231805
    1.146822296  -70.459489663
    1.155646783  -70.825201469
    1.164471270  -71.065759297
    1.173295757  -71.135985529
    1.182120243  -71.027816116
    1.190944730  -70.754199647
    1.199769217  -70.343867431
    1.208593704  -69.842056458
    1.217418190  -69.316584499
    1.226242677  -68.850871195
    1.235067164  -68.519972025
    1.243891651  -68.343085640
    1.252716138  -68.281466117
    1.261540624  -68.256972693
    1.270365111  -68.171151325
    1.279189598  -67.944508990
    1.288014085  -67.536352829
    1.296838571  -66.955056770
    1.305663058  -66.265874831
    1.314487545  -65.558886324
    1.323312032  -64.899032697
    1.332136519  -64.299223619
    1.340961005  -63.740176038
    1.349785492  -63.215523000
    1.358609979  -62.749220047
    1.367434466  -62.375995318
    1.376258952  -62.147008205
    1.385083439  -62.108838631
    1.393907926  -62.250632621
    1.402732413  -62.514887280
    1.411556899  -62.852974742
    1.420381386  -63.242327498
    1.429205873  -63.650385190
    1.438030360  -64.018714168
    1.446854847  -64.278282120
    1.455679333  -64.394843494
    1.464503820  -64.413820930
    1.473328307  -64.440196448
    1.482152794  -64.576531158
    1.490977280  -64.875088008
    1.499801767  -65.349641498
    1.508626254  -66.002371530
    1.517450741  -66.803821619
    1.526275228  -67.669042695
    1.535099714  -68.490218469
    1.543924201  -69.182503975
    1.552748688  -69.713598886
    1.561573175  -70.090145866
    1.570397661  -70.354036745
    1.579222148  -70.551585310
    1.588046635  -70.701506480
    1.596871122  -70.769551121
    1.605695608  -70.723178807
    1.614520095  -70.575250351
    1.623344582  -70.369142672
    1.632169069  -70.131347019
    1.640993556  -69.868824706
    1.649818042  -69.587851927
    1.658642529  -69.265295845
    1.667467016  -68.857627348
    1.676291503  -68.341631832
    1.685115989  -67.745549772
    1.693940476  -67.131207886
    1.702764963  -66.585509803
    1.711589450  -66.196861400
    1.720413937  -66.035731333
    1.729238423  -66.152546625
    1.738062910  -66.561296605
    1.746887397  -67.239692111
    1.755711884  -68.128737781
    1.764536370  -69.170325168
    1.773360857  -70.327509238
    1.782185344  -71.564282341
    1.791009831  -72.814229657
    1.799834317  -73.977641586
    1.808658804  -74.916881213
    1.817483291  -75.537817391
    1.826307778  -75.875534886
    1.835132265  -76.088524742
    1.843956751  -76.333525241
    1.852781238  -76.642635782
    1.861605725  -76.914803085
    1.870430212  -76.999111456
    1.879254698  -76.813987387
    1.888079185  -76.399380810
    1.896903672  -75.890907663
    1.905728159  -75.434802593
    1.914552646  -75.100905238
    1.923377132  -74.852148233
    1.932201619  -74.587193749
    1.941026106  -74.232984294
    1.949850593  -73.802400688
    1.958675079  -73.379582033
    1.967499566  -73.054808721
    1.976324053  -72.857082893
    1.985148540  -72.754854024
    1.993973026  -72.691617424
    2.002797513  -72.629292629
    2.011622000  -72.544388224
    2.020446487  -72.403771129
    2.029270974  -72.152531774
    2.038095460  -71.753992278
    2.046919947  -71.240721076
    2.055744434  -70.720956233
    2.064568921  -70.319166219
    2.073393407  -70.081535777
    2.082217894  -69.943110395
    2.091042381  -69.778313029
    2.099866868  -69.479216658
    2.108691354  -69.030200427
    2.117515841  -68.523671593
    2.126340328  -68.089967236
    2.135164815  -67.834987125
    2.143989302  -67.792436513
    2.152813788  -67.910326481
    2.161638275  -68.063624926
    2.170462762  -68.116347392
    2.179287249  -68.012488049
    2.188111735  -67.820337574
    2.196936222  -67.679450415
    2.205760709  -67.698614115
    2.214585196  -67.877932826
    2.223409683  -68.114767318
    2.232234169  -68.269913466
    2.241058656  -68.256708716
    2.249883143  -68.088533219
    2.258707630  -67.865805702
    2.267532116  -67.703626315
    2.276356603  -67.658132965
    2.285181090  -67.711919061
    2.294005577  -67.811901458
    2.302830063  -67.906742741
    2.311654550  -67.956525948
    2.320479037  -67.946406821
    2.329303524  -67.884306795
    2.338128011  -67.797121206
    2.346952497  -67.713333539
    2.355776984  -67.645670604
    2.364601471  -67.583649462
    2.373425958  -67.509239093
    2.382250444  -67.433948129
    2.391074931  -67.394954164
    2.399899418  -67.420185958
    2.408723905  -67.489258490
    2.417548392  -67.556390205
    2.426372878  -67.593570220
    2.435197365  -67.600411467
    2.444021852  -67.577378170
    2.452846339  -67.515625265
    2.461670825  -67.405648995
    2.470495312  -67.253291050
    2.479319799  -67.080724961
    2.488144286  -66.914756846
    2.496968772  -66.791048566
    2.505793259  -66.744985052
    2.514617746  -66.788080602
    2.523442233  -66.889689863
    2.532266720  -66.978161725
    2.541091206  -66.984865959
    2.549915693  -66.903870056
    2.558740180  -66.797592341
    2.567564667  -66.738247587
    2.576389153  -66.730214849
    2.585213640  -66.699298677
    2.594038127  -66.563452221
    2.602862614  -66.321576569
    2.611687101  -66.063856441
    2.620511587  -65.885177006
    2.629336074  -65.803358306
    2.638160561  -65.766996272
    2.646985048  -65.736695782
    2.655809534  -65.725715791
    2.664634021  -65.751421164
    2.673458508  -65.781776458
    2.682282995  -65.752997403
    2.691107481  -65.631611356
    2.699931968  -65.433993828
    2.708756455  -65.210703570
    2.717580942  -65.012927777
    2.726405429  -64.873828081
    2.735229915  -64.798407077
    2.744054402  -64.743862511
    2.752878889  -64.668993496
    2.761703376  -64.579691179
    2.770527862  -64.525818904
    2.779352349  -64.543322454
    2.788176836  -64.621659285
    2.797001323  -64.726970405
    2.805825810  -64.852030386
    2.814650296  -65.007119839
    2.823474783  -65.192099287
    2.832299270  -65.373417382
    2.841123757  -65.490956245
    2.849948243  -65.460415444
    2.858772730  -65.217383257
    2.867597217  -64.785388489
    2.876421704  -64.296383339
    2.885246190  -63.913283864
    2.894070677  -63.741565539
    2.902895164  -63.782495110
    2.911719651  -63.947938323
    2.920544138  -64.095769910
    2.929368624  -64.098495611
    2.938193111  -63.899654407
    2.947017598  -63.529146021
    2.955842085  -63.062768288
    2.964666571  -62.593327561
    2.973491058  -62.224883398
    2.982315545  -62.049236138
    2.991140032  -62.097321172
    2.999964519  -62.311983571
    3.008789005  -62.578229708
    3.017613492  -62.775736471
    3.026437979  -62.843645248
    3.035262466  -62.806447989
    3.044086952  -62.739440699
    3.052911439  -62.706667908
    3.061735926  -62.742654776
    3.070560413  -62.844833601
    3.079384899  -62.972642995
    3.088209386  -63.059439965
    3.097033873  -63.059248376
    3.105858360  -62.963330504
    3.114682847  -62.786739660
    3.123507333  -62.583985155
    3.132331820  -62.437446379
    3.141156307  -62.399209055
    3.149980794  -62.444253359
    3.158805280  -62.492009216
    3.167629767  -62.475810084
    3.176454254  -62.387496196
    3.185278741  -62.279474659
    3.194103228  -62.209620043
    3.202927714  -62.210798879
    3.211752201  -62.273020251
    3.220576688  -62.365560506
    3.229401175  -62.462574405
    3.238225661  -62.552746185
    3.247050148  -62.630828191
    3.255874635  -62.701659764
    3.264699122  -62.785316561
    3.273523608  -62.883228324
    3.282348095  -62.962714003
    3.291172582  -62.967815039
    3.299997069  -62.868519825
    3.308821556  -62.694962799
    3.317646042  -62.522276074
    3.326470529  -62.426249702
    3.335295016  -62.417687859
    3.344119503  -62.436688455
    3.352943989  -62.411736376
    3.361768476  -62.333795279
    3.370592963  -62.254134334
    3.379417450  -62.236318743
    3.388241937  -62.297228199
    3.397066423  -62.383249007
    3.405890910  -62.412168414
    3.414715397  -62.359151074
    3.423539884  -62.265937141
    3.432364370  -62.192920334
    3.441188857  -62.158870611
    3.450013344  -62.127725376
    3.458837831  -62.065197687
    3.467662317  -61.970737333
    3.476486804  -61.892199263
    3.485311291  -61.859536152
    3.494135778  -61.830737440
    3.502960265  -61.643233412
    3.511784751  -61.046193655
    3.520609238  -59.789782391
    3.529433725  -57.705893310
    3.538258212  -54.705435654
    3.547082698  -50.748659259
    3.555907185  -45.836826164
    3.564731672  -40.087371183
    3.573556159  -33.802250678
    3.582380646  -27.456844063
    3.591205132  -21.603992575
    3.600029619  -16.801817608
    3.608854106  -13.526570875
    3.617678593  -11.780974480
    3.626503079  -11.000725068
    3.635327566  -10.667894322
    3.644152053  -10.525432659
    3.652976540  -10.466491526
    3.661801026  -10.443467227
    3.670625513  -10.435486593
    3.679450000  -10.432979094
