#! FIELDS pp.proj projection
#! SET min_pp.proj 0.343794
#! SET max_pp.proj 3.67945
#! SET nbins_pp.proj  379
#! SET periodic_pp.proj false
    0.343794000  -10.432240308
    0.352618487  -10.432240308
    0.361442974  -10.432240308
    0.370267460  -10.432240308
    0.379091947  -10.432240308
    0.387916434  -10.432240308
    0.396740921  -10.432240308
    0.405565407  -10.432240308
    0.414389894  -10.432240308
    0.423214381  -10.432240308
    0.432038868  -10.432240308
    0.440863354  -10.432240308
    0.449687841  -10.432240308
    0.458512328  -10.432240308
    0.467336815  -10.432240308
    0.476161302  -10.432240308
    0.484985788  -10.432240308
    0.493810275  -10.432240308
    0.502634762  -10.432240308
    0.511459249  -10.432240308
    0.520283735  -10.432240308
    0.529108222  -10.432240308
    0.537932709  -10.432240308
    0.546757196  -10.432240308
    0.555581683  -10.432240308
    0.564406169  -10.432240308
    0.573230656  -10.432240308
    0.582055143  -10.432240308
    0.590879630  -10.432240308
    0.599704116  -10.432240308
    0.608528603  -10.432240308
    0.617353090  -10.432240308
    0.626177577  -10.432240308
    0.635002063  -10.432240308
    0.643826550  -10.432240308
    0.652651037  -10.432240308
    0.661475524  -10.432240308
    0.670300011  -10.432335249
    0.679124497  -10.432771246
    0.687948984  -10.434314706
    0.696773471  -10.439035904
    0.705597958  -10.452149850
    0.714422444  -10.485110351
    0.723246931  -10.561949249
    0.732071418  -10.734024066
    0.740895905  -11.116858711
    0.749720392  -11.957624454
    0.758544878  -13.612761467
    0.767369365  -16.175120399
    0.776193852  -19.234870151
    0.785018339  -22.302205082
    0.793842825  -25.122227846
    0.802667312  -27.654350134
    0.811491799  -29.944207611
    0.820316286  -32.014380337
    0.829140772  -33.836287393
    0.837965259  -35.367923923
    0.846789746  -36.590954639
    0.855614233  -37.514008766
    0.864438720  -38.165046195
    0.873263206  -38.594727134
    0.882087693  -38.885030706
    0.890912180  -39.114788912
    0.899736667  -39.296626544
    0.908561153  -39.348565280
    0.917385640  -39.155421551
    0.926210127  -38.692367667
    0.935034614  -38.075326539
    0.943859101  -37.486307368
    0.952683587  -37.015975946
    0.961508074  -36.595746433
    0.970332561  -36.057344438
    0.979157048  -35.316474487
    0.987981534  -34.464321716
    0.996806021  -33.688976571
    1.005630508  -33.130484936
    1.014454995  -32.817009470
    1.023279481  -32.660894142
    1.032103968  -32.494728518
    1.040928455  -32.127637787
    1.049752942  -31.435243886
    1.058577429  -30.403065295
    1.067401915  -29.076353977
    1.076226402  -27.518847155
    1.085050889  -25.838277053
    1.093875376  -24.208658168
    1.102699862  -22.811466563
    1.111524349  -21.786088822
    1.120348836  -21.257127289
    1.129173323  -21.356260112
    1.137997810  -22.140414326
    1.146822296  -23.466522578
    1.155646783  -25.016655419
    1.164471270  -26.472271966
    1.173295757  -27.652595323
    1.182120243  -28.582321512
    1.190944730  -29.475001079
    1.199769217  -30.658035791
    1.208593704  -32.371600761
    1.217418190  -34.530696873
    1.226242677  -36.758733657
    1.235067164  -38.703808128
    1.243891651  -40.214742469
    1.252716138  -41.308734954
    1.261540624  -42.086274002
    1.270365111  -42.650339558
    1.279189598  -43.071215850
    1.288014085  -43.390337791
    1.296838571  -43.620736147
    1.305663058  -43.737019607
    1.314487545  -43.678679228
    1.323312032  -43.397295892
    1.332136519  -42.896044962
    1.340961005  -42.239737787
    1.349785492  -41.507324717
    1.358609979  -40.748311656
    1.367434466  -39.976177784
    1.376258952  -39.214622435
    1.385083439  -38.535548753
    1.393907926  -38.035188722
    1.402732413  -37.773804942
    1.411556899  -37.745370840
    1.420381386  -37.899829629
    1.429205873  -38.180936927
    1.438030360  -38.533726463
    1.446854847  -38.898461403
    1.455679333  -39.233535427
    1.464503820  -39.565244568
    1.473328307  -39.982121349
    1.482152794  -40.536419797
    1.490977280  -41.182366126
    1.499801767  -41.807808870
    1.508626254  -42.337114383
    1.517450741  -42.804611504
    1.526275228  -43.310294979
    1.535099714  -43.916579762
    1.543924201  -44.579860330
    1.552748688  -45.171508105
    1.561573175  -45.554483578
    1.570397661  -45.688488296
    1.579222148  -45.657821895
    1.588046635  -45.604667806
    1.596871122  -45.643875864
    1.605695608  -45.831684602
    1.614520095  -46.154293897
    1.623344582  -46.520272528
    1.632169069  -46.804506921
    1.640993556  -46.926843311
    1.649818042  -46.879856376
    1.658642529  -46.679300606
    1.667467016  -46.341430654
    1.676291503  -45.910021209
    1.685115989  -45.475216777
    1.693940476  -45.126179997
    1.702764963  -44.896858482
    1.711589450  -44.769959073
    1.720413937  -44.739763075
    1.729238423  -44.864147214
    1.738062910  -45.225316148
    1.746887397  -45.895145544
    1.755711884  -46.901510669
    1.764536370  -48.215372324
    1.773360857  -49.757536222
    1.782185344  -51.429062280
    1.791009831  -53.088760409
    1.799834317  -54.544061340
    1.808658804  -55.596936911
    1.817483291  -56.173043635
    1.826307778  -56.388924966
    1.835132265  -56.483541427
    1.843956751  -56.645757030
    1.852781238  -56.875544507
    1.861605725  -56.990653370
    1.870430212  -56.767912107
    1.879254698  -56.120835054
    1.888079185  -55.156843157
    1.896903672  -54.115520046
    1.905728159  -53.232346880
    1.914552646  -52.618283097
    1.923377132  -52.220742219
    1.932201619  -51.884830083
    1.941026106  -51.479437284
    1.949850593  -50.990657532
    1.958675079  -50.525749954
    1.967499566  -50.226105396
    1.976324053  -50.177970001
    1.985148540  -50.390548045
    1.993973026  -50.799227066
    2.002797513  -51.294259560
    2.011622000  -51.759821302
    2.020446487  -52.095840045
    2.029270974  -52.235087141
    2.038095460  -52.169550240
    2.046919947  -51.972880717
    2.055744434  -51.770383437
    2.064568921  -51.677347219
    2.073393407  -51.719388635
    2.082217894  -51.815688153
    2.091042381  -51.832983364
    2.099866868  -51.660817641
    2.108691354  -51.280397723
    2.117515841  -50.781370136
    2.126340328  -50.284817212
    2.135164815  -49.875737529
    2.143989302  -49.550818613
    2.152813788  -49.223082651
    2.161638275  -48.758084824
    2.170462762  -48.076010827
    2.179287249  -47.250402568
    2.188111735  -46.506072106
    2.196936222  -46.074264285
    2.205760709  -46.027678751
    2.214585196  -46.209355277
    2.223409683  -46.323882090
    2.232234169  -46.124041350
    2.241058656  -45.563379808
    2.249883143  -44.803407266
    2.258707630  -44.100466944
    2.267532116  -43.639321537
    2.276356603  -43.427344010
    2.285181090  -43.305482112
    2.294005577  -43.070059298
    2.302830063  -42.615294751
    2.311654550  -41.974999946
    2.320479037  -41.259498601
    2.329303524  -40.542598237
    2.338128011  -39.839659541
    2.346952497  -39.145356949
    2.355776984  -38.477213049
    2.364601471  -37.886103072
    2.373425958  -37.450129344
    2.382250444  -37.248611740
    2.391074931  -37.297020380
    2.399899418  -37.523793578
    2.408723905  -37.788113146
    2.417548392  -37.940867647
    2.426372878  -37.886038984
    2.435197365  -37.617111612
    2.444021852  -37.201604411
    2.452846339  -36.744518791
    2.461670825  -36.346252688
    2.470495312  -36.065637757
    2.479319799  -35.907775315
    2.488144286  -35.826478526
    2.496968772  -35.762573094
    2.505793259  -35.681074500
    2.514617746  -35.563867117
    2.523442233  -35.398318362
    2.532266720  -35.181666814
    2.541091206  -34.951411377
    2.549915693  -34.783338536
    2.558740180  -34.738854089
    2.567564667  -34.813310510
    2.576389153  -34.922765581
    2.585213640  -34.956021124
    2.594038127  -34.868543421
    2.602862614  -34.726459564
    2.611687101  -34.658469272
    2.620511587  -34.746711082
    2.629336074  -34.970754861
    2.638160561  -35.239565667
    2.646985048  -35.477391212
    2.655809534  -35.658632319
    2.664634021  -35.777026438
    2.673458508  -35.805849631
    2.682282995  -35.703495958
    2.691107481  -35.459824436
    2.699931968  -35.131410993
    2.708756455  -34.829381721
    2.717580942  -34.642657589
    2.726405429  -34.580796412
    2.735229915  -34.600811585
    2.744054402  -34.656723605
    2.752878889  -34.726054629
    2.761703376  -34.778766891
    2.770527862  -34.788469683
    2.779352349  -34.757674483
    2.788176836  -34.701911854
    2.797001323  -34.632118064
    2.805825810  -34.575061741
    2.814650296  -34.577694075
    2.823474783  -34.682037453
    2.832299270  -34.884505887
    2.841123757  -35.123658873
    2.849948243  -35.294342223
    2.858772730  -35.307680173
    2.867597217  -35.161428763
    2.876421704  -34.961316007
    2.885246190  -34.856007992
    2.894070677  -34.928580561
    2.902895164  -35.169718202
    2.911719651  -35.517592478
    2.920544138  -35.873558694
    2.929368624  -36.120483052
    2.938193111  -36.172227879
    2.947017598  -36.041794737
    2.955842085  -35.865469157
    2.964666571  -35.830310284
    2.973491058  -36.056007362
    2.982315545  -36.530157961
    2.991140032  -37.120207513
    2.999964519  -37.638243659
    3.008789005  -37.927998856
    3.017613492  -37.937585695
    3.026437979  -37.742888851
    3.035262466  -37.476456262
    3.044086952  -37.247597609
    3.052911439  -37.139149123
    3.061735926  -37.212686669
    3.070560413  -37.436298191
    3.079384899  -37.681634044
    3.088209386  -37.827238725
    3.097033873  -37.851853081
    3.105858360  -37.800693125
    3.114682847  -37.686366912
    3.123507333  -37.487953344
    3.132331820  -37.235514209
    3.141156307  -37.012339572
    3.149980794  -36.887284386
    3.158805280  -36.871472117
    3.167629767  -36.938429854
    3.176454254  -37.060832867
    3.185278741  -37.226958553
    3.194103228  -37.388827271
    3.202927714  -37.460974029
    3.211752201  -37.379727672
    3.220576688  -37.179391702
    3.229401175  -36.971426981
    3.238225661  -36.854703721
    3.247050148  -36.870213968
    3.255874635  -37.032603177
    3.264699122  -37.315994685
    3.273523608  -37.589667458
    3.282348095  -37.661008639
    3.291172582  -37.407754565
    3.299997069  -36.893110537
    3.308821556  -36.342471977
    3.317646042  -35.982251339
    3.326470529  -35.914325567
    3.335295016  -36.082437481
    3.344119503  -36.330730152
    3.352943989  -36.482278505
    3.361768476  -36.423377655
    3.370592963  -36.156954788
    3.379417450  -35.794236123
    3.388241937  -35.480833190
    3.397066423  -35.312820369
    3.405890910  -35.310229116
    3.414715397  -35.453158221
    3.423539884  -35.685245800
    3.432364370  -35.919426526
    3.441188857  -36.052779061
    3.450013344  -36.015193752
    3.458837831  -35.822507985
    3.467662317  -35.571346823
    3.476486804  -35.406000507
    3.485311291  -35.406614609
    3.494135778  -35.499067078
    3.502960265  -35.421416618
    3.511784751  -34.799394214
    3.520609238  -33.296339049
    3.529433725  -30.770042759
    3.538258212  -27.347192058
    3.547082698  -23.393985674
    3.555907185  -19.404641201
    3.564731672  -15.911339329
    3.573556159  -13.360528573
    3.582380646  -11.853563109
    3.591205132  -11.091409665
    3.600029619  -10.729129569
    3.608854106  -10.560128246
    3.617678593  -10.483582377
    3.626503079  -10.451037260
    3.635327566  -10.438480393
    3.644152053  -10.433816649
    3.652976540  -10.432685472
    3.661801026  -10.432240308
    3.670625513  -10.432240308
    3.679450000  -10.432240308
