#! FIELDS pp.proj projection
#! SET min_pp.proj 0.343794
#! SET max_pp.proj 3.67945
#! SET nbins_pp.proj  379
#! SET periodic_pp.proj false
    0.343794000  -10.432566309
    0.352618487  -10.433745217
    0.361442974  -10.437811550
    0.370267460  -10.449942931
    0.379091947  -10.483489680
    0.387916434  -10.570743446
    0.396740921  -10.792005088
    0.405565407  -11.365586866
    0.414389894  -12.879864128
    0.423214381  -16.339273303
    0.432038868  -22.035050850
    0.440863354  -29.182729896
    0.449687841  -36.805616093
    0.458512328  -43.994713775
    0.467336815  -50.087391473
    0.476161302  -54.797120864
    0.484985788  -58.183189779
    0.493810275  -60.515857359
    0.502634762  -62.133646183
    0.511459249  -63.342484924
    0.520283735  -64.343721474
    0.529108222  -65.201514258
    0.537932709  -65.880759137
    0.546757196  -66.327617103
    0.555581683  -66.530246147
    0.564406169  -66.522589556
    0.573230656  -66.334030991
    0.582055143  -65.987151455
    0.590879630  -65.573249699
    0.599704116  -65.526838595
    0.608528603  -66.759477384
    0.617353090  -69.376888931
    0.626177577  -72.413329712
    0.635002063  -75.242097285
    0.643826550  -77.624851217
    0.652651037  -79.457766207
    0.661475524  -80.695974615
    0.670300011  -81.334345422
    0.679124497  -81.441771153
    0.687948984  -81.154491334
    0.696773471  -80.669652993
    0.705597958  -80.203797418
    0.714422444  -79.922960998
    0.723246931  -79.879931944
    0.732071418  -80.018036068
    0.740895905  -80.221568220
    0.749720392  -80.387823834
    0.758544878  -80.451642430
    0.767369365  -80.394811762
    0.776193852  -80.238837465
    0.785018339  -80.030220497
    0.793842825  -79.815428705
    0.802667312  -79.603428223
    0.811491799  -79.411711203
    0.820316286  -79.304301414
    0.829140772  -79.343018341
    0.837965259  -79.524522309
    0.846789746  -79.809827142
    0.855614233  -80.184442591
    0.864438720  -80.651098803
    0.873263206  -81.205784036
    0.882087693  -81.829336073
    0.890912180  -82.493337408
    0.899736667  -83.151563691
    0.908561153  -83.731244059
    0.917385640  -84.164800384
    0.926210127  -84.456289240
    0.935034614  -84.698805669
    0.943859101  -85.004747657
    0.952683587  -85.414204697
    0.961508074  -85.844008369
    0.970332561  -86.129511735
    0.979157048  -86.145591660
    0.987981534  -85.907953593
    0.996806021  -85.563919490
    1.005630508  -85.270441763
    1.014454995  -85.093956092
    1.023279481  -85.011473954
    1.032103968  -85.010350956
    1.040928455  -85.129855448
    1.049752942  -85.408386476
    1.058577429  -85.786554382
    1.067401915  -86.132824742
    1.076226402  -86.345977051
    1.085050889  -86.406890100
    1.093875376  -86.382137599
    1.102699862  -86.371742446
    1.111524349  -86.454278620
    1.120348836  -86.667058462
    1.129173323  -86.999073679
    1.137997810  -87.401589504
    1.146822296  -87.828808044
    1.155646783  -88.243648349
    1.164471270  -88.615800090
    1.173295757  -88.927584944
    1.182120243  -89.186372885
    1.190944730  -89.404786962
    1.199769217  -89.591220700
    1.208593704  -89.739079822
    1.217418190  -89.839192849
    1.226242677  -89.884946196
    1.235067164  -89.884839658
    1.243891651  -89.869127602
    1.252716138  -89.904448581
    1.261540624  -90.053707518
    1.270365111  -90.317195412
    1.279189598  -90.606454603
    1.288014085  -90.812894544
    1.296838571  -90.873811804
    1.305663058  -90.796061040
    1.314487545  -90.628355304
    1.323312032  -90.436734195
    1.332136519  -90.281491069
    1.340961005  -90.189982541
    1.349785492  -90.131616209
    1.358609979  -90.031923954
    1.367434466  -89.796568469
    1.376258952  -89.367106968
    1.385083439  -88.751422829
    1.393907926  -88.004419605
    1.402732413  -87.200924291
    1.411556899  -86.426251582
    1.420381386  -85.768560185
    1.429205873  -85.281567511
    1.438030360  -84.945319482
    1.446854847  -84.674681334
    1.455679333  -84.390337997
    1.464503820  -84.085230287
    1.473328307  -83.822562406
    1.482152794  -83.658447132
    1.490977280  -83.582954204
    1.499801767  -83.530497438
    1.508626254  -83.438659413
    1.517450741  -83.276797803
    1.526275228  -83.030567974
    1.535099714  -82.684938043
    1.543924201  -82.223444968
    1.552748688  -81.647926509
    1.561573175  -80.983834508
    1.570397661  -80.285008534
    1.579222148  -79.623204896
    1.588046635  -79.062514901
    1.596871122  -78.637524344
    1.605695608  -78.339037009
    1.614520095  -78.132334592
    1.623344582  -77.976130703
    1.632169069  -77.826344219
    1.640993556  -77.648734602
    1.649818042  -77.443846938
    1.658642529  -77.246255318
    1.667467016  -77.102620837
    1.676291503  -77.037790693
    1.685115989  -77.068334932
    1.693940476  -77.206072381
    1.702764963  -77.447078233
    1.711589450  -77.774138243
    1.720413937  -78.185295290
    1.729238423  -78.690709612
    1.738062910  -79.257952911
    1.746887397  -79.812834904
    1.755711884  -80.275638953
    1.764536370  -80.610645032
    1.773360857  -80.829542536
    1.782185344  -80.971442223
    1.791009831  -81.084384939
    1.799834317  -81.200573660
    1.808658804  -81.290434528
    1.817483291  -81.304737700
    1.826307778  -81.257986277
    1.835132265  -81.243489463
    1.843956751  -81.347100023
    1.852781238  -81.575208489
    1.861605725  -81.862489443
    1.870430212  -82.113632063
    1.879254698  -82.267452672
    1.888079185  -82.334111160
    1.896903672  -82.387984207
    1.905728159  -82.508306387
    1.914552646  -82.716057101
    1.923377132  -82.962289322
    1.932201619  -83.164723654
    1.941026106  -83.276305269
    1.949850593  -83.320652305
    1.958675079  -83.374709298
    1.967499566  -83.510958942
    1.976324053  -83.737778697
    1.985148540  -84.005584584
    1.993973026  -84.244315948
    2.002797513  -84.413197759
    2.011622000  -84.507768777
    2.020446487  -84.539285778
    2.029270974  -84.510310969
    2.038095460  -84.419428433
    2.046919947  -84.285928276
    2.055744434  -84.155050164
    2.064568921  -84.082614943
    2.073393407  -84.086154335
    2.082217894  -84.117963641
    2.091042381  -84.093125673
    2.099866868  -83.940747407
    2.108691354  -83.650835228
    2.117515841  -83.275945286
    2.126340328  -82.885145719
    2.135164815  -82.548843820
    2.143989302  -82.315165501
    2.152813788  -82.186316525
    2.161638275  -82.100662539
    2.170462762  -81.962017467
    2.179287249  -81.710086729
    2.188111735  -81.372707395
    2.196936222  -81.043289283
    2.205760709  -80.806095441
    2.214585196  -80.663908557
    2.223409683  -80.538613957
    2.232234169  -80.335989861
    2.241058656  -80.014125971
    2.249883143  -79.607054744
    2.258707630  -79.201426665
    2.267532116  -78.881411618
    2.276356603  -78.682655789
    2.285181090  -78.577813078
    2.294005577  -78.504648192
    2.302830063  -78.415854139
    2.311654550  -78.296486134
    2.320479037  -78.159124532
    2.329303524  -78.013167223
    2.338128011  -77.870028030
    2.346952497  -77.736596532
    2.355776984  -77.599918162
    2.364601471  -77.432071411
    2.373425958  -77.217724152
    2.382250444  -76.981293075
    2.391074931  -76.767339157
    2.399899418  -76.614182748
    2.408723905  -76.525633218
    2.417548392  -76.469693572
    2.426372878  -76.402894196
    2.435197365  -76.296457785
    2.444021852  -76.141966735
    2.452846339  -75.944731632
    2.461670825  -75.720417150
    2.470495312  -75.487194284
    2.479319799  -75.260554224
    2.488144286  -75.047994470
    2.496968772  -74.859288139
    2.505793259  -74.715687321
    2.514617746  -74.639049339
    2.523442233  -74.631721193
    2.532266720  -74.649539025
    2.541091206  -74.624566410
    2.549915693  -74.532712805
    2.558740180  -74.425241152
    2.567564667  -74.384510746
    2.576389153  -74.441096495
    2.585213640  -74.541786006
    2.594038127  -74.598108356
    2.602862614  -74.563462098
    2.611687101  -74.465151105
    2.620511587  -74.359303105
    2.629336074  -74.273386530
    2.638160561  -74.199362028
    2.646985048  -74.132657752
    2.655809534  -74.090044956
    2.664634021  -74.083694654
    2.673458508  -74.088020949
    2.682282995  -74.048377854
    2.691107481  -73.925135181
    2.699931968  -73.723773366
    2.708756455  -73.501936085
    2.717580942  -73.325311994
    2.726405429  -73.223406137
    2.735229915  -73.180616161
    2.744054402  -73.146183840
    2.752878889  -73.084364018
    2.761703376  -72.994514760
    2.770527862  -72.905164938
    2.779352349  -72.835467903
    2.788176836  -72.779060316
    2.797001323  -72.715381352
    2.805825810  -72.649117463
    2.814650296  -72.601169927
    2.823474783  -72.589615636
    2.832299270  -72.614588745
    2.841123757  -72.655419349
    2.849948243  -72.656313058
    2.858772730  -72.547502237
    2.867597217  -72.303868757
    2.876421704  -71.986251278
    2.885246190  -71.704835064
    2.894070677  -71.551950533
    2.902895164  -71.548741200
    2.911719651  -71.643449012
    2.920544138  -71.729758001
    2.929368624  -71.699308819
    2.938193111  -71.496618593
    2.947017598  -71.148389632
    2.955842085  -70.731113497
    2.964666571  -70.333871389
    2.973491058  -70.044959892
    2.982315545  -69.933639969
    2.991140032  -70.017445163
    2.999964519  -70.242208202
    3.008789005  -70.508824613
    3.017613492  -70.713394737
    3.026437979  -70.801776830
    3.035262466  -70.794093343
    3.044086952  -70.759071223
    3.052911439  -70.748489962
    3.061735926  -70.771628560
    3.070560413  -70.807195777
    3.079384899  -70.838082427
    3.088209386  -70.845013353
    3.097033873  -70.816247297
    3.105858360  -70.752904691
    3.114682847  -70.664790804
    3.123507333  -70.581971883
    3.132331820  -70.548351319
    3.141156307  -70.586663094
    3.149980794  -70.666820876
    3.158805280  -70.719092632
    3.167629767  -70.685043906
    3.176454254  -70.558516211
    3.185278741  -70.396123977
    3.194103228  -70.274992841
    3.202927714  -70.252114589
    3.211752201  -70.324188162
    3.220576688  -70.448666653
    3.229401175  -70.584681334
    3.238225661  -70.720278762
    3.247050148  -70.860122206
    3.255874635  -71.003054222
    3.264699122  -71.131019461
    3.273523608  -71.201247831
    3.282348095  -71.172729833
    3.291172582  -71.032892676
    3.299997069  -70.820646547
    3.308821556  -70.620387124
    3.317646042  -70.515125982
    3.326470529  -70.539498719
    3.335295016  -70.635695249
    3.344119503  -70.685420803
    3.352943989  -70.599188038
    3.361768476  -70.393178111
    3.370592963  -70.160940031
    3.379417450  -69.999584570
    3.388241937  -69.952603283
    3.397066423  -69.994544682
    3.405890910  -70.054323066
    3.414715397  -70.089180786
    3.423539884  -70.105957426
    3.432364370  -70.127488249
    3.441188857  -70.144935417
    3.450013344  -70.109747673
    3.458837831  -69.989069464
    3.467662317  -69.794557743
    3.476486804  -69.602387377
    3.485311291  -69.482440962
    3.494135778  -69.427562557
    3.502960265  -69.289728873
    3.511784751  -68.807166139
    3.520609238  -67.702530782
    3.529433725  -65.779600283
    3.538258212  -62.930129263
    3.547082698  -59.102289148
    3.555907185  -54.259590907
    3.564731672  -48.424063364
    3.573556159  -41.756341350
    3.582380646  -34.615702753
    3.591205132  -27.539667238
    3.600029619  -21.163016602
    3.608854106  -16.136540508
    3.617678593  -12.969531626
    3.626503079  -11.459204170
    3.635327566  -10.841550571
    3.644152053  -10.591713168
    3.652976540  -10.491052211
    3.661801026  -10.451911686
    3.670625513  -10.438061978
    3.679450000  -10.433576963
