#! FIELDS pp.proj projection
#! SET min_pp.proj 0.343794
#! SET max_pp.proj 3.67945
#! SET nbins_pp.proj  379
#! SET periodic_pp.proj false
    0.343794000  -10.432240308
    0.352618487  -10.432240308
    0.361442974  -10.432240308
    0.370267460  -10.432240308
    0.379091947  -10.432240308
    0.387916434  -10.432240308
    0.396740921  -10.432240308
    0.405565407  -10.432240308
    0.414389894  -10.432268521
    0.423214381  -10.432381158
    0.432038868  -10.432868286
    0.440863354  -10.434385817
    0.449687841  -10.438755887
    0.458512328  -10.449981321
    0.467336815  -10.476095412
    0.476161302  -10.531875646
    0.484985788  -10.644041451
    0.493810275  -10.860754883
    0.502634762  -11.265881611
    0.511459249  -11.983133081
    0.520283735  -13.132539042
    0.529108222  -14.750181903
    0.537932709  -16.787925918
    0.546757196  -19.187400882
    0.555581683  -21.895412441
    0.564406169  -24.817998613
    0.573230656  -27.791876924
    0.582055143  -30.605649963
    0.590879630  -33.053646623
    0.599704116  -34.999838599
    0.608528603  -36.437973687
    0.617353090  -37.502706600
    0.626177577  -38.411479075
    0.635002063  -39.347049425
    0.643826550  -40.380006805
    0.652651037  -41.483973541
    0.661475524  -42.612840644
    0.670300011  -43.764939062
    0.679124497  -44.999853978
    0.687948984  -46.384361482
    0.696773471  -47.902911983
    0.705597958  -49.434492593
    0.714422444  -50.835278295
    0.723246931  -52.050205392
    0.732071418  -53.130432284
    0.740895905  -54.146469102
    0.749720392  -55.091151654
    0.758544878  -55.864384718
    0.767369365  -56.338172058
    0.776193852  -56.461885313
    0.785018339  -56.349486514
    0.793842825  -56.746241597
    0.802667312  -59.301487966
    0.811491799  -62.988610944
    0.820316286  -66.321050991
    0.829140772  -69.102597942
    0.837965259  -71.436385258
    0.846789746  -73.429068498
    0.855614233  -75.149057839
    0.864438720  -76.645091185
    0.873263206  -77.976405027
    0.882087693  -79.205677366
    0.890912180  -80.366934923
    0.899736667  -81.429808564
    0.908561153  -82.304338297
    0.917385640  -82.910832682
    0.926210127  -83.267739920
    0.935034614  -83.498954082
    0.943859101  -83.750002898
    0.952683587  -84.074222419
    0.961508074  -84.376990387
    0.970332561  -84.473100272
    0.979157048  -84.225542051
    0.987981534  -83.635255177
    0.996806021  -82.818924081
    1.005630508  -81.880588018
    1.014454995  -80.821635909
    1.023279481  -79.552787123
    1.032103968  -78.006187592
    1.040928455  -76.201352761
    1.049752942  -74.228359536
    1.058577429  -72.155002745
    1.067401915  -70.007475909
    1.076226402  -67.912587563
    1.085050889  -66.413066254
    1.093875376  -66.221166924
    1.102699862  -66.982159619
    1.111524349  -67.950180383
    1.120348836  -68.801893240
    1.129173323  -69.476274572
    1.137997810  -70.012888839
    1.146822296  -70.466253199
    1.155646783  -70.836954573
    1.164471270  -71.085393713
    1.173295757  -71.168207541
    1.182120243  -71.079593364
    1.190944730  -70.834797767
    1.199769217  -70.465900365
    1.208593704  -70.025259807
    1.217418190  -69.590521790
    1.226242677  -69.245715441
    1.235067164  -69.045861976
    1.243891651  -68.986733897
    1.252716138  -69.031228561
    1.261540624  -69.129660712
    1.270365111  -69.218746583
    1.279189598  -69.239398567
    1.288014085  -69.158008111
    1.296838571  -68.987150124
    1.305663058  -68.788525421
    1.314487545  -68.614380337
    1.323312032  -68.474187379
    1.332136519  -68.359879638
    1.340961005  -68.269613304
    1.349785492  -68.186865540
    1.358609979  -68.072474931
    1.367434466  -67.883275630
    1.376258952  -67.625759610
    1.385083439  -67.365439665
    1.393907926  -67.171577710
    1.402732413  -67.083072905
    1.411556899  -67.126282753
    1.420381386  -67.335029489
    1.429205873  -67.721754246
    1.438030360  -68.226338007
    1.446854847  -68.729417050
    1.455679333  -69.124645785
    1.464503820  -69.382508759
    1.473328307  -69.544038844
    1.482152794  -69.651294049
    1.490977280  -69.702945293
    1.499801767  -69.685015221
    1.508626254  -69.640890882
    1.517450741  -69.676303799
    1.526275228  -69.868781634
    1.535099714  -70.188882579
    1.543924201  -70.531100238
    1.552748688  -70.805311860
    1.561573175  -70.974736617
    1.570397661  -71.062485408
    1.579222148  -71.116073110
    1.588046635  -71.159931509
    1.596871122  -71.162177027
    1.605695608  -71.081630760
    1.614520095  -70.917833004
    1.623344582  -70.705098884
    1.632169069  -70.469950493
    1.640993556  -70.223067025
    1.649818042  -69.973751015
    1.658642529  -69.705970734
    1.667467016  -69.386531775
    1.676291503  -68.994252313
    1.685115989  -68.541449715
    1.693940476  -68.056179185
    1.702764963  -67.585192080
    1.711589450  -67.193734107
    1.720413937  -66.963286279
    1.729238423  -66.978773592
    1.738062910  -67.282925410
    1.746887397  -67.864031687
    1.755711884  -68.662299652
    1.764536370  -69.615963269
    1.773360857  -70.684311961
    1.782185344  -71.832980230
    1.791009831  -73.004337359
    1.799834317  -74.107372721
    1.808658804  -75.007215995
    1.817483291  -75.606733989
    1.826307778  -75.935984387
    1.835132265  -76.148730727
    1.843956751  -76.398685723
    1.852781238  -76.718093843
    1.861605725  -77.009374581
    1.870430212  -77.126034098
    1.879254698  -76.990473504
    1.888079185  -76.645665339
    1.896903672  -76.229008629
    1.905728159  -75.884660116
    1.914552646  -75.673713763
    1.923377132  -75.546744539
    1.932201619  -75.394503211
    1.941026106  -75.142604900
    1.949850593  -74.804341212
    1.958675079  -74.462501534
    1.967499566  -74.205606933
    1.976324053  -74.063657192
    1.985148540  -74.009557030
    1.993973026  -73.994323019
    2.002797513  -73.992637334
    2.011622000  -73.999896347
    2.020446487  -74.003440216
    2.029270974  -73.964425827
    2.038095460  -73.851199635
    2.046919947  -73.686420011
    2.055744434  -73.551683889
    2.064568921  -73.537507637
    2.073393407  -73.665582321
    2.082217894  -73.864435745
    2.091042381  -74.013258533
    2.099866868  -74.007468773
    2.108691354  -73.820115856
    2.117515841  -73.514090713
    2.126340328  -73.183442104
    2.135164815  -72.913073265
    2.143989302  -72.748539385
    2.152813788  -72.683903918
    2.161638275  -72.658738664
    2.170462762  -72.596943684
    2.179287249  -72.473109788
    2.188111735  -72.347156141
    2.196936222  -72.323088367
    2.205760709  -72.472143327
    2.214585196  -72.769673405
    2.223409683  -73.097275382
    2.232234169  -73.310944137
    2.241058656  -73.333148898
    2.249883143  -73.192404595
    2.258707630  -72.994826184
    2.267532116  -72.849330240
    2.276356603  -72.801245154
    2.285181090  -72.820543241
    2.294005577  -72.844503137
    2.302830063  -72.828184516
    2.311654550  -72.754197106
    2.320479037  -72.624602608
    2.329303524  -72.443821512
    2.338128011  -72.235963158
    2.346952497  -72.040533045
    2.355776984  -71.878434479
    2.364601471  -71.742522170
    2.373425958  -71.620076428
    2.382250444  -71.530815597
    2.391074931  -71.512870123
    2.399899418  -71.591004897
    2.408723905  -71.744984998
    2.417548392  -71.917352628
    2.426372878  -72.046401636
    2.435197365  -72.096475802
    2.444021852  -72.060829827
    2.452846339  -71.953721145
    2.461670825  -71.802425346
    2.470495312  -71.633509398
    2.479319799  -71.463586874
    2.488144286  -71.294968741
    2.496968772  -71.134195824
    2.505793259  -71.003319152
    2.514617746  -70.927758613
    2.523442233  -70.911831230
    2.532266720  -70.914132305
    2.541091206  -70.873742522
    2.549915693  -70.774507325
    2.558740180  -70.668584366
    2.567564667  -70.629490759
    2.576389153  -70.674856072
    2.585213640  -70.746740173
    2.594038127  -70.768389221
    2.602862614  -70.719413375
    2.611687101  -70.649939799
    2.620511587  -70.616318756
    2.629336074  -70.620087079
    2.638160561  -70.613664267
    2.646985048  -70.562328696
    2.655809534  -70.479137103
    2.664634021  -70.392830217
    2.673458508  -70.302922701
    2.682282995  -70.182384011
    2.691107481  -70.019755275
    2.699931968  -69.837200450
    2.708756455  -69.684365173
    2.717580942  -69.601554906
    2.726405429  -69.591893577
    2.735229915  -69.620582519
    2.744054402  -69.625108272
    2.752878889  -69.565357098
    2.761703376  -69.448535219
    2.770527862  -69.320652385
    2.779352349  -69.223381286
    2.788176836  -69.172572345
    2.797001323  -69.161334726
    2.805825810  -69.196148047
    2.814650296  -69.285464326
    2.823474783  -69.427154441
    2.832299270  -69.598094227
    2.841123757  -69.756323313
    2.849948243  -69.827324190
    2.858772730  -69.727556547
    2.867597217  -69.430190932
    2.876421704  -69.010030620
    2.885246190  -68.603014282
    2.894070677  -68.331366848
    2.902895164  -68.238835653
    2.911719651  -68.282713125
    2.920544138  -68.359773741
    2.929368624  -68.367708429
    2.938193111  -68.252338722
    2.947017598  -68.023859754
    2.955842085  -67.726856081
    2.964666571  -67.419789345
    2.973491058  -67.174777013
    2.982315545  -67.065214978
    2.991140032  -67.128311941
    2.999964519  -67.329954613
    3.008789005  -67.576065561
    3.017613492  -67.749632109
    3.026437979  -67.776807909
    3.035262466  -67.663611646
    3.044086952  -67.482247810
    3.052911439  -67.310095433
    3.061735926  -67.193865279
    3.070560413  -67.135179530
    3.079384899  -67.115548818
    3.088209386  -67.107840194
    3.097033873  -67.094479320
    3.105858360  -67.068025034
    3.114682847  -67.023359630
    3.123507333  -66.981409874
    3.132331820  -66.986693639
    3.141156307  -67.066153522
    3.149980794  -67.191062500
    3.158805280  -67.287152843
    3.167629767  -67.289672098
    3.176454254  -67.191523015
    3.185278741  -67.053643032
    3.194103228  -66.946333904
    3.202927714  -66.903561584
    3.211752201  -66.899558481
    3.220576688  -66.887179114
    3.229401175  -66.843730791
    3.238225661  -66.786200597
    3.247050148  -66.744889323
    3.255874635  -66.741922671
    3.264699122  -66.788407632
    3.273523608  -66.869513735
    3.282348095  -66.950340803
    3.291172582  -66.991358047
    3.299997069  -66.978633676
    3.308821556  -66.938727861
    3.317646042  -66.920005799
    3.326470529  -66.960733994
    3.335295016  -67.038353673
    3.344119503  -67.071902315
    3.352943989  -66.990599284
    3.361768476  -66.817121049
    3.370592963  -66.652589646
    3.379417450  -66.597822325
    3.388241937  -66.686834321
    3.397066423  -66.873912665
    3.405890910  -67.064206452
    3.414715397  -67.192115884
    3.423539884  -67.248562766
    3.432364370  -67.252285302
    3.441188857  -67.200405282
    3.450013344  -67.060905160
    3.458837831  -66.824427582
    3.467662317  -66.527749190
    3.476486804  -66.259599534
    3.485311291  -66.085784236
    3.494135778  -65.983929535
    3.502960265  -65.790572967
    3.511784751  -65.234661561
    3.520609238  -64.033840097
    3.529433725  -61.987517147
    3.538258212  -58.988841978
    3.547082698  -55.007525820
    3.555907185  -50.062149959
    3.564731672  -44.254937252
    3.573556159  -37.820892903
    3.582380646  -31.149598428
    3.591205132  -24.742304981
    3.600029619  -19.150892804
    3.608854106  -14.937172921
    3.617678593  -12.430499557
    3.626503079  -11.261663562
    3.635327566  -10.771626863
    3.644152053  -10.566702505
    3.652976540  -10.482317456
    3.661801026  -10.449074700
    3.670625513  -10.437274536
    3.679450000  -10.433416935
