#! FIELDS pp.proj projection
#! SET min_pp.proj 0.343794
#! SET max_pp.proj 3.67945
#! SET nbins_pp.proj  379
#! SET periodic_pp.proj false
    0.343794000  -10.432240308
    0.352618487  -10.432240308
    0.361442974  -10.432240308
    0.370267460  -10.432240308
    0.379091947  -10.432240308
    0.387916434  -10.432240308
    0.396740921  -10.432240308
    0.405565407  -10.432240308
    0.414389894  -10.432268521
    0.423214381  -10.432381158
    0.432038868  -10.432868286
    0.440863354  -10.434385817
    0.449687841  -10.438755887
    0.458512328  -10.449981321
    0.467336815  -10.476095412
    0.476161302  -10.531875646
    0.484985788  -10.644041451
    0.493810275  -10.860754883
    0.502634762  -11.265881611
    0.511459249  -11.983133081
    0.520283735  -13.132539042
    0.529108222  -14.750181903
    0.537932709  -16.787925918
    0.546757196  -19.187400882
    0.555581683  -21.895412441
    0.564406169  -24.817998613
    0.573230656  -27.791876924
    0.582055143  -30.605649963
    0.590879630  -33.053646623
    0.599704116  -34.999838599
    0.608528603  -36.437973687
    0.617353090  -37.502706600
    0.626177577  -38.411479075
    0.635002063  -39.347049425
    0.643826550  -40.380006805
    0.652651037  -41.483973541
    0.661475524  -42.612840644
    0.670300011  -43.764939062
    0.679124497  -44.999853978
    0.687948984  -46.384361482
    0.696773471  -47.902911983
    0.705597958  -49.434492593
    0.714422444  -50.835278295
    0.723246931  -52.050205392
    0.732071418  -53.130432284
    0.740895905  -54.146469102
    0.749720392  -55.091151654
    0.758544878  -55.864384718
    0.767369365  -56.338172058
    0.776193852  -56.461885313
    0.785018339  -56.349486514
    0.793842825  -56.746241597
    0.802667312  -59.301487966
    0.811491799  -62.988610944
    0.820316286  -66.321050991
    0.829140772  -69.102597942
    0.837965259  -71.436385258
    0.846789746  -73.429068498
    0.855614233  -75.149057839
    0.864438720  -76.645091185
    0.873263206  -77.976405027
    0.882087693  -79.205677366
    0.890912180  -80.366934923
    0.899736667  -81.429808564
    0.908561153  -82.304338297
    0.917385640  -82.910832682
    0.926210127  -83.267739920
    0.935034614  -83.498954082
    0.943859101  -83.750002898
    0.952683587  -84.074222419
    0.961508074  -84.376990387
    0.970332561  -84.473100272
    0.979157048  -84.225542051
    0.987981534  -83.635255177
    0.996806021  -82.818924081
    1.005630508  -81.880588018
    1.014454995  -80.821635909
    1.023279481  -79.552787123
    1.032103968  -78.006187592
    1.040928455  -76.201352761
    1.049752942  -74.228359536
    1.058577429  -72.155002745
    1.067401915  -70.007429759
    1.076226402  -67.912402337
    1.085050889  -66.412605786
    1.093875376  -66.220547317
    1.102699862  -66.981540467
    1.111524349  -67.949479393
    1.120348836  -68.800848392
    1.129173323  -69.474374607
    1.137997810  -70.009231805
    1.146822296  -70.459489663
    1.155646783  -70.825201469
    1.164471270  -71.065759297
    1.173295757  -71.135985529
    1.182120243  -71.027816116
    1.190944730  -70.754199647
    1.199769217  -70.343867431
    1.208593704  -69.842056458
    1.217418190  -69.316584499
    1.226242677  -68.850871195
    1.235067164  -68.519972025
    1.243891651  -68.343085640
    1.252716138  -68.281466117
    1.261540624  -68.256972693
    1.270365111  -68.171151325
    1.279189598  -67.944508990
    1.288014085  -67.536352829
    1.296838571  -66.955056770
    1.305663058  -66.265874831
    1.314487545  -65.558886324
    1.323312032  -64.899032697
    1.332136519  -64.299223619
    1.340961005  -63.740176038
    1.349785492  -63.215523000
    1.358609979  -62.749220047
    1.367434466  -62.375995318
    1.376258952  -62.147008205
    1.385083439  -62.108838631
    1.393907926  -62.250632621
    1.402732413  -62.514887280
    1.411556899  -62.852974742
    1.420381386  -63.242327498
    1.429205873  -63.650385190
    1.438030360  -64.018714168
    1.446854847  -64.278282120
    1.455679333  -64.394843494
    1.464503820  -64.413820930
    1.473328307  -64.440196448
    1.482152794  -64.576531158
    1.490977280  -64.875088008
    1.499801767  -65.349641498
    1.508626254  -66.002371530
    1.517450741  -66.803821619
    1.526275228  -67.669042695
    1.535099714  -68.490218469
    1.543924201  -69.182503975
    1.552748688  -69.713598886
    1.561573175  -70.090145866
    1.570397661  -70.354036745
    1.579222148  -70.551585310
    1.588046635  -70.701506480
    1.596871122  -70.769551121
    1.605695608  -70.723178807
    1.614520095  -70.575250351
    1.623344582  -70.369142672
    1.632169069  -70.131347019
    1.640993556  -69.868824706
    1.649818042  -69.587851927
    1.658642529  -69.265295845
    1.667467016  -68.857627348
    1.676291503  -68.341631832
    1.685115989  -67.745549772
    1.693940476  -67.131207886
    1.702764963  -66.585509803
    1.711589450  -66.196861400
    1.720413937  -66.035731333
    1.729238423  -66.152546625
    1.738062910  -66.561296605
    1.746887397  -67.239692111
    1.755711884  -68.128737781
    1.764536370  -69.170325168
    1.773360857  -70.327509238
    1.782185344  -71.564282341
    1.791009831  -72.814229657
    1.799834317  -73.977641586
    1.808658804  -74.916881213
    1.817483291  -75.537817391
    1.826307778  -75.875534886
    1.835132265  -76.088524742
    1.843956751  -76.333485940
    1.852781238  -76.642460950
    1.861605725  -76.914151045
    1.870430212  -76.997113747
    1.879254698  -76.808585433
    1.888079185  -76.386544693
    1.896903672  -75.864193024
    1.905728159  -75.386097755
    1.914552646  -75.022522000
    1.923377132  -74.738519177
    1.932201619  -74.435576416
    1.941026106  -74.045036346
    1.949850593  -73.586561402
    1.958675079  -73.150541376
    1.967499566  -72.827246392
    1.976324053  -72.637951731
    1.985148540  -72.541163998
    1.993973026  -72.474174571
    2.002797513  -72.398887597
    2.011622000  -72.295465505
    2.020446487  -72.133692367
    2.029270974  -71.857399268
    2.038095460  -71.423619081
    2.046919947  -70.857581850
    2.055744434  -70.262821412
    2.064568921  -69.763882331
    2.073393407  -69.410503491
    2.082217894  -69.141690154
    2.091042381  -68.833260025
    2.099866868  -68.378102476
    2.108691354  -67.763756025
    2.117515841  -67.090590940
    2.126340328  -66.502197226
    2.135164815  -66.117133369
    2.143989302  -65.973024791
    2.152813788  -66.010598686
    2.161638275  -66.091312066
    2.170462762  -66.068726251
    2.179287249  -65.883718988
    2.188111735  -65.605607399
    2.196936222  -65.372274617
    2.205760709  -65.289828420
    2.214585196  -65.362909921
    2.223409683  -65.500347999
    2.232234169  -65.574395832
    2.241058656  -65.508400677
    2.249883143  -65.321725087
    2.258707630  -65.113341839
    2.267532116  -64.990586419
    2.276356603  -65.001679233
    2.285181090  -65.120940608
    2.294005577  -65.284862405
    2.302830063  -65.432927291
    2.311654550  -65.523201836
    2.320479037  -65.545333761
    2.329303524  -65.514765485
    2.338128011  -65.470012798
    2.346952497  -65.455187137
    2.355776984  -65.494799140
    2.364601471  -65.579046076
    2.373425958  -65.673547322
    2.382250444  -65.759723905
    2.391074931  -65.845836799
    2.399899418  -65.949370994
    2.408723905  -66.061783998
    2.417548392  -66.155360318
    2.426372878  -66.207038599
    2.435197365  -66.208456869
    2.444021852  -66.154682627
    2.452846339  -66.047360423
    2.461670825  -65.906024560
    2.470495312  -65.764198059
    2.479319799  -65.652177397
    2.488144286  -65.587858160
    2.496968772  -65.593759877
    2.505793259  -65.686139988
    2.514617746  -65.849750252
    2.523442233  -66.034703419
    2.532266720  -66.168300189
    2.541091206  -66.193636562
    2.549915693  -66.118697241
    2.558740180  -66.017268760
    2.567564667  -65.970373810
    2.576389153  -65.987855246
    2.585213640  -65.997545861
    2.594038127  -65.915244630
    2.602862614  -65.732271442
    2.611687101  -65.528438189
    2.620511587  -65.390357399
    2.629336074  -65.333340016
    2.638160561  -65.306187356
    2.646985048  -65.268123957
    2.655809534  -65.230465564
    2.664634021  -65.213073302
    2.673458508  -65.190637395
    2.682282995  -65.104479757
    2.691107481  -64.921177965
    2.699931968  -64.654698941
    2.708756455  -64.353529831
    2.717580942  -64.067469476
    2.726405429  -63.830405635
    2.735229915  -63.656550624
    2.744054402  -63.519692602
    2.752878889  -63.390850985
    2.761703376  -63.273762819
    2.770527862  -63.203278189
    2.779352349  -63.198927243
    2.788176836  -63.243216894
    2.797001323  -63.304577373
    2.805825810  -63.378421747
    2.814650296  -63.473930464
    2.823474783  -63.591293466
    2.832299270  -63.705980500
    2.841123757  -63.775623614
    2.849948243  -63.730257689
    2.858772730  -63.506791744
    2.867597217  -63.121627362
    2.876421704  -62.700986524
    2.885246190  -62.399025038
    2.894070677  -62.305311202
    2.902895164  -62.404157940
    2.911719651  -62.599649373
    2.920544138  -62.754975032
    2.929368624  -62.758373225
    2.938193111  -62.566770138
    2.947017598  -62.210036700
    2.955842085  -61.757567491
    2.964666571  -61.301443412
    2.973491058  -60.947308327
    2.982315545  -60.786123719
    2.991140032  -60.853210481
    2.999964519  -61.103230609
    3.008789005  -61.435014006
    3.017613492  -61.734257000
    3.026437979  -61.930559115
    3.035262466  -62.028162454
    3.044086952  -62.086042322
    3.052911439  -62.162909737
    3.061735926  -62.292076793
    3.070560413  -62.467398664
    3.079384899  -62.646072998
    3.088209386  -62.766306473
    3.097033873  -62.791976487
    3.105858360  -62.723641444
    3.114682847  -62.578867572
    3.123507333  -62.406673838
    3.132331820  -62.283395043
    3.141156307  -62.259670085
    3.149980794  -62.314068433
    3.158805280  -62.371687146
    3.167629767  -62.369860436
    3.176454254  -62.301022951
    3.185278741  -62.215187324
    3.194103228  -62.166830402
    3.202927714  -62.185728722
    3.211752201  -62.260281162
    3.220576688  -62.359941327
    3.229401175  -62.460429093
    3.238225661  -62.552025797
    3.247050148  -62.630610631
    3.255874635  -62.701599835
    3.264699122  -62.785316561
    3.273523608  -62.883228324
    3.282348095  -62.962714003
    3.291172582  -62.967815039
    3.299997069  -62.868519825
    3.308821556  -62.694962799
    3.317646042  -62.522276074
    3.326470529  -62.426249702
    3.335295016  -62.417687859
    3.344119503  -62.436688455
    3.352943989  -62.411736376
    3.361768476  -62.333795279
    3.370592963  -62.254134334
    3.379417450  -62.236318743
    3.388241937  -62.297228199
    3.397066423  -62.383249007
    3.405890910  -62.412168414
    3.414715397  -62.359151074
    3.423539884  -62.265937141
    3.432364370  -62.192920334
    3.441188857  -62.158870611
    3.450013344  -62.127725376
    3.458837831  -62.065197687
    3.467662317  -61.970737333
    3.476486804  -61.892199263
    3.485311291  -61.859536152
    3.494135778  -61.830737440
    3.502960265  -61.643233412
    3.511784751  -61.046193655
    3.520609238  -59.789782391
    3.529433725  -57.705893310
    3.538258212  -54.705435654
    3.547082698  -50.748659259
    3.555907185  -45.836826164
    3.564731672  -40.087371183
    3.573556159  -33.802250678
    3.582380646  -27.456844063
    3.591205132  -21.603992575
    3.600029619  -16.801817608
    3.608854106  -13.526570875
    3.617678593  -11.780974480
    3.626503079  -11.000725068
    3.635327566  -10.667894322
    3.644152053  -10.525432659
    3.652976540  -10.466491526
    3.661801026  -10.443467227
    3.670625513  -10.435486593
    3.679450000  -10.432979094
