#! FIELDS pp.proj projection
#! SET min_pp.proj 0.343794
#! SET max_pp.proj 3.67945
#! SET nbins_pp.proj  379
#! SET periodic_pp.proj false
    0.343794000  -10.432240308
    0.352618487  -10.432240308
    0.361442974  -10.432240308
    0.370267460  -10.432240308
    0.379091947  -10.432240308
    0.387916434  -10.432240308
    0.396740921  -10.432240308
    0.405565407  -10.432240308
    0.414389894  -10.432240308
    0.423214381  -10.432240308
    0.432038868  -10.432240308
    0.440863354  -10.432240308
    0.449687841  -10.432240308
    0.458512328  -10.432240308
    0.467336815  -10.432240308
    0.476161302  -10.432240308
    0.484985788  -10.432240308
    0.493810275  -10.432240308
    0.502634762  -10.432240308
    0.511459249  -10.432240308
    0.520283735  -10.432240308
    0.529108222  -10.432240308
    0.537932709  -10.432240308
    0.546757196  -10.432240308
    0.555581683  -10.432240308
    0.564406169  -10.432240308
    0.573230656  -10.432240308
    0.582055143  -10.432240308
    0.590879630  -10.432240308
    0.599704116  -10.432240308
    0.608528603  -10.432240308
    0.617353090  -10.432240308
    0.626177577  -10.432240308
    0.635002063  -10.432240308
    0.643826550  -10.432240308
    0.652651037  -10.432240308
    0.661475524  -10.432240308
    0.670300011  -10.432335249
    0.679124497  -10.432771246
    0.687948984  -10.434314706
    0.696773471  -10.439035904
    0.705597958  -10.452149850
    0.714422444  -10.485110351
    0.723246931  -10.561949249
    0.732071418  -10.734024066
    0.740895905  -11.116858711
    0.749720392  -11.957624454
    0.758544878  -13.612761467
    0.767369365  -16.175120399
    0.776193852  -19.234870151
    0.785018339  -22.302205082
    0.793842825  -25.122227846
    0.802667312  -27.654350134
    0.811491799  -29.944207611
    0.820316286  -32.014380337
    0.829140772  -33.836287393
    0.837965259  -35.367923923
    0.846789746  -36.590954639
    0.855614233  -37.514008766
    0.864438720  -38.165046195
    0.873263206  -38.594727134
    0.882087693  -38.885030706
    0.890912180  -39.114788912
    0.899736667  -39.296626544
    0.908561153  -39.348565280
    0.917385640  -39.155421551
    0.926210127  -38.692367667
    0.935034614  -38.075326539
    0.943859101  -37.486307368
    0.952683587  -37.015975946
    0.961508074  -36.595746433
    0.970332561  -36.057344438
    0.979157048  -35.316474487
    0.987981534  -34.464321716
    0.996806021  -33.688976571
    1.005630508  -33.130484936
    1.014454995  -32.816896541
    1.023279481  -32.660430495
    1.032103968  -32.492964458
    1.040928455  -32.122234002
    1.049752942  -31.420864997
    1.058577429  -30.370683744
    1.067401915  -29.010733508
    1.076226402  -27.392748240
    1.085050889  -25.600733594
    1.093875376  -23.773942368
    1.102699862  -22.050065948
    1.111524349  -20.504983778
    1.120348836  -19.150076819
    1.129173323  -17.956457850
    1.137997810  -16.881357644
    1.146822296  -15.891839125
    1.155646783  -14.971614035
    1.164471270  -14.137591783
    1.173295757  -13.432408357
    1.182120243  -12.892830140
    1.190944730  -12.510859834
    1.199769217  -12.243194932
    1.208593704  -12.027665843
    1.217418190  -11.813041152
    1.226242677  -11.585587340
    1.235067164  -11.379130839
    1.243891651  -11.243568800
    1.252716138  -11.210239269
    1.261540624  -11.289102756
    1.270365111  -11.476126291
    1.279189598  -11.757690062
    1.288014085  -12.125465143
    1.296838571  -12.591490560
    1.305663058  -13.196076081
    1.314487545  -13.980254340
    1.323312032  -14.940610882
    1.332136519  -15.983579315
    1.340961005  -16.932143249
    1.349785492  -17.596029929
    1.358609979  -17.872093505
    1.367434466  -17.813715893
    1.376258952  -17.610738448
    1.385083439  -17.485646945
    1.393907926  -17.575495833
    1.402732413  -17.912385117
    1.411556899  -18.469460336
    1.420381386  -19.183687786
    1.429205873  -19.945345972
    1.438030360  -20.610970141
    1.446854847  -21.102145941
    1.455679333  -21.483655249
    1.464503820  -21.925229596
    1.473328307  -22.558799884
    1.482152794  -23.361829083
    1.490977280  -24.182250193
    1.499801767  -24.850753785
    1.508626254  -25.285118924
    1.517450741  -25.526794289
    1.526275228  -25.697807283
    1.535099714  -25.918950774
    1.543924201  -26.230606549
    1.552748688  -26.581765006
    1.561573175  -26.855055697
    1.570397661  -26.916946314
    1.579222148  -26.692813366
    1.588046635  -26.214920878
    1.596871122  -25.611740537
    1.605695608  -25.033872033
    1.614520095  -24.576947540
    1.623344582  -24.266351073
    1.632169069  -24.087528697
    1.640993556  -24.036690473
    1.649818042  -24.114417513
    1.658642529  -24.276416534
    1.667467016  -24.421701108
    1.676291503  -24.437734031
    1.685115989  -24.298188421
    1.693940476  -24.121366005
    1.702764963  -24.219379704
    1.711589450  -25.208275744
    1.720413937  -27.653082372
    1.729238423  -31.184217816
    1.738062910  -35.057830892
    1.746887397  -38.834768158
    1.755711884  -42.304697550
    1.764536370  -45.388391247
    1.773360857  -48.098360787
    1.782185344  -50.483405184
    1.791009831  -52.550601535
    1.799834317  -54.220983984
    1.808658804  -55.381734463
    1.817483291  -56.009914632
    1.826307778  -56.248905885
    1.835132265  -56.350592046
    1.843956751  -56.505517199
    1.852781238  -56.709126849
    1.861605725  -56.771816123
    1.870430212  -56.466744550
    1.879254698  -55.710317661
    1.888079185  -54.617866568
    1.896903672  -53.436131348
    1.905728159  -52.402796992
    1.914552646  -51.628227162
    1.923377132  -51.057854529
    1.932201619  -50.521057759
    1.941026106  -49.847420173
    1.949850593  -48.975444695
    1.958675079  -47.991325702
    1.967499566  -47.071731100
    1.976324053  -46.374484130
    1.985148540  -45.961846716
    1.993973026  -45.777789882
    2.002797513  -45.680001590
    2.011622000  -45.507081619
    2.020446487  -45.144461848
    2.029270974  -44.565885881
    2.038095460  -43.835868738
    2.046919947  -43.074260175
    2.055744434  -42.402596111
    2.064568921  -41.900055798
    2.073393407  -41.554458869
    2.082217894  -41.258678593
    2.091042381  -40.878434124
    2.099866868  -40.338691593
    2.108691354  -39.680250013
    2.117515841  -39.042132253
    2.126340328  -38.565052054
    2.135164815  -38.329287676
    2.143989302  -38.304176186
    2.152813788  -38.350159149
    2.161638275  -38.269267403
    2.170462762  -37.933371052
    2.179287249  -37.384675968
    2.188111735  -36.812017972
    2.196936222  -36.400051978
    2.205760709  -36.212006059
    2.214585196  -36.168905734
    2.223409683  -36.097626394
    2.232234169  -35.832629551
    2.241058656  -35.339285360
    2.249883143  -34.736787560
    2.258707630  -34.212740402
    2.267532116  -33.887755079
    2.276356603  -33.749999189
    2.285181090  -33.684566958
    2.294005577  -33.567706107
    2.302830063  -33.344965190
    2.311654550  -33.026344811
    2.320479037  -32.649826884
    2.329303524  -32.246210132
    2.338128011  -31.829643719
    2.346952497  -31.400765599
    2.355776984  -30.957616607
    2.364601471  -30.526642387
    2.373425958  -30.190645444
    2.382250444  -30.084444965
    2.391074931  -30.294550944
    2.399899418  -30.781536864
    2.408723905  -31.376743059
    2.417548392  -31.869626982
    2.426372878  -32.110647053
    2.435197365  -32.055985258
    2.444021852  -31.739128960
    2.452846339  -31.257890892
    2.461670825  -30.755434775
    2.470495312  -30.367482238
    2.479319799  -30.160977686
    2.488144286  -30.112534437
    2.496968772  -30.157449926
    2.505793259  -30.248194045
    2.514617746  -30.365046990
    2.523442233  -30.494564519
    2.532266720  -30.608793499
    2.541091206  -30.684069499
    2.549915693  -30.721924795
    2.558740180  -30.736663950
    2.567564667  -30.739662503
    2.576389153  -30.720529464
    2.585213640  -30.649973917
    2.594038127  -30.526693404
    2.602862614  -30.413485517
    2.611687101  -30.415496508
    2.620511587  -30.589859613
    2.629336074  -30.896779481
    2.638160561  -31.234694480
    2.646985048  -31.512802531
    2.655809534  -31.690459294
    2.664634021  -31.771894588
    2.673458508  -31.779618767
    2.682282995  -31.730503949
    2.691107481  -31.645757547
    2.699931968  -31.566175683
    2.708756455  -31.544606503
    2.717580942  -31.610359722
    2.726405429  -31.754886533
    2.735229915  -31.963575409
    2.744054402  -32.224474232
    2.752878889  -32.518455094
    2.761703376  -32.790535244
    2.770527862  -32.979979573
    2.779352349  -33.062340904
    2.788176836  -33.042625595
    2.797001323  -32.941562015
    2.805825810  -32.801467462
    2.814650296  -32.679207046
    2.823474783  -32.625626265
    2.832299270  -32.656642524
    2.841123757  -32.742665142
    2.849948243  -32.798909114
    2.858772730  -32.730732663
    2.867597217  -32.509045231
    2.876421704  -32.201121601
    2.885246190  -31.935846509
    2.894070677  -31.825317123
    2.902895164  -31.900454695
    2.911719651  -32.092189101
    2.920544138  -32.259455400
    2.929368624  -32.264087905
    2.938193111  -32.037905089
    2.947017598  -31.616515955
    2.955842085  -31.130732599
    2.964666571  -30.747769932
    2.973491058  -30.595588286
    2.982315545  -30.701902029
    2.991140032  -30.972427599
    2.999964519  -31.230671703
    3.008789005  -31.330474015
    3.017613492  -31.254942220
    3.026437979  -31.105606111
    3.035262466  -30.983129921
    3.044086952  -30.928814903
    3.052911439  -30.969857566
    3.061735926  -31.125122952
    3.070560413  -31.335832826
    3.079384899  -31.502623878
    3.088209386  -31.613423432
    3.097033873  -31.760194681
    3.105858360  -31.959613071
    3.114682847  -32.065686517
    3.123507333  -31.963760034
    3.132331820  -31.720737607
    3.141156307  -31.471737570
    3.149980794  -31.275749876
    3.158805280  -31.112818290
    3.167629767  -30.968339550
    3.176454254  -30.859282270
    3.185278741  -30.816956720
    3.194103228  -30.824681144
    3.202927714  -30.821956692
    3.211752201  -30.758659938
    3.220576688  -30.666528995
    3.229401175  -30.631610423
    3.238225661  -30.711174349
    3.247050148  -30.915231911
    3.255874635  -31.256841017
    3.264699122  -31.716772277
    3.273523608  -32.148225827
    3.282348095  -32.316565133
    3.291172582  -32.056377119
    3.299997069  -31.413283765
    3.308821556  -30.639195818
    3.317646042  -30.021677834
    3.326470529  -29.716116879
    3.335295016  -29.688628641
    3.344119503  -29.797024910
    3.352943989  -29.885565751
    3.361768476  -29.863780513
    3.370592963  -29.734660879
    3.379417450  -29.575777268
    3.388241937  -29.476567392
    3.397066423  -29.474932399
    3.405890910  -29.541680692
    3.414715397  -29.640260643
    3.423539884  -29.746933267
    3.432364370  -29.835255807
    3.441188857  -29.858040016
    3.450013344  -29.773556048
    3.458837831  -29.603465774
    3.467662317  -29.426447041
    3.476486804  -29.336435181
    3.485311291  -29.347203619
    3.494135778  -29.339140987
    3.502960265  -29.063131007
    3.511784751  -28.222631363
    3.520609238  -26.605631397
    3.529433725  -24.205490184
    3.538258212  -21.248137554
    3.547082698  -18.129287038
    3.555907185  -15.306583241
    3.564731672  -13.170013437
    3.573556159  -11.836517550
    3.582380646  -11.118808367
    3.591205132  -10.757606090
    3.600029619  -10.580497393
    3.608854106  -10.496047189
    3.617678593  -10.457504702
    3.626503079  -10.441276500
    3.635327566  -10.435255754
    3.644152053  -10.432970562
    3.652976540  -10.432444469
    3.661801026  -10.432240308
    3.670625513  -10.432240308
    3.679450000  -10.432240308
