#! FIELDS pp.proj projection
#! SET min_pp.proj 0.343794
#! SET max_pp.proj 3.67945
#! SET nbins_pp.proj  379
#! SET periodic_pp.proj false
    0.343794000  -10.432240308
    0.352618487  -10.432240308
    0.361442974  -10.432240308
    0.370267460  -10.432240308
    0.379091947  -10.432240308
    0.387916434  -10.432240308
    0.396740921  -10.432240308
    0.405565407  -10.432240308
    0.414389894  -10.432268521
    0.423214381  -10.432381158
    0.432038868  -10.432868286
    0.440863354  -10.434385817
    0.449687841  -10.438755887
    0.458512328  -10.449981321
    0.467336815  -10.476095412
    0.476161302  -10.531875646
    0.484985788  -10.644041451
    0.493810275  -10.860754883
    0.502634762  -11.265881611
    0.511459249  -11.983133081
    0.520283735  -13.132539042
    0.529108222  -14.750181903
    0.537932709  -16.787925918
    0.546757196  -19.187400882
    0.555581683  -21.895412441
    0.564406169  -24.817998613
    0.573230656  -27.791876924
    0.582055143  -30.605649963
    0.590879630  -33.053646623
    0.599704116  -34.999838599
    0.608528603  -36.437973687
    0.617353090  -37.502706600
    0.626177577  -38.411479075
    0.635002063  -39.347049425
    0.643826550  -40.380006805
    0.652651037  -41.483973541
    0.661475524  -42.612840644
    0.670300011  -43.764939062
    0.679124497  -44.999853978
    0.687948984  -46.384361482
    0.696773471  -47.902911983
    0.705597958  -49.434492593
    0.714422444  -50.835278295
    0.723246931  -52.050205392
    0.732071418  -53.130432284
    0.740895905  -54.146469102
    0.749720392  -55.091151654
    0.758544878  -55.864384718
    0.767369365  -56.338172058
    0.776193852  -56.461885313
    0.785018339  -56.349486514
    0.793842825  -56.746241597
    0.802667312  -59.301487966
    0.811491799  -62.988610944
    0.820316286  -66.321050991
    0.829140772  -69.102597942
    0.837965259  -71.436385258
    0.846789746  -73.429068498
    0.855614233  -75.149057839
    0.864438720  -76.645091185
    0.873263206  -77.976405027
    0.882087693  -79.205677366
    0.890912180  -80.366934923
    0.899736667  -81.429808564
    0.908561153  -82.304338297
    0.917385640  -82.910832682
    0.926210127  -83.267739920
    0.935034614  -83.498954082
    0.943859101  -83.750002898
    0.952683587  -84.074222419
    0.961508074  -84.376990387
    0.970332561  -84.473100272
    0.979157048  -84.225542051
    0.987981534  -83.635255177
    0.996806021  -82.818924081
    1.005630508  -81.880588018
    1.014454995  -80.821635909
    1.023279481  -79.552787123
    1.032103968  -78.006187592
    1.040928455  -76.201352761
    1.049752942  -74.228359536
    1.058577429  -72.155002745
    1.067401915  -70.007429759
    1.076226402  -67.912402337
    1.085050889  -66.412605786
    1.093875376  -66.220547317
    1.102699862  -66.981540467
    1.111524349  -67.949479393
    1.120348836  -68.800848392
    1.129173323  -69.474374607
    1.137997810  -70.009231805
    1.146822296  -70.459489663
    1.155646783  -70.825201469
    1.164471270  -71.065759297
    1.173295757  -71.135985529
    1.182120243  -71.027816116
    1.190944730  -70.754199647
    1.199769217  -70.343867431
    1.208593704  -69.842056458
    1.217418190  -69.316584499
    1.226242677  -68.850871195
    1.235067164  -68.519972025
    1.243891651  -68.343085640
    1.252716138  -68.281466117
    1.261540624  -68.256972693
    1.270365111  -68.171151325
    1.279189598  -67.944508990
    1.288014085  -67.536352829
    1.296838571  -66.955056770
    1.305663058  -66.265874831
    1.314487545  -65.558886324
    1.323312032  -64.899032697
    1.332136519  -64.299223619
    1.340961005  -63.740176038
    1.349785492  -63.215523000
    1.358609979  -62.749220047
    1.367434466  -62.375995318
    1.376258952  -62.147008205
    1.385083439  -62.108838631
    1.393907926  -62.250632621
    1.402732413  -62.514887280
    1.411556899  -62.852974742
    1.420381386  -63.242327498
    1.429205873  -63.650385190
    1.438030360  -64.018714168
    1.446854847  -64.278282120
    1.455679333  -64.394843494
    1.464503820  -64.413820930
    1.473328307  -64.440196448
    1.482152794  -64.576531158
    1.490977280  -64.875088008
    1.499801767  -65.349641498
    1.508626254  -66.002371530
    1.517450741  -66.803821619
    1.526275228  -67.669042695
    1.535099714  -68.490218469
    1.543924201  -69.182503975
    1.552748688  -69.713598886
    1.561573175  -70.090145866
    1.570397661  -70.354036745
    1.579222148  -70.551585310
    1.588046635  -70.701506480
    1.596871122  -70.769551121
    1.605695608  -70.723178807
    1.614520095  -70.575250351
    1.623344582  -70.369142672
    1.632169069  -70.131347019
    1.640993556  -69.868824706
    1.649818042  -69.587851927
    1.658642529  -69.265295845
    1.667467016  -68.857627348
    1.676291503  -68.341631832
    1.685115989  -67.745549772
    1.693940476  -67.131207886
    1.702764963  -66.585509803
    1.711589450  -66.196861400
    1.720413937  -66.035731333
    1.729238423  -66.152546625
    1.738062910  -66.561296605
    1.746887397  -67.239692111
    1.755711884  -68.128737781
    1.764536370  -69.170325168
    1.773360857  -70.327509238
    1.782185344  -71.564282341
    1.791009831  -72.814242712
    1.799834317  -73.977703568
    1.808658804  -74.917097995
    1.817483291  -75.538516758
    1.826307778  -75.877526907
    1.835132265  -76.093640381
    1.843956751  -76.345381295
    1.852781238  -76.667257643
    1.861605725  -76.961148337
    1.870430212  -77.079245658
    1.879254698  -76.943393803
    1.888079185  -76.597002735
    1.896903672  -76.178453571
    1.905728159  -75.833334640
    1.914552646  -75.623829227
    1.923377132  -75.500133814
    1.932201619  -75.350753636
    1.941026106  -75.098730269
    1.949850593  -74.755940944
    1.958675079  -74.404576821
    1.967499566  -74.132647691
    1.976324053  -73.968906780
    1.985148540  -73.883605786
    1.993973026  -73.823225984
    2.002797513  -73.755454654
    2.011622000  -73.666640943
    2.020446487  -73.535108665
    2.029270974  -73.316249533
    2.038095460  -72.981191538
    2.046919947  -72.570075239
    2.055744434  -72.198851731
    2.064568921  -71.997087140
    2.073393407  -72.009090616
    2.082217894  -72.162695955
    2.091042381  -72.324464683
    2.099866868  -72.376389344
    2.108691354  -72.281340263
    2.117515841  -72.094150704
    2.126340328  -71.900610895
    2.135164815  -71.773655981
    2.143989302  -71.741965138
    2.152813788  -71.780509391
    2.161638275  -71.814522771
    2.170462762  -71.764559009
    2.179287249  -71.616157825
    2.188111735  -71.451031004
    2.196936222  -71.395364575
    2.205760709  -71.530913114
    2.214585196  -71.828893974
    2.223409683  -72.154645149
    2.232234169  -72.342324390
    2.241058656  -72.299973001
    2.249883143  -72.058559591
    2.258707630  -71.740666035
    2.267532116  -71.477031941
    2.276356603  -71.334270640
    2.285181090  -71.299472148
    2.294005577  -71.318016866
    2.302830063  -71.337563842
    2.311654550  -71.318134534
    2.320479037  -71.239403263
    2.329303524  -71.102049449
    2.338128011  -70.938835915
    2.346952497  -70.795470170
    2.355776984  -70.695421021
    2.364601471  -70.633418478
    2.373425958  -70.595895010
    2.382250444  -70.594571014
    2.391074931  -70.654554631
    2.399899418  -70.789786771
    2.408723905  -70.977434527
    2.417548392  -71.167119057
    2.426372878  -71.308833411
    2.435197365  -71.376337261
    2.444021852  -71.364428093
    2.452846339  -71.279575428
    2.461670825  -71.138613791
    2.470495312  -70.964871053
    2.479319799  -70.783039785
    2.488144286  -70.610043224
    2.496968772  -70.463755458
    2.505793259  -70.366686616
    2.514617746  -70.331921070
    2.523442233  -70.345373896
    2.532266720  -70.352023421
    2.541091206  -70.289048330
    2.549915693  -70.150989790
    2.558740180  -70.007380304
    2.567564667  -69.947024314
    2.576389153  -69.993872785
    2.585213640  -70.085074497
    2.594038127  -70.128966555
    2.602862614  -70.087972068
    2.611687101  -70.000124368
    2.620511587  -69.919091439
    2.629336074  -69.853177665
    2.638160561  -69.769501729
    2.646985048  -69.652442662
    2.655809534  -69.529064841
    2.664634021  -69.427465047
    2.673458508  -69.332802519
    2.682282995  -69.203749210
    2.691107481  -69.026131182
    2.699931968  -68.829289496
    2.708756455  -68.672644290
    2.717580942  -68.603761759
    2.726405429  -68.627641593
    2.735229915  -68.703240364
    2.744054402  -68.755920457
    2.752878889  -68.736331083
    2.761703376  -68.649858507
    2.770527862  -68.545399166
    2.779352349  -68.466509104
    2.788176836  -68.427225580
    2.797001323  -68.419628747
    2.805825810  -68.451357774
    2.814650296  -68.531983987
    2.823474783  -68.657227169
    2.832299270  -68.800512656
    2.841123757  -68.921461704
    2.849948243  -68.953384396
    2.858772730  -68.825957344
    2.867597217  -68.525953426
    2.876421704  -68.134507589
    2.885246190  -67.776861257
    2.894070677  -67.548557399
    2.902895164  -67.465823822
    2.911719651  -67.473714767
    2.920544138  -67.474048591
    2.929368624  -67.383889240
    2.938193111  -67.180805436
    2.947017598  -66.906011420
    2.955842085  -66.613264159
    2.964666571  -66.342602747
    2.973491058  -66.140230072
    2.982315545  -66.065458318
    2.991140032  -66.154590747
    2.999964519  -66.381214699
    3.008789005  -66.661101855
    3.017613492  -66.884032273
    3.026437979  -66.975566240
    3.035262466  -66.935230328
    3.044086952  -66.828247622
    3.052911439  -66.729776914
    3.061735926  -66.690806079
    3.070560413  -66.719562773
    3.079384899  -66.795314240
    3.088209386  -66.878840705
    3.097033873  -66.940225708
    3.105858360  -66.968202052
    3.114682847  -66.961302943
    3.123507333  -66.945015557
    3.132331820  -66.966660147
    3.141156307  -67.055660204
    3.149980794  -67.185745664
    3.158805280  -67.284600978
    3.167629767  -67.288511639
    3.176454254  -67.191044436
    3.185278741  -67.053475657
    3.194103228  -66.946284704
    3.202927714  -66.903548865
    3.211752201  -66.899558481
    3.220576688  -66.887179114
    3.229401175  -66.843730791
    3.238225661  -66.786200597
    3.247050148  -66.744889323
    3.255874635  -66.741922671
    3.264699122  -66.788407632
    3.273523608  -66.869513735
    3.282348095  -66.950340803
    3.291172582  -66.991358047
    3.299997069  -66.978633676
    3.308821556  -66.938727861
    3.317646042  -66.920005799
    3.326470529  -66.960733994
    3.335295016  -67.038353673
    3.344119503  -67.071902315
    3.352943989  -66.990599284
    3.361768476  -66.817121049
    3.370592963  -66.652589646
    3.379417450  -66.597822325
    3.388241937  -66.686834321
    3.397066423  -66.873912665
    3.405890910  -67.064206452
    3.414715397  -67.192115884
    3.423539884  -67.248562766
    3.432364370  -67.252285302
    3.441188857  -67.200405282
    3.450013344  -67.060905160
    3.458837831  -66.824427582
    3.467662317  -66.527749190
    3.476486804  -66.259599534
    3.485311291  -66.085784236
    3.494135778  -65.983929535
    3.502960265  -65.790572967
    3.511784751  -65.234661561
    3.520609238  -64.033840097
    3.529433725  -61.987517147
    3.538258212  -58.988841978
    3.547082698  -55.007525820
    3.555907185  -50.062149959
    3.564731672  -44.254937252
    3.573556159  -37.820892903
    3.582380646  -31.149598428
    3.591205132  -24.742304981
    3.600029619  -19.150892804
    3.608854106  -14.937172921
    3.617678593  -12.430499557
    3.626503079  -11.261663562
    3.635327566  -10.771626863
    3.644152053  -10.566702505
    3.652976540  -10.482317456
    3.661801026  -10.449074700
    3.670625513  -10.437274536
    3.679450000  -10.433416935
