#! FIELDS pp.proj projection
#! SET min_pp.proj 0.343794
#! SET max_pp.proj 3.67945
#! SET nbins_pp.proj  379
#! SET periodic_pp.proj false
    0.343794000  -10.432240308
    0.352618487  -10.432240308
    0.361442974  -10.432240308
    0.370267460  -10.432240308
    0.379091947  -10.432240308
    0.387916434  -10.432240308
    0.396740921  -10.432240308
    0.405565407  -10.432240308
    0.414389894  -10.432268521
    0.423214381  -10.432381158
    0.432038868  -10.432868286
    0.440863354  -10.434385817
    0.449687841  -10.438755887
    0.458512328  -10.449981321
    0.467336815  -10.476095412
    0.476161302  -10.531875646
    0.484985788  -10.644041451
    0.493810275  -10.860754883
    0.502634762  -11.265881611
    0.511459249  -11.983133081
    0.520283735  -13.132539042
    0.529108222  -14.750192246
    0.537932709  -16.787946344
    0.546757196  -19.187430445
    0.555581683  -21.895447310
    0.564406169  -24.818035665
    0.573230656  -27.791917808
    0.582055143  -30.605703817
    0.590879630  -33.053788264
    0.599704116  -35.000201301
    0.608528603  -36.439054265
    0.617353090  -37.505800418
    0.626177577  -38.419913917
    0.635002063  -39.367888909
    0.643826550  -40.425088701
    0.652651037  -41.568554370
    0.661475524  -42.752002011
    0.670300011  -43.968812261
    0.679124497  -45.265704601
    0.687948984  -46.691376234
    0.696773471  -48.222532969
    0.705597958  -49.746449579
    0.714422444  -51.132236759
    0.723246931  -52.336495789
    0.732071418  -53.420629064
    0.740895905  -54.464294119
    0.749720392  -55.467409126
    0.758544878  -56.336923541
    0.767369365  -56.957231102
    0.776193852  -57.308394795
    0.785018339  -57.564535428
    0.793842825  -58.345916240
    0.802667312  -60.617991366
    0.811491799  -63.859991020
    0.820316286  -66.971027682
    0.829140772  -69.644495575
    0.837965259  -71.917616023
    0.846789746  -73.873304477
    0.855614233  -75.570680674
    0.864438720  -77.052735066
    0.873263206  -78.372924979
    0.882087693  -79.588872809
    0.890912180  -80.732762186
    0.899736667  -81.776893861
    0.908561153  -82.636772337
    0.917385640  -83.238628507
    0.926210127  -83.607175153
    0.935034614  -83.872844361
    0.943859101  -84.186955094
    0.952683587  -84.605312606
    0.961508074  -85.031906170
    0.970332561  -85.278226184
    0.979157048  -85.207491527
    0.987981534  -84.830395537
    0.996806021  -84.285041796
    1.005630508  -83.704870754
    1.014454995  -83.119667860
    1.023279481  -82.458753282
    1.032103968  -81.659376620
    1.040928455  -80.737552186
    1.049752942  -79.788108214
    1.058577429  -78.906117644
    1.067401915  -78.146368807
    1.076226402  -77.545906625
    1.085050889  -77.159363943
    1.093875376  -77.067313650
    1.102699862  -77.323647193
    1.111524349  -77.904731652
    1.120348836  -78.715253235
    1.129173323  -79.616974447
    1.137997810  -80.461209677
    1.146822296  -81.145047304
    1.155646783  -81.627331538
    1.164471270  -81.919125099
    1.173295757  -82.056728858
    1.182120243  -82.094118886
    1.190944730  -82.090141257
    1.199769217  -82.095194273
    1.208593704  -82.123820791
    1.217418190  -82.162932592
    1.226242677  -82.195232285
    1.235067164  -82.229312071
    1.243891651  -82.299214778
    1.252716138  -82.460660662
    1.261540624  -82.752799090
    1.270365111  -83.148075157
    1.279189598  -83.537859292
    1.288014085  -83.807836602
    1.296838571  -83.902493335
    1.305663058  -83.841595259
    1.314487545  -83.686075885
    1.323312032  -83.520106192
    1.332136519  -83.427654438
    1.340961005  -83.445972217
    1.349785492  -83.537543661
    1.358609979  -83.624717701
    1.367434466  -83.633975913
    1.376258952  -83.531012080
    1.385083439  -83.319739465
    1.393907926  -83.017255924
    1.402732413  -82.651519315
    1.411556899  -82.276626318
    1.420381386  -81.963955650
    1.429205873  -81.758332922
    1.438030360  -81.641435551
    1.446854847  -81.547556270
    1.455679333  -81.416638333
    1.464503820  -81.243514316
    1.473328307  -81.078138447
    1.482152794  -80.973883346
    1.490977280  -80.937800411
    1.499801767  -80.926187894
    1.508626254  -80.883376976
    1.517450741  -80.775637955
    1.526275228  -80.594261050
    1.535099714  -80.342832770
    1.543924201  -80.023819599
    1.552748688  -79.648343421
    1.561573175  -79.240390846
    1.570397661  -78.838199191
    1.579222148  -78.479502263
    1.588046635  -78.192548702
    1.596871122  -77.992240394
    1.605695608  -77.870088434
    1.614520095  -77.800417630
    1.623344582  -77.748615110
    1.632169069  -77.674218496
    1.640993556  -77.547029977
    1.649818042  -77.373727771
    1.658642529  -77.196440160
    1.667467016  -77.067702848
    1.676291503  -77.015220792
    1.685115989  -77.055617008
    1.693940476  -77.199945742
    1.702764963  -77.444543413
    1.711589450  -77.773215640
    1.720413937  -78.184998529
    1.729238423  -78.690623711
    1.738062910  -79.257929985
    1.746887397  -79.812829080
    1.755711884  -80.275638953
    1.764536370  -80.610645032
    1.773360857  -80.829542536
    1.782185344  -80.971442223
    1.791009831  -81.084384939
    1.799834317  -81.200573660
    1.808658804  -81.290434528
    1.817483291  -81.304737700
    1.826307778  -81.257986277
    1.835132265  -81.243489463
    1.843956751  -81.347100023
    1.852781238  -81.575208489
    1.861605725  -81.862489443
    1.870430212  -82.113632063
    1.879254698  -82.267452672
    1.888079185  -82.334111160
    1.896903672  -82.387984207
    1.905728159  -82.508306387
    1.914552646  -82.716057101
    1.923377132  -82.962289322
    1.932201619  -83.164723654
    1.941026106  -83.276305269
    1.949850593  -83.320652305
    1.958675079  -83.374709298
    1.967499566  -83.510958942
    1.976324053  -83.737778697
    1.985148540  -84.005584584
    1.993973026  -84.244315948
    2.002797513  -84.413197759
    2.011622000  -84.507768777
    2.020446487  -84.539285778
    2.029270974  -84.510310969
    2.038095460  -84.419428433
    2.046919947  -84.285928276
    2.055744434  -84.155050164
    2.064568921  -84.082614943
    2.073393407  -84.086154335
    2.082217894  -84.117963641
    2.091042381  -84.093125673
    2.099866868  -83.940747407
    2.108691354  -83.650835228
    2.117515841  -83.275945286
    2.126340328  -82.885145719
    2.135164815  -82.548843820
    2.143989302  -82.315165501
    2.152813788  -82.186316525
    2.161638275  -82.100662539
    2.170462762  -81.962017467
    2.179287249  -81.710086729
    2.188111735  -81.372707395
    2.196936222  -81.043289283
    2.205760709  -80.806095441
    2.214585196  -80.663908557
    2.223409683  -80.538613957
    2.232234169  -80.335989861
    2.241058656  -80.014125971
    2.249883143  -79.607054744
    2.258707630  -79.201426665
    2.267532116  -78.881411618
    2.276356603  -78.682655789
    2.285181090  -78.577813078
    2.294005577  -78.504648192
    2.302830063  -78.415854139
    2.311654550  -78.296486134
    2.320479037  -78.159124532
    2.329303524  -78.013167223
    2.338128011  -77.870028030
    2.346952497  -77.736596532
    2.355776984  -77.599918162
    2.364601471  -77.432071411
    2.373425958  -77.217724152
    2.382250444  -76.981293075
    2.391074931  -76.767339157
    2.399899418  -76.614182748
    2.408723905  -76.525633218
    2.417548392  -76.469693572
    2.426372878  -76.402894196
    2.435197365  -76.296457785
    2.444021852  -76.141966735
    2.452846339  -75.944731632
    2.461670825  -75.720417150
    2.470495312  -75.487194284
    2.479319799  -75.260554224
    2.488144286  -75.047994470
    2.496968772  -74.859288139
    2.505793259  -74.715687321
    2.514617746  -74.639049339
    2.523442233  -74.631721193
    2.532266720  -74.649539025
    2.541091206  -74.624566410
    2.549915693  -74.532712805
    2.558740180  -74.425241152
    2.567564667  -74.384510746
    2.576389153  -74.441096495
    2.585213640  -74.541786006
    2.594038127  -74.598108356
    2.602862614  -74.563462098
    2.611687101  -74.465151105
    2.620511587  -74.359303105
    2.629336074  -74.273386530
    2.638160561  -74.199362028
    2.646985048  -74.132657752
    2.655809534  -74.090044956
    2.664634021  -74.083694654
    2.673458508  -74.088020949
    2.682282995  -74.048377854
    2.691107481  -73.925135181
    2.699931968  -73.723773366
    2.708756455  -73.501936085
    2.717580942  -73.325311994
    2.726405429  -73.223406137
    2.735229915  -73.180616161
    2.744054402  -73.146183840
    2.752878889  -73.084364018
    2.761703376  -72.994514760
    2.770527862  -72.905164938
    2.779352349  -72.835467903
    2.788176836  -72.779060316
    2.797001323  -72.715381352
    2.805825810  -72.649117463
    2.814650296  -72.601169927
    2.823474783  -72.589615636
    2.832299270  -72.614588745
    2.841123757  -72.655419349
    2.849948243  -72.656313058
    2.858772730  -72.547502237
    2.867597217  -72.303868757
    2.876421704  -71.986251278
    2.885246190  -71.704835064
    2.894070677  -71.551950533
    2.902895164  -71.548741200
    2.911719651  -71.643449012
    2.920544138  -71.729758001
    2.929368624  -71.699308819
    2.938193111  -71.496618593
    2.947017598  -71.148389632
    2.955842085  -70.731113497
    2.964666571  -70.333871389
    2.973491058  -70.044959892
    2.982315545  -69.933639969
    2.991140032  -70.017445163
    2.999964519  -70.242208202
    3.008789005  -70.508824613
    3.017613492  -70.713394737
    3.026437979  -70.801776830
    3.035262466  -70.794093343
    3.044086952  -70.759071223
    3.052911439  -70.748489962
    3.061735926  -70.771628560
    3.070560413  -70.807195777
    3.079384899  -70.838082427
    3.088209386  -70.845013353
    3.097033873  -70.816247297
    3.105858360  -70.752904691
    3.114682847  -70.664790804
    3.123507333  -70.581971883
    3.132331820  -70.548351319
    3.141156307  -70.586663094
    3.149980794  -70.666820876
    3.158805280  -70.719092632
    3.167629767  -70.685043906
    3.176454254  -70.558516211
    3.185278741  -70.396123977
    3.194103228  -70.274992841
    3.202927714  -70.252114589
    3.211752201  -70.324188162
    3.220576688  -70.448666653
    3.229401175  -70.584681334
    3.238225661  -70.720278762
    3.247050148  -70.860122206
    3.255874635  -71.003054222
    3.264699122  -71.131019461
    3.273523608  -71.201247831
    3.282348095  -71.172729833
    3.291172582  -71.032892676
    3.299997069  -70.820646547
    3.308821556  -70.620387124
    3.317646042  -70.515125982
    3.326470529  -70.539498719
    3.335295016  -70.635695249
    3.344119503  -70.685420803
    3.352943989  -70.599188038
    3.361768476  -70.393178111
    3.370592963  -70.160940031
    3.379417450  -69.999584570
    3.388241937  -69.952603283
    3.397066423  -69.994544682
    3.405890910  -70.054323066
    3.414715397  -70.089180786
    3.423539884  -70.105957426
    3.432364370  -70.127488249
    3.441188857  -70.144935417
    3.450013344  -70.109747673
    3.458837831  -69.989069464
    3.467662317  -69.794557743
    3.476486804  -69.602387377
    3.485311291  -69.482440962
    3.494135778  -69.427562557
    3.502960265  -69.289728873
    3.511784751  -68.807166139
    3.520609238  -67.702530782
    3.529433725  -65.779600283
    3.538258212  -62.930129263
    3.547082698  -59.102289148
    3.555907185  -54.259590907
    3.564731672  -48.424063364
    3.573556159  -41.756341350
    3.582380646  -34.615702753
    3.591205132  -27.539667238
    3.600029619  -21.163016602
    3.608854106  -16.136540508
    3.617678593  -12.969531626
    3.626503079  -11.459204170
    3.635327566  -10.841550571
    3.644152053  -10.591713168
    3.652976540  -10.491052211
    3.661801026  -10.451911686
    3.670625513  -10.438061978
    3.679450000  -10.433576963
