#! FIELDS pp.proj projection
#! SET min_pp.proj 0.36273
#! SET max_pp.proj 3.69617
#! SET nbins_pp.proj  379
#! SET periodic_pp.proj false
    0.362730000  -10.355618878
    0.371548624  -10.355618878
    0.380367249  -10.355618878
    0.389185873  -10.355618878
    0.398004497  -10.355618878
    0.406823122  -10.355618878
    0.415641746  -10.355618878
    0.424460370  -10.355618878
    0.433278995  -10.355618878
    0.442097619  -10.355618878
    0.450916243  -10.355618878
    0.459734868  -10.355618878
    0.468553492  -10.355618878
    0.477372116  -10.355618878
    0.486190741  -10.355618878
    0.495009365  -10.355618878
    0.503827989  -10.355618878
    0.512646614  -10.355618878
    0.521465238  -10.355618878
    0.530283862  -10.355618878
    0.539102487  -10.355618878
    0.547921111  -10.355618878
    0.556739735  -10.355618878
    0.565558360  -10.355618878
    0.574376984  -10.355618878
    0.583195608  -10.355618878
    0.592014233  -10.355618878
    0.600832857  -10.355618878
    0.609651481  -10.355618878
    0.618470106  -10.355618878
    0.627288730  -10.355654167
    0.636107354  -10.355853212
    0.644925979  -10.356492008
    0.653744603  -10.358723547
    0.662563228  -10.364955277
    0.671381852  -10.380770905
    0.680200476  -10.417086073
    0.689019101  -10.493578912
    0.697837725  -10.643926980
    0.706656349  -10.924643785
    0.715474974  -11.425996148
    0.724293598  -12.266120810
    0.733112222  -13.526981949
    0.741930847  -15.156049611
    0.750749471  -16.981531306
    0.759568095  -18.847297528
    0.768386720  -20.688637110
    0.777205344  -22.489844566
    0.786023968  -24.200680400
    0.794842593  -25.702053334
    0.803661217  -26.879191472
    0.812479841  -27.794069428
    0.821298466  -28.847842659
    0.830117090  -30.587557122
    0.838935714  -33.096183235
    0.847754339  -35.991615629
    0.856572963  -38.906538274
    0.865391587  -41.665968574
    0.874210212  -44.268542508
    0.883028836  -46.809751076
    0.891847460  -49.382451842
    0.900666085  -51.996208999
    0.909484709  -54.575543062
    0.918303333  -57.013580650
    0.927121958  -59.233473665
    0.935940582  -61.214037535
    0.944759206  -62.960547518
    0.953577831  -64.453446266
    0.962396455  -65.605709655
    0.971215079  -66.294835650
    0.980033704  -66.471257515
    0.988852328  -66.254731492
    0.997670952  -65.922614599
    1.006489577  -65.780694409
    1.015308201  -65.989498536
    1.024126825  -66.497919773
    1.032945450  -67.095360063
    1.041764074  -67.536122625
    1.050582698  -67.632114363
    1.059401323  -67.308127165
    1.068219947  -66.599259191
    1.077038571  -65.620475365
    1.085857196  -64.515329915
    1.094675820  -63.426064248
    1.103494444  -62.504287436
    1.112313069  -61.870008618
    1.121131693  -61.517563888
    1.129950317  -61.340152327
    1.138768942  -61.247117685
    1.147587566  -61.188796949
    1.156406190  -61.148492091
    1.165224815  -61.156355710
    1.174043439  -61.289829665
    1.182862063  -61.602645758
    1.191680688  -62.057853812
    1.200499312  -62.553611695
    1.209317937  -63.016926719
    1.218136561  -63.446642494
    1.226955185  -63.838092315
    1.235773810  -64.108771566
    1.244592434  -64.157511526
    1.253411058  -63.949540489
    1.262229683  -63.544951707
    1.271048307  -63.063154027
    1.279866931  -62.625967316
    1.288685556  -62.297693437
    1.297504180  -62.075896410
    1.306322804  -61.928457354
    1.315141429  -61.827248413
    1.323960053  -61.725509443
    1.332778677  -61.572312153
    1.341597302  -61.331734848
    1.350415926  -61.005776197
    1.359234550  -60.631160281
    1.368053175  -60.251199669
    1.376871799  -59.882113819
    1.385690423  -59.507677100
    1.394509048  -59.095592057
    1.403327672  -58.608961371
    1.412146296  -58.014348451
    1.420964921  -57.301350990
    1.429783545  -56.515382578
    1.438602169  -55.745102235
    1.447420794  -55.080740615
    1.456239418  -54.571003966
    1.465058042  -54.216759511
    1.473876667  -53.963264823
    1.482695291  -53.726306805
    1.491513915  -53.460807609
    1.500332540  -53.177062531
    1.509151164  -52.901878175
    1.517969788  -52.652923720
    1.526788413  -52.452389776
    1.535607037  -52.313765064
    1.544425661  -52.221626432
    1.553244286  -52.141080760
    1.562062910  -52.065586855
    1.570881534  -52.009964636
    1.579700159  -51.960897028
    1.588518783  -51.868024076
    1.597337407  -51.685063104
    1.606156032  -51.414003408
    1.614974656  -51.103961912
    1.623793280  -50.807570330
    1.632611905  -50.552844588
    1.641430529  -50.349143166
    1.650249153  -50.191644406
    1.659067778  -50.063355924
    1.667886402  -49.957571166
    1.676705026  -49.902597109
    1.685523651  -49.959095423
    1.694342275  -50.172508251
    1.703160899  -50.506491537
    1.711979524  -50.827061903
    1.720798148  -50.982320588
    1.729616772  -50.924486827
    1.738435397  -50.746901918
    1.747254021  -50.604770441
    1.756072646  -50.599942531
    1.764891270  -50.721419387
    1.773709894  -50.878875900
    1.782528519  -50.999208451
    1.791347143  -51.080786619
    1.800165767  -51.182171947
    1.808984392  -51.359793301
    1.817803016  -51.606433430
    1.826621640  -51.862668570
    1.835440265  -52.077431776
    1.844258889  -52.276706677
    1.853077513  -52.523046367
    1.861896138  -52.851448758
    1.870714762  -53.247888486
    1.879533386  -53.669114874
    1.888352011  -54.059270468
    1.897170635  -54.355355558
    1.905989259  -54.503036814
    1.914807884  -54.477442252
    1.923626508  -54.302651937
    1.932445132  -54.065692939
    1.941263757  -53.899020196
    1.950082381  -53.929971189
    1.958901005  -54.202768839
    1.967719630  -54.623495530
    1.976538254  -55.003347380
    1.985356878  -55.165594456
    1.994175503  -55.071945254
    2.002994127  -54.843607704
    2.011812751  -54.679634905
    2.020631376  -54.751334874
    2.029450000  -55.118839555
    2.038268624  -55.706852351
    2.047087249  -56.349879073
    2.055905873  -56.884183159
    2.064724497  -57.214522970
    2.073543122  -57.355926826
    2.082361746  -57.418648514
    2.091180370  -57.543597998
    2.099998995  -57.777110526
    2.108817619  -58.020084815
    2.117636243  -58.121321023
    2.126454868  -58.013974145
    2.135273492  -57.781112898
    2.144092116  -57.584665662
    2.152910741  -57.558321301
    2.161729365  -57.707983257
    2.170547989  -57.905089587
    2.179366614  -57.984092315
    2.188185238  -57.854630998
    2.197003862  -57.551212033
    2.205822487  -57.198328270
    2.214641111  -56.908262651
    2.223459735  -56.699622468
    2.232278360  -56.501199623
    2.241096984  -56.251188008
    2.249915608  -55.971005892
    2.258734233  -55.754024215
    2.267552857  -55.684733734
    2.276371481  -55.748060420
    2.285190106  -55.811807014
    2.294008730  -55.713600369
    2.302827354  -55.394671325
    2.311645979  -54.931740906
    2.320464603  -54.465611162
    2.329283228  -54.094312768
    2.338101852  -53.823282480
    2.346920476  -53.593396120
    2.355739101  -53.333681549
    2.364557725  -53.018947195
    2.373376349  -52.686793144
    2.382194974  -52.390715656
    2.391013598  -52.154230893
    2.399832222  -51.973756981
    2.408650847  -51.850504971
    2.417469471  -51.803647454
    2.426288095  -51.854077692
    2.435106720  -51.986187357
    2.443925344  -52.146574836
    2.452743968  -52.252419662
    2.461562593  -52.252528064
    2.470381217  -52.140734418
    2.479199841  -51.956390943
    2.488018466  -51.762978657
    2.496837090  -51.624080457
    2.505655714  -51.571989937
    2.514474339  -51.604360456
    2.523292963  -51.678601660
    2.532111587  -51.716555580
    2.540930212  -51.643642926
    2.549748836  -51.423459078
    2.558567460  -51.077994769
    2.567386085  -50.671216213
    2.576204709  -50.280975759
    2.585023333  -49.981924955
    2.593841958  -49.837344337
    2.602660582  -49.880233739
    2.611479206  -50.089796003
    2.620297831  -50.394225701
    2.629116455  -50.706090331
    2.637935079  -50.953157522
    2.646753704  -51.073477696
    2.655572328  -51.014828295
    2.664390952  -50.769266368
    2.673209577  -50.406390414
    2.682028201  -50.026718827
    2.690846825  -49.737497964
    2.699665450  -49.633338269
    2.708484074  -49.748427393
    2.717302698  -50.021806853
    2.726121323  -50.328509934
    2.734939947  -50.560644281
    2.743758571  -50.687388199
    2.752577196  -50.743727188
    2.761395820  -50.793607689
    2.770214444  -50.864303190
    2.779033069  -50.914840998
    2.787851693  -50.868218055
    2.796670317  -50.697144762
    2.805488942  -50.453477836
    2.814307566  -50.201202030
    2.823126190  -49.972973329
    2.831944815  -49.828101437
    2.840763439  -49.818234114
    2.849582063  -49.915576000
    2.858400688  -50.021431832
    2.867219312  -50.040842273
    2.876037937  -49.927634478
    2.884856561  -49.673436681
    2.893675185  -49.302294499
    2.902493810  -48.867597390
    2.911312434  -48.455991780
    2.920131058  -48.172612450
    2.928949683  -48.085026400
    2.937768307  -48.187139633
    2.946586931  -48.409418534
    2.955405556  -48.650986731
    2.964224180  -48.803588843
    2.973042804  -48.794560356
    2.981861429  -48.623440502
    2.990680053  -48.365787645
    2.999498677  -48.122621960
    3.008317302  -47.971675171
    3.017135926  -47.949526933
    3.025954550  -48.061947924
    3.034773175  -48.289322229
    3.043591799  -48.570142456
    3.052410423  -48.785046845
    3.061229048  -48.816317927
    3.070047672  -48.638307344
    3.078866296  -48.362519982
    3.087684921  -48.170150129
    3.096503545  -48.167871125
    3.105322169  -48.298557951
    3.114140794  -48.418743304
    3.122959418  -48.423757471
    3.131778042  -48.318415717
    3.140596667  -48.207278510
    3.149415291  -48.215521591
    3.158233915  -48.384961306
    3.167052540  -48.650146949
    3.175871164  -48.887639326
    3.184689788  -48.972186913
    3.193508413  -48.881902478
    3.202327037  -48.722175598
    3.211145661  -48.623251952
    3.219964286  -48.641743689
    3.228782910  -48.720530752
    3.237601534  -48.741034272
    3.246420159  -48.622526247
    3.255238783  -48.377264451
    3.264057407  -48.110743445
    3.272876032  -47.947266782
    3.281694656  -47.957536510
    3.290513280  -48.123884117
    3.299331905  -48.358968175
    3.308150529  -48.541313184
    3.316969153  -48.591176012
    3.325787778  -48.518410400
    3.334606402  -48.386497430
    3.343425026  -48.261895188
    3.352243651  -48.180385355
    3.361062275  -48.155431844
    3.369880899  -48.197637438
    3.378699524  -48.301610966
    3.387518148  -48.435663490
    3.396336772  -48.538758672
    3.405155397  -48.549516436
    3.413974021  -48.452254548
    3.422792646  -48.280430718
    3.431611270  -48.070662020
    3.440429894  -47.840973598
    3.449248519  -47.605190827
    3.458067143  -47.405766999
    3.466885767  -47.301103653
    3.475704392  -47.329259481
    3.484523016  -47.463116325
    3.493341640  -47.596102141
    3.502160265  -47.526314108
    3.510978889  -46.972450955
    3.519797513  -45.637369402
    3.528616138  -43.300105625
    3.537434762  -39.885025149
    3.546253386  -35.486177212
    3.555072011  -30.383906568
    3.563890635  -25.025337246
    3.572709259  -19.966695809
    3.581527884  -15.799361716
    3.590346508  -13.000333945
    3.599165132  -11.525820629
    3.607983757  -10.857809245
    3.616802381  -10.566260190
    3.625621005  -10.439657180
    3.634439630  -10.386503841
    3.643258254  -10.366016359
    3.652076878  -10.358522609
    3.660895503  -10.356215497
    3.669714127  -10.355618878
    3.678532751  -10.355618878
    3.687351376  -10.355618878
    3.696170000  -10.355618878
