#! FIELDS pp.proj projection
#! SET min_pp.proj 0.36273
#! SET max_pp.proj 3.69617
#! SET nbins_pp.proj  379
#! SET periodic_pp.proj false
    0.362730000  -10.355618878
    0.371548624  -10.355618878
    0.380367249  -10.355618878
    0.389185873  -10.355618878
    0.398004497  -10.355618878
    0.406823122  -10.355618878
    0.415641746  -10.355618878
    0.424460370  -10.355618878
    0.433278995  -10.355618878
    0.442097619  -10.355618878
    0.450916243  -10.355618878
    0.459734868  -10.355618878
    0.468553492  -10.355618878
    0.477372116  -10.355618878
    0.486190741  -10.355618878
    0.495009365  -10.355618878
    0.503827989  -10.355618878
    0.512646614  -10.355618878
    0.521465238  -10.355618878
    0.530283862  -10.355618878
    0.539102487  -10.355618878
    0.547921111  -10.355618878
    0.556739735  -10.355618878
    0.565558360  -10.355618878
    0.574376984  -10.355618878
    0.583195608  -10.355618878
    0.592014233  -10.355618878
    0.600832857  -10.355618878
    0.609651481  -10.355618878
    0.618470106  -10.355618878
    0.627288730  -10.355654167
    0.636107354  -10.355853212
    0.644925979  -10.356492008
    0.653744603  -10.358723547
    0.662563228  -10.364955277
    0.671381852  -10.380770905
    0.680200476  -10.417086073
    0.689019101  -10.493578912
    0.697837725  -10.643926980
    0.706656349  -10.924643785
    0.715474974  -11.425996148
    0.724293598  -12.266120810
    0.733112222  -13.526981949
    0.741930847  -15.156049611
    0.750749471  -16.981531306
    0.759568095  -18.847297528
    0.768386720  -20.688637110
    0.777205344  -22.489844566
    0.786023968  -24.200680400
    0.794842593  -25.702053334
    0.803661217  -26.879191472
    0.812479841  -27.794069428
    0.821298466  -28.847842659
    0.830117090  -30.587557122
    0.838935714  -33.096183235
    0.847754339  -35.991615629
    0.856572963  -38.906538274
    0.865391587  -41.665968574
    0.874210212  -44.268542508
    0.883028836  -46.809751076
    0.891847460  -49.382451842
    0.900666085  -51.996208999
    0.909484709  -54.575543062
    0.918303333  -57.013580650
    0.927121958  -59.233473665
    0.935940582  -61.214037535
    0.944759206  -62.960547518
    0.953577831  -64.453446266
    0.962396455  -65.605709655
    0.971215079  -66.294835650
    0.980033704  -66.471257515
    0.988852328  -66.254731492
    0.997670952  -65.922614599
    1.006489577  -65.780694409
    1.015308201  -65.989498536
    1.024126825  -66.497919773
    1.032945450  -67.095360063
    1.041764074  -67.536122625
    1.050582698  -67.632114363
    1.059401323  -67.308127165
    1.068219947  -66.599259191
    1.077038571  -65.620475365
    1.085857196  -64.515329915
    1.094675820  -63.426064248
    1.103494444  -62.504287436
    1.112313069  -61.870008618
    1.121131693  -61.517563888
    1.129950317  -61.340152327
    1.138768942  -61.247117685
    1.147587566  -61.188796949
    1.156406190  -61.148492091
    1.165224815  -61.156355710
    1.174043439  -61.289829665
    1.182862063  -61.602645758
    1.191680688  -62.057853812
    1.200499312  -62.553611695
    1.209317937  -63.016926719
    1.218136561  -63.446642494
    1.226955185  -63.838092315
    1.235773810  -64.108771566
    1.244592434  -64.157511526
    1.253411058  -63.949540489
    1.262229683  -63.544951707
    1.271048307  -63.063154027
    1.279866931  -62.625967316
    1.288685556  -62.297693437
    1.297504180  -62.075896410
    1.306322804  -61.928457354
    1.315141429  -61.827248413
    1.323960053  -61.725509443
    1.332778677  -61.572312153
    1.341597302  -61.331734848
    1.350415926  -61.005776197
    1.359234550  -60.631160281
    1.368053175  -60.251199669
    1.376871799  -59.882113819
    1.385690423  -59.507677100
    1.394509048  -59.095592057
    1.403327672  -58.608961371
    1.412146296  -58.014348451
    1.420964921  -57.301350990
    1.429783545  -56.515382578
    1.438602169  -55.745102235
    1.447420794  -55.080740615
    1.456239418  -54.571003966
    1.465058042  -54.216759511
    1.473876667  -53.963264823
    1.482695291  -53.726306805
    1.491513915  -53.460807609
    1.500332540  -53.177062531
    1.509151164  -52.901878175
    1.517969788  -52.652923720
    1.526788413  -52.452449133
    1.535607037  -52.314005468
    1.544425661  -52.222619922
    1.553244286  -52.144275369
    1.562062910  -52.074407322
    1.570881534  -52.031682356
    1.579700159  -52.009349584
    1.588518783  -51.965813968
    1.597337407  -51.862377218
    1.606156032  -51.702532030
    1.614974656  -51.530239208
    1.623793280  -51.391628641
    1.632611905  -51.314212918
    1.641430529  -51.313095029
    1.650249153  -51.386721947
    1.659067778  -51.502069048
    1.667886402  -51.615722166
    1.676705026  -51.720205023
    1.685523651  -51.870309411
    1.694342275  -52.143466502
    1.703160899  -52.556121119
    1.711979524  -53.023501760
    1.720798148  -53.417556895
    1.729616772  -53.684081022
    1.738435397  -53.869089692
    1.747254021  -54.050796916
    1.756072646  -54.289615005
    1.764891270  -54.621816693
    1.773709894  -55.047451253
    1.782528519  -55.514052959
    1.791347143  -55.936543166
    1.800165767  -56.270689914
    1.808984392  -56.553662988
    1.817803016  -56.875942229
    1.826621640  -57.315317446
    1.835440265  -57.912435363
    1.844258889  -58.619660154
    1.853077513  -59.281019780
    1.861896138  -59.743103037
    1.870714762  -59.978627754
    1.879533386  -60.094406984
    1.888352011  -60.226634748
    1.897170635  -60.446009545
    1.905989259  -60.711509819
    1.914807884  -60.923170219
    1.923626508  -61.000152143
    1.932445132  -60.955852192
    1.941263757  -60.909554268
    1.950082381  -61.031949152
    1.958901005  -61.442168761
    1.967719630  -62.119748638
    1.976538254  -62.915686968
    1.985356878  -63.657999996
    1.994175503  -64.273793566
    2.002994127  -64.806586451
    2.011812751  -65.352045523
    2.020631376  -65.962102933
    2.029450000  -66.595970747
    2.038268624  -67.150550568
    2.047087249  -67.524173869
    2.055905873  -67.673654570
    2.064724497  -67.621031775
    2.073543122  -67.448034550
    2.082361746  -67.255140085
    2.091180370  -67.118069937
    2.099998995  -67.028116774
    2.108817619  -66.900094775
    2.117636243  -66.639563458
    2.126454868  -66.224747139
    2.135273492  -65.741424996
    2.144092116  -65.319991978
    2.152910741  -65.046540629
    2.161729365  -64.898526320
    2.170547989  -64.762879471
    2.179366614  -64.529693992
    2.188185238  -64.168637511
    2.197003862  -63.739902498
    2.205822487  -63.337666488
    2.214641111  -63.004862685
    2.223459735  -62.704302896
    2.232278360  -62.361377160
    2.241096984  -61.959242061
    2.249915608  -61.570057119
    2.258734233  -61.295505247
    2.267552857  -61.190645914
    2.276371481  -61.222526714
    2.285190106  -61.289044722
    2.294008730  -61.275752939
    2.302827354  -61.149751605
    2.311645979  -60.970806872
    2.320464603  -60.822877024
    2.329283228  -60.740300987
    2.338101852  -60.695372347
    2.346920476  -60.623433567
    2.355739101  -60.456961755
    2.364557725  -60.189524357
    2.373376349  -59.892761252
    2.382194974  -59.648126236
    2.391013598  -59.477384297
    2.399832222  -59.351684027
    2.408650847  -59.250529741
    2.417469471  -59.193906517
    2.426288095  -59.219234425
    2.435106720  -59.324273353
    2.443925344  -59.449260850
    2.452743968  -59.493016768
    2.461562593  -59.396803984
    2.470381217  -59.175540162
    2.479199841  -58.899190212
    2.488018466  -58.645397656
    2.496837090  -58.474267565
    2.505655714  -58.411884448
    2.514474339  -58.457799678
    2.523292963  -58.582041303
    2.532111587  -58.729031542
    2.540930212  -58.839367110
    2.549748836  -58.864083262
    2.558567460  -58.783750647
    2.567386085  -58.612927775
    2.576204709  -58.380877684
    2.585023333  -58.110748202
    2.593841958  -57.829144861
    2.602660582  -57.581322662
    2.611479206  -57.412627840
    2.620297831  -57.329766555
    2.629116455  -57.288366546
    2.637935079  -57.237500092
    2.646753704  -57.147562213
    2.655572328  -57.005451347
    2.664390952  -56.814064550
    2.673209577  -56.616222841
    2.682028201  -56.459183899
    2.690846825  -56.384889320
    2.699665450  -56.425501941
    2.708484074  -56.581704158
    2.717302698  -56.787585085
    2.726121323  -56.917424255
    2.734939947  -56.860699095
    2.743758571  -56.610108549
    2.752577196  -56.265207707
    2.761395820  -55.969852460
    2.770214444  -55.818800526
    2.779033069  -55.811862979
    2.787851693  -55.864496613
    2.796670317  -55.880343679
    2.805488942  -55.813679785
    2.814307566  -55.665265424
    2.823126190  -55.459991866
    2.831944815  -55.269899415
    2.840763439  -55.172041905
    2.849582063  -55.190528292
    2.858400688  -55.272076148
    2.867219312  -55.319951592
    2.876037937  -55.246480122
    2.884856561  -55.004630010
    2.893675185  -54.606820096
    2.902493810  -54.115462392
    2.911312434  -53.635136535
    2.920131058  -53.299739367
    2.928949683  -53.204710135
    2.937768307  -53.353524243
    2.946586931  -53.669080568
    2.955405556  -54.030637564
    2.964224180  -54.294090280
    2.973042804  -54.349655102
    2.981861429  -54.189868144
    2.990680053  -53.905054242
    2.999498677  -53.597573293
    3.008317302  -53.341411220
    3.017135926  -53.182528572
    3.025954550  -53.140013430
    3.034773175  -53.195066071
    3.043591799  -53.289916817
    3.052410423  -53.335834103
    3.061229048  -53.267314360
    3.070047672  -53.095677102
    3.078866296  -52.927667776
    3.087684921  -52.897648526
    3.096503545  -53.053088118
    3.105322169  -53.298776429
    3.114140794  -53.473595889
    3.122959418  -53.457398540
    3.131778042  -53.246667843
    3.140596667  -52.955828371
    3.149415291  -52.738329760
    3.158233915  -52.663809702
    3.167052540  -52.679440254
    3.175871164  -52.669852095
    3.184689788  -52.532257490
    3.193508413  -52.264291382
    3.202327037  -51.952851983
    3.211145661  -51.688384003
    3.219964286  -51.498232717
    3.228782910  -51.325009294
    3.237601534  -51.081244175
    3.246420159  -50.724787249
    3.255238783  -50.288167508
    3.264057407  -49.878336318
    3.272876032  -49.611452791
    3.281694656  -49.534423171
    3.290513280  -49.605161456
    3.299331905  -49.749043250
    3.308150529  -49.890453231
    3.316969153  -49.980682897
    3.325787778  -50.017843209
    3.334606402  -50.023203605
    3.343425026  -50.012476799
    3.352243651  -49.990380327
    3.361062275  -49.975094011
    3.369880899  -50.006898305
    3.378699524  -50.116045594
    3.387518148  -50.302288999
    3.396336772  -50.512966355
    3.405155397  -50.660490933
    3.413974021  -50.689384621
    3.422792646  -50.618042641
    3.431611270  -50.498103175
    3.440429894  -50.365679323
    3.449248519  -50.230600876
    3.458067143  -50.107059751
    3.466885767  -50.015172577
    3.475704392  -49.970284080
    3.484523016  -49.964867849
    3.493341640  -49.951469828
    3.502160265  -49.789480392
    3.510978889  -49.227510706
    3.519797513  -47.972681626
    3.528616138  -45.791774984
    3.537434762  -42.577459545
    3.546253386  -38.363486060
    3.555072011  -33.345893505
    3.563890635  -27.888561121
    3.572709259  -22.494348217
    3.581527884  -17.739006075
    3.590346508  -14.190319701
    3.599165132  -12.103290807
    3.607983757  -11.108444434
    3.616802381  -10.672974275
    3.625621005  -10.484225469
    3.634439630  -10.404163633
    3.643258254  -10.372462856
    3.652076878  -10.360636134
    3.660895503  -10.356751507
    3.669714127  -10.355674561
    3.678532751  -10.355618878
    3.687351376  -10.355618878
    3.696170000  -10.355618878
