#! FIELDS pp.proj projection
#! SET min_pp.proj 0.36273
#! SET max_pp.proj 3.69617
#! SET nbins_pp.proj  379
#! SET periodic_pp.proj false
    0.362730000  -10.355618878
    0.371548624  -10.355618878
    0.380367249  -10.355618878
    0.389185873  -10.355618878
    0.398004497  -10.355618878
    0.406823122  -10.355618878
    0.415641746  -10.355618878
    0.424460370  -10.355618878
    0.433278995  -10.355618878
    0.442097619  -10.355618878
    0.450916243  -10.355618878
    0.459734868  -10.355618878
    0.468553492  -10.355618878
    0.477372116  -10.355618878
    0.486190741  -10.355618878
    0.495009365  -10.355618878
    0.503827989  -10.355618878
    0.512646614  -10.355618878
    0.521465238  -10.355618878
    0.530283862  -10.355618878
    0.539102487  -10.355618878
    0.547921111  -10.355618878
    0.556739735  -10.355618878
    0.565558360  -10.355618878
    0.574376984  -10.355618878
    0.583195608  -10.355618878
    0.592014233  -10.355618878
    0.600832857  -10.355618878
    0.609651481  -10.355618878
    0.618470106  -10.355618878
    0.627288730  -10.355654167
    0.636107354  -10.355853212
    0.644925979  -10.356492008
    0.653744603  -10.358723547
    0.662563228  -10.364955277
    0.671381852  -10.380770905
    0.680200476  -10.417086073
    0.689019101  -10.493578912
    0.697837725  -10.643926980
    0.706656349  -10.924643785
    0.715474974  -11.425996148
    0.724293598  -12.266120810
    0.733112222  -13.526981949
    0.741930847  -15.156049611
    0.750749471  -16.981531306
    0.759568095  -18.847297528
    0.768386720  -20.688637110
    0.777205344  -22.489844566
    0.786023968  -24.200680400
    0.794842593  -25.702053334
    0.803661217  -26.879191472
    0.812479841  -27.794069428
    0.821298466  -28.847842659
    0.830117090  -30.587557122
    0.838935714  -33.096183235
    0.847754339  -35.991615629
    0.856572963  -38.906538274
    0.865391587  -41.665968574
    0.874210212  -44.268542508
    0.883028836  -46.809751076
    0.891847460  -49.382451842
    0.900666085  -51.996208999
    0.909484709  -54.575543062
    0.918303333  -57.013580650
    0.927121958  -59.233473665
    0.935940582  -61.214037535
    0.944759206  -62.960547518
    0.953577831  -64.453446266
    0.962396455  -65.605709655
    0.971215079  -66.294835650
    0.980033704  -66.471257515
    0.988852328  -66.254731492
    0.997670952  -65.922614599
    1.006489577  -65.780694409
    1.015308201  -65.989498536
    1.024126825  -66.497919773
    1.032945450  -67.095360063
    1.041764074  -67.536122625
    1.050582698  -67.632114363
    1.059401323  -67.308127165
    1.068219947  -66.599259191
    1.077038571  -65.620475365
    1.085857196  -64.515329915
    1.094675820  -63.426064248
    1.103494444  -62.504287436
    1.112313069  -61.870008618
    1.121131693  -61.517563888
    1.129950317  -61.340152327
    1.138768942  -61.247117685
    1.147587566  -61.188796949
    1.156406190  -61.148492091
    1.165224815  -61.156355710
    1.174043439  -61.289829665
    1.182862063  -61.602645758
    1.191680688  -62.057853812
    1.200499312  -62.553611695
    1.209317937  -63.016926719
    1.218136561  -63.446642494
    1.226955185  -63.838092315
    1.235773810  -64.108771566
    1.244592434  -64.157511526
    1.253411058  -63.949540489
    1.262229683  -63.544951707
    1.271048307  -63.063154027
    1.279866931  -62.625967316
    1.288685556  -62.297693437
    1.297504180  -62.075896410
    1.306322804  -61.928457354
    1.315141429  -61.827248413
    1.323960053  -61.725509443
    1.332778677  -61.572312153
    1.341597302  -61.331734848
    1.350415926  -61.005776197
    1.359234550  -60.631160281
    1.368053175  -60.251199669
    1.376871799  -59.882113819
    1.385690423  -59.507677100
    1.394509048  -59.095592057
    1.403327672  -58.608961371
    1.412146296  -58.014348451
    1.420964921  -57.301350990
    1.429783545  -56.515382578
    1.438602169  -55.745102235
    1.447420794  -55.080740615
    1.456239418  -54.571003966
    1.465058042  -54.216759511
    1.473876667  -53.963264823
    1.482695291  -53.726306805
    1.491513915  -53.460807609
    1.500332540  -53.177062531
    1.509151164  -52.901878175
    1.517969788  -52.652923720
    1.526788413  -52.452389776
    1.535607037  -52.313765064
    1.544425661  -52.221626432
    1.553244286  -52.141080760
    1.562062910  -52.065586855
    1.570881534  -52.009964636
    1.579700159  -51.960897028
    1.588518783  -51.868024076
    1.597337407  -51.685095637
    1.606156032  -51.414179382
    1.614974656  -51.104634331
    1.623793280  -50.809767006
    1.632611905  -50.558997086
    1.641430529  -50.364029691
    1.650249153  -50.223041379
    1.659067778  -50.121813291
    1.667886402  -50.054186587
    1.676705026  -50.046310322
    1.685523651  -50.156250520
    1.694342275  -50.429477236
    1.703160899  -50.832637461
    1.711979524  -51.235250549
    1.720798148  -51.487494139
    1.729616772  -51.544109358
    1.738435397  -51.501181490
    1.747254021  -51.519660607
    1.756072646  -51.722745607
    1.764891270  -52.140567511
    1.773709894  -52.719639953
    1.782528519  -53.360758847
    1.791347143  -53.952705482
    1.800165767  -54.440176543
    1.808984392  -54.873322750
    1.817803016  -55.369791783
    1.826621640  -56.015339949
    1.835440265  -56.813074182
    1.844258889  -57.663179243
    1.853077513  -58.395673194
    1.861896138  -58.878442295
    1.870714762  -59.111665966
    1.879533386  -59.215045112
    1.888352011  -59.325265745
    1.897170635  -59.509153433
    1.905989259  -59.724238033
    1.914807884  -59.868092660
    1.923626508  -59.851822016
    1.932445132  -59.675331167
    1.941263757  -59.446974998
    1.950082381  -59.337989910
    1.958901005  -59.480481177
    1.967719630  -59.868129377
    1.976538254  -60.359131804
    1.985356878  -60.784917396
    1.994175503  -61.085276939
    2.002994127  -61.337400739
    2.011812751  -61.685842418
    2.020631376  -62.228143311
    2.029450000  -62.936834650
    2.038268624  -63.677152187
    2.047087249  -64.286715623
    2.055905873  -64.657263929
    2.064724497  -64.760990894
    2.073543122  -64.663405981
    2.082361746  -64.489717362
    2.091180370  -64.371511577
    2.099998995  -64.354643963
    2.108817619  -64.367132972
    2.117636243  -64.285465252
    2.126454868  -64.042576118
    2.135273492  -63.697315699
    2.144092116  -63.380912070
    2.152910741  -63.200188288
    2.161729365  -63.149178348
    2.170547989  -63.112639186
    2.179366614  -62.967880973
    2.188185238  -62.673800529
    2.197003862  -62.287788861
    2.205822487  -61.908098540
    2.214641111  -61.586241049
    2.223459735  -61.291114911
    2.232278360  -60.943305325
    2.241096984  -60.513881461
    2.249915608  -60.074493728
    2.258734233  -59.745730428
    2.267552857  -59.597862949
    2.276371481  -59.583842476
    2.285190106  -59.562395670
    2.294008730  -59.390288251
    2.302827354  -59.039412690
    2.311645979  -58.611886533
    2.320464603  -58.260170653
    2.329283228  -58.081636673
    2.338101852  -58.065556452
    2.346920476  -58.105756289
    2.355739101  -58.067049234
    2.364557725  -57.883988772
    2.373376349  -57.601807001
    2.382194974  -57.319518420
    2.391013598  -57.109053804
    2.399832222  -56.989596031
    2.408650847  -56.964145923
    2.417469471  -57.048381111
    2.426288095  -57.250212192
    2.435106720  -57.517656211
    2.443925344  -57.741196378
    2.452743968  -57.790626477
    2.461562593  -57.616774563
    2.470381217  -57.272630619
    2.479199841  -56.871917012
    2.488018466  -56.514946811
    2.496837090  -56.258639120
    2.505655714  -56.108560173
    2.514474339  -56.039611902
    2.523292963  -56.002208850
    2.532111587  -55.934248378
    2.540930212  -55.786147221
    2.549748836  -55.536499434
    2.558567460  -55.205294418
    2.567386085  -54.847059569
    2.576204709  -54.518558765
    2.585023333  -54.255784100
    2.593841958  -54.081186936
    2.602660582  -54.015620597
    2.611479206  -54.065968049
    2.620297831  -54.203644158
    2.629116455  -54.366410262
    2.637935079  -54.497657519
    2.646753704  -54.560372967
    2.655572328  -54.527638838
    2.664390952  -54.395368733
    2.673209577  -54.206551892
    2.682028201  -54.010924389
    2.690846825  -53.857808919
    2.699665450  -53.797501549
    2.708484074  -53.853440535
    2.717302698  -53.983168267
    2.726121323  -54.092525196
    2.734939947  -54.102641387
    2.743758571  -54.012539999
    2.752577196  -53.887261794
    2.761395820  -53.815527615
    2.770214444  -53.846159813
    2.779033069  -53.953701601
    2.787851693  -54.050267090
    2.796670317  -54.055426740
    2.805488942  -53.952800695
    2.814307566  -53.776211077
    2.823126190  -53.576062873
    2.831944815  -53.430372003
    2.840763439  -53.396317212
    2.849582063  -53.464279339
    2.858400688  -53.560844632
    2.867219312  -53.598115611
    2.876037937  -53.515768804
    2.884856561  -53.290481755
    2.893675185  -52.938202908
    2.902493810  -52.508796248
    2.911312434  -52.091602348
    2.920131058  -51.808110837
    2.928949683  -51.748161721
    2.937768307  -51.917014009
    2.946586931  -52.244522207
    2.955405556  -52.617506896
    2.964224180  -52.893355415
    2.973042804  -52.958509648
    2.981861429  -52.804300941
    2.990680053  -52.527038080
    2.999498677  -52.237181210
    3.008317302  -52.007777475
    3.017135926  -51.873574567
    3.025954550  -51.843603618
    3.034773175  -51.900055630
    3.043591799  -51.991677892
    3.052410423  -52.035410155
    3.061229048  -51.968228918
    3.070047672  -51.805863437
    3.078866296  -51.662314813
    3.087684921  -51.676388502
    3.096503545  -51.886437744
    3.105322169  -52.179513829
    3.114140794  -52.395067064
    3.122959418  -52.441945476
    3.131778042  -52.344561619
    3.140596667  -52.210815633
    3.149415291  -52.157764803
    3.158233915  -52.223882351
    3.167052540  -52.349850115
    3.175871164  -52.423428519
    3.184689788  -52.340184770
    3.193508413  -52.099027109
    3.202327037  -51.800402050
    3.211145661  -51.551591231
    3.219964286  -51.387348454
    3.228782910  -51.245615926
    3.237601534  -51.030542627
    3.246420159  -50.695524963
    3.255238783  -50.272751503
    3.264057407  -49.871044134
    3.272876032  -49.608407440
    3.281694656  -49.533320831
    3.290513280  -49.604815139
    3.299331905  -49.748947804
    3.308150529  -49.890453231
    3.316969153  -49.980682897
    3.325787778  -50.017843209
    3.334606402  -50.023203605
    3.343425026  -50.012476799
    3.352243651  -49.990380327
    3.361062275  -49.975094011
    3.369880899  -50.006898305
    3.378699524  -50.116045594
    3.387518148  -50.302288999
    3.396336772  -50.512966355
    3.405155397  -50.660490933
    3.413974021  -50.689384621
    3.422792646  -50.618042641
    3.431611270  -50.498103175
    3.440429894  -50.365679323
    3.449248519  -50.230600876
    3.458067143  -50.107059751
    3.466885767  -50.015172577
    3.475704392  -49.970284080
    3.484523016  -49.964867849
    3.493341640  -49.951469828
    3.502160265  -49.789480392
    3.510978889  -49.227510706
    3.519797513  -47.972681626
    3.528616138  -45.791774984
    3.537434762  -42.577459545
    3.546253386  -38.363486060
    3.555072011  -33.345893505
    3.563890635  -27.888561121
    3.572709259  -22.494348217
    3.581527884  -17.739006075
    3.590346508  -14.190319701
    3.599165132  -12.103290807
    3.607983757  -11.108444434
    3.616802381  -10.672974275
    3.625621005  -10.484225469
    3.634439630  -10.404163633
    3.643258254  -10.372462856
    3.652076878  -10.360636134
    3.660895503  -10.356751507
    3.669714127  -10.355674561
    3.678532751  -10.355618878
    3.687351376  -10.355618878
    3.696170000  -10.355618878
