#! FIELDS pp.proj projection
#! SET min_pp.proj 0.36273
#! SET max_pp.proj 3.69617
#! SET nbins_pp.proj  379
#! SET periodic_pp.proj false
    0.362730000  -10.356374845
    0.371548624  -10.358627935
    0.380367249  -10.365772818
    0.389185873  -10.385894828
    0.398004497  -10.437961759
    0.406823122  -10.565032848
    0.415641746  -10.869444853
    0.424460370  -11.605741650
    0.433278995  -13.331016024
    0.442097619  -16.687950900
    0.450916243  -21.616568422
    0.459734868  -27.439709015
    0.468553492  -33.401643419
    0.477372116  -38.853487599
    0.486190741  -43.402967222
    0.495009365  -46.992241631
    0.503827989  -49.839881640
    0.512646614  -52.286324285
    0.521465238  -54.619899570
    0.530283862  -56.945763398
    0.539102487  -59.178430232
    0.547921111  -61.152929789
    0.556739735  -62.744465246
    0.565558360  -63.914501795
    0.574376984  -64.706852457
    0.583195608  -65.238153254
    0.592014233  -65.665851848
    0.600832857  -66.096457466
    0.609651481  -66.502309492
    0.618470106  -66.788179707
    0.627288730  -66.904942139
    0.636107354  -66.849788981
    0.644925979  -66.614621499
    0.653744603  -66.183871040
    0.662563228  -65.580547296
    0.671381852  -64.888680750
    0.680200476  -64.228347613
    0.689019101  -63.712972435
    0.697837725  -63.421624884
    0.706656349  -63.387088568
    0.715474974  -63.637648437
    0.724293598  -64.188704011
    0.733112222  -65.016532140
    0.741930847  -66.036485607
    0.750749471  -67.131461600
    0.759568095  -68.175541918
    0.768386720  -69.079304134
    0.777205344  -69.822532782
    0.786023968  -70.455936152
    0.794842593  -71.040244974
    0.803661217  -71.596922153
    0.812479841  -72.121887395
    0.821298466  -72.613540878
    0.830117090  -73.144375278
    0.838935714  -74.058998608
    0.847754339  -76.023921416
    0.856572963  -79.034145835
    0.865391587  -82.264447554
    0.874210212  -85.176869721
    0.883028836  -87.606952615
    0.891847460  -89.572276257
    0.900666085  -91.161431396
    0.909484709  -92.453492766
    0.918303333  -93.493697821
    0.927121958  -94.303780694
    0.935940582  -94.916056450
    0.944759206  -95.377921953
    0.953577831  -95.705656450
    0.962396455  -95.830051608
    0.971215079  -95.623338599
    0.980033704  -94.987182008
    0.988852328  -93.967904811
    0.997670952  -92.764796640
    1.006489577  -91.648186122
    1.015308201  -90.811096329
    1.024126825  -90.300373132
    1.032945450  -90.033589345
    1.041764074  -89.885929571
    1.050582698  -89.747260023
    1.059401323  -89.557220702
    1.068219947  -89.286037947
    1.077038571  -88.904904122
    1.085857196  -88.364772618
    1.094675820  -87.623358468
    1.103494444  -86.709534186
    1.112313069  -85.765194811
    1.121131693  -84.996064785
    1.129950317  -84.550064173
    1.138768942  -84.446316177
    1.147587566  -84.572921907
    1.156406190  -84.786495202
    1.165224815  -85.022545053
    1.174043439  -85.313721210
    1.182862063  -85.711184232
    1.191680688  -86.249342468
    1.200499312  -86.917761339
    1.209317937  -87.659852196
    1.218136561  -88.391910011
    1.226955185  -89.044497163
    1.235773810  -89.596868786
    1.244592434  -90.080517186
    1.253411058  -90.543051731
    1.262229683  -90.991172217
    1.271048307  -91.390136919
    1.279866931  -91.735106427
    1.288685556  -92.073922076
    1.297504180  -92.451780504
    1.306322804  -92.871084625
    1.315141429  -93.297806891
    1.323960053  -93.678848406
    1.332778677  -93.954502389
    1.341597302  -94.051066897
    1.350415926  -93.925247650
    1.359234550  -93.613190360
    1.368053175  -93.211488966
    1.376871799  -92.811748870
    1.385690423  -92.461595209
    1.394509048  -92.167279950
    1.403327672  -91.907395369
    1.412146296  -91.641898830
    1.420964921  -91.328780606
    1.429783545  -90.960036057
    1.438602169  -90.568431069
    1.447420794  -90.205685410
    1.456239418  -89.889698673
    1.465058042  -89.596781986
    1.473876667  -89.281301559
    1.482695291  -88.910866384
    1.491513915  -88.505214075
    1.500332540  -88.118686760
    1.509151164  -87.807355828
    1.517969788  -87.617259625
    1.526788413  -87.579383933
    1.535607037  -87.672898995
    1.544425661  -87.827048499
    1.553244286  -87.958962804
    1.562062910  -88.036652704
    1.570881534  -88.087380641
    1.579700159  -88.139503444
    1.588518783  -88.166186028
    1.597337407  -88.093110410
    1.606156032  -87.867559783
    1.614974656  -87.521982608
    1.623793280  -87.145253362
    1.632611905  -86.817612883
    1.641430529  -86.559369609
    1.650249153  -86.329167867
    1.659067778  -86.046798459
    1.667886402  -85.652991616
    1.676705026  -85.150196740
    1.685523651  -84.600432233
    1.694342275  -84.078883487
    1.703160899  -83.631693604
    1.711979524  -83.269720837
    1.720798148  -82.969670615
    1.729616772  -82.699110986
    1.738435397  -82.427899348
    1.747254021  -82.140239460
    1.756072646  -81.844478756
    1.764891270  -81.555835729
    1.773709894  -81.269545238
    1.782528519  -80.974597334
    1.791347143  -80.683774161
    1.800165767  -80.439987149
    1.808984392  -80.290120812
    1.817803016  -80.259625522
    1.826621640  -80.335547788
    1.835440265  -80.485199520
    1.844258889  -80.687425425
    1.853077513  -80.910847152
    1.861896138  -81.110167906
    1.870714762  -81.241770750
    1.879533386  -81.288685639
    1.888352011  -81.263639263
    1.897170635  -81.197679885
    1.905989259  -81.118907851
    1.914807884  -81.034804943
    1.923626508  -80.936912406
    1.932445132  -80.834950936
    1.941263757  -80.782197185
    1.950082381  -80.859155363
    1.958901005  -81.106987105
    1.967719630  -81.464427645
    1.976538254  -81.809836423
    1.985356878  -82.043947888
    1.994175503  -82.159204468
    2.002994127  -82.215623240
    2.011812751  -82.272174696
    2.020631376  -82.338579939
    2.029450000  -82.378923016
    2.038268624  -82.340401931
    2.047087249  -82.183219811
    2.055905873  -81.894791715
    2.064724497  -81.499918506
    2.073543122  -81.083886225
    2.082361746  -80.759433287
    2.091180370  -80.604686843
    2.099998995  -80.593775109
    2.108817619  -80.635577181
    2.117636243  -80.653140830
    2.126454868  -80.644277381
    2.135273492  -80.673363841
    2.144092116  -80.799974833
    2.152910741  -81.016050184
    2.161729365  -81.239244050
    2.170547989  -81.349156163
    2.179366614  -81.266831304
    2.188185238  -81.013234701
    2.197003862  -80.695202981
    2.205822487  -80.423394755
    2.214641111  -80.234088210
    2.223459735  -80.082958317
    2.232278360  -79.892529078
    2.241096984  -79.636238139
    2.249915608  -79.366633026
    2.258734233  -79.166915759
    2.267552857  -79.079581242
    2.276371481  -79.067125125
    2.285190106  -79.028721693
    2.294008730  -78.855697517
    2.302827354  -78.534760257
    2.311645979  -78.168588557
    2.320464603  -77.879584359
    2.329283228  -77.707652799
    2.338101852  -77.621024427
    2.346920476  -77.577954222
    2.355739101  -77.547530045
    2.364557725  -77.533817852
    2.373376349  -77.566197614
    2.382194974  -77.649749411
    2.391013598  -77.735989274
    2.399832222  -77.755650925
    2.408650847  -77.675120423
    2.417469471  -77.525736546
    2.426288095  -77.378695738
    2.435106720  -77.285321672
    2.443925344  -77.256196445
    2.452743968  -77.259979681
    2.461562593  -77.264470800
    2.470381217  -77.252175316
    2.479199841  -77.224494340
    2.488018466  -77.190983879
    2.496837090  -77.161739280
    2.505655714  -77.136903479
    2.514474339  -77.114355188
    2.523292963  -77.085225074
    2.532111587  -77.032644483
    2.540930212  -76.951577907
    2.549748836  -76.852324042
    2.558567460  -76.756034826
    2.567386085  -76.676645084
    2.576204709  -76.607277028
    2.585023333  -76.531930422
    2.593841958  -76.451924221
    2.602660582  -76.393697497
    2.611479206  -76.380597829
    2.620297831  -76.409204383
    2.629116455  -76.460249655
    2.637935079  -76.512449460
    2.646753704  -76.543330050
    2.655572328  -76.534624763
    2.664390952  -76.494466458
    2.673209577  -76.450534024
    2.682028201  -76.394147128
    2.690846825  -76.317019101
    2.699665450  -76.263139650
    2.708484074  -76.302647078
    2.717302698  -76.456378972
    2.726121323  -76.667273867
    2.734939947  -76.852361695
    2.743758571  -76.960849862
    2.752577196  -76.965452919
    2.761395820  -76.868988332
    2.770214444  -76.731944979
    2.779033069  -76.639774933
    2.787851693  -76.623985478
    2.796670317  -76.650742795
    2.805488942  -76.684260912
    2.814307566  -76.707103887
    2.823126190  -76.691545043
    2.831944815  -76.611005274
    2.840763439  -76.453776746
    2.849582063  -76.228003779
    2.858400688  -75.959999852
    2.867219312  -75.696890797
    2.876037937  -75.495740742
    2.884856561  -75.384809633
    2.893675185  -75.341225447
    2.902493810  -75.298829046
    2.911312434  -75.205706538
    2.920131058  -75.076653625
    2.928949683  -74.979894840
    2.937768307  -74.992927179
    2.946586931  -75.154593639
    2.955405556  -75.427090876
    2.964224180  -75.692086598
    2.973042804  -75.827127192
    2.981861429  -75.782885512
    2.990680053  -75.598692716
    2.999498677  -75.357703298
    3.008317302  -75.144697016
    3.017135926  -74.995608028
    3.025954550  -74.899061380
    3.034773175  -74.842839377
    3.043591799  -74.842444146
    3.052410423  -74.900127460
    3.061229048  -74.979541809
    3.070047672  -75.021896543
    3.078866296  -75.002600156
    3.087684921  -74.958976359
    3.096503545  -74.942517149
    3.105322169  -74.948838171
    3.114140794  -74.929252007
    3.122959418  -74.849765252
    3.131778042  -74.736417417
    3.140596667  -74.668191141
    3.149415291  -74.727725581
    3.158233915  -74.933758112
    3.167052540  -75.223134090
    3.175871164  -75.515038119
    3.184689788  -75.744155112
    3.193508413  -75.896892209
    3.202327037  -76.004117827
    3.211145661  -76.104525786
    3.219964286  -76.213684574
    3.228782910  -76.307951411
    3.237601534  -76.344254674
    3.246420159  -76.312097604
    3.255238783  -76.241024226
    3.264057407  -76.182268282
    3.272876032  -76.171705773
    3.281694656  -76.217535741
    3.290513280  -76.289404729
    3.299331905  -76.341594932
    3.308150529  -76.340600838
    3.316969153  -76.299873406
    3.325787778  -76.269906001
    3.334606402  -76.292476044
    3.343425026  -76.376432268
    3.352243651  -76.505629100
    3.361062275  -76.659228952
    3.369880899  -76.827175381
    3.378699524  -76.986197076
    3.387518148  -77.104368937
    3.396336772  -77.144632425
    3.405155397  -77.093361048
    3.413974021  -76.979097446
    3.422792646  -76.860042796
    3.431611270  -76.768341406
    3.440429894  -76.701794728
    3.449248519  -76.662964680
    3.458067143  -76.674230547
    3.466885767  -76.748129792
    3.475704392  -76.863656356
    3.484523016  -76.960142914
    3.493341640  -76.944834694
    3.502160265  -76.697740412
    3.510978889  -76.095299985
    3.519797513  -75.039699329
    3.528616138  -73.440409544
    3.537434762  -71.172323284
    3.546253386  -68.036938049
    3.555072011  -63.788485032
    3.563890635  -58.240935778
    3.572709259  -51.434340727
    3.581527884  -43.730091490
    3.590346508  -35.742001415
    3.599165132  -28.162844107
    3.607983757  -21.593037045
    3.616802381  -16.511847956
    3.625621005  -13.246524513
    3.634439630  -11.598359598
    3.643258254  -10.881964539
    3.652076878  -10.575839184
    3.660895503  -10.443943242
    3.669714127  -10.388438762
    3.678532751  -10.366790683
    3.687351376  -10.358917699
    3.696170000  -10.356444642
