#! FIELDS pp.proj projection
#! SET min_pp.proj 0.36273
#! SET max_pp.proj 3.69617
#! SET nbins_pp.proj  379
#! SET periodic_pp.proj false
    0.362730000  -10.356374845
    0.371548624  -10.358627935
    0.380367249  -10.365772818
    0.389185873  -10.385894828
    0.398004497  -10.437961759
    0.406823122  -10.565032848
    0.415641746  -10.869444853
    0.424460370  -11.605741650
    0.433278995  -13.331016024
    0.442097619  -16.687950900
    0.450916243  -21.616568422
    0.459734868  -27.439709015
    0.468553492  -33.401643419
    0.477372116  -38.853487599
    0.486190741  -43.402967222
    0.495009365  -46.992241631
    0.503827989  -49.839881640
    0.512646614  -52.286324285
    0.521465238  -54.619899570
    0.530283862  -56.945763398
    0.539102487  -59.178430232
    0.547921111  -61.152929789
    0.556739735  -62.744465246
    0.565558360  -63.914501795
    0.574376984  -64.706852457
    0.583195608  -65.238153254
    0.592014233  -65.665851848
    0.600832857  -66.096457466
    0.609651481  -66.502309492
    0.618470106  -66.788179707
    0.627288730  -66.904942139
    0.636107354  -66.849788981
    0.644925979  -66.614621499
    0.653744603  -66.183871040
    0.662563228  -65.580547296
    0.671381852  -64.888680750
    0.680200476  -64.228347613
    0.689019101  -63.712972435
    0.697837725  -63.421624884
    0.706656349  -63.387088568
    0.715474974  -63.637648437
    0.724293598  -64.188704011
    0.733112222  -65.016532140
    0.741930847  -66.036485607
    0.750749471  -67.131461600
    0.759568095  -68.175541918
    0.768386720  -69.079304134
    0.777205344  -69.822532782
    0.786023968  -70.455936152
    0.794842593  -71.040244974
    0.803661217  -71.596922153
    0.812479841  -72.121887395
    0.821298466  -72.613540878
    0.830117090  -73.144375278
    0.838935714  -74.058998608
    0.847754339  -76.023921416
    0.856572963  -79.034145835
    0.865391587  -82.264447554
    0.874210212  -85.176869721
    0.883028836  -87.606952615
    0.891847460  -89.572276257
    0.900666085  -91.161431396
    0.909484709  -92.453492766
    0.918303333  -93.493697821
    0.927121958  -94.303780694
    0.935940582  -94.916056450
    0.944759206  -95.377921953
    0.953577831  -95.705656450
    0.962396455  -95.830051608
    0.971215079  -95.623338599
    0.980033704  -94.987182008
    0.988852328  -93.967904811
    0.997670952  -92.764796640
    1.006489577  -91.648186122
    1.015308201  -90.811096329
    1.024126825  -90.300373132
    1.032945450  -90.033589345
    1.041764074  -89.885929571
    1.050582698  -89.747260023
    1.059401323  -89.557220702
    1.068219947  -89.286037947
    1.077038571  -88.904904122
    1.085857196  -88.364772618
    1.094675820  -87.623358468
    1.103494444  -86.709534186
    1.112313069  -85.765194811
    1.121131693  -84.996064785
    1.129950317  -84.550064173
    1.138768942  -84.446316177
    1.147587566  -84.572921907
    1.156406190  -84.786495202
    1.165224815  -85.022545053
    1.174043439  -85.313721210
    1.182862063  -85.711184232
    1.191680688  -86.249342468
    1.200499312  -86.917761339
    1.209317937  -87.659852196
    1.218136561  -88.391910011
    1.226955185  -89.044497163
    1.235773810  -89.596868786
    1.244592434  -90.080516556
    1.253411058  -90.543045115
    1.262229683  -90.991141008
    1.271048307  -91.390012957
    1.279866931  -91.734703634
    1.288685556  -92.072800469
    1.297504180  -92.449093276
    1.306322804  -92.865544586
    1.315141429  -93.288000594
    1.323960053  -93.663868528
    1.332778677  -93.934112652
    1.341597302  -94.024619518
    1.350415926  -93.890421135
    1.359234550  -93.565599204
    1.368053175  -93.145402891
    1.376871799  -92.721379593
    1.385690423  -92.342522509
    1.394509048  -92.016603600
    1.403327672  -91.721645126
    1.412146296  -91.413321821
    1.420964921  -91.042812933
    1.429783545  -90.595750985
    1.438602169  -90.102003982
    1.447420794  -89.612111738
    1.456239418  -89.135134593
    1.465058042  -88.630814410
    1.473876667  -88.041248083
    1.482695291  -87.330758034
    1.491513915  -86.517256601
    1.500332540  -85.640349879
    1.509151164  -84.732053408
    1.517969788  -83.834670230
    1.526788413  -83.023263932
    1.535607037  -82.352748801
    1.544425661  -81.816317974
    1.553244286  -81.359026645
    1.562062910  -80.950910999
    1.570881534  -80.607013791
    1.579700159  -80.351821713
    1.588518783  -80.162985674
    1.597337407  -79.966961528
    1.606156032  -79.695612201
    1.614974656  -79.341780527
    1.623793280  -78.938512104
    1.632611905  -78.526103932
    1.641430529  -78.147837806
    1.650249153  -77.837283283
    1.659067778  -77.575136045
    1.667886402  -77.320610355
    1.676705026  -77.067180075
    1.685523651  -76.861019719
    1.694342275  -76.759147943
    1.703160899  -76.780824697
    1.711979524  -76.891493467
    1.720798148  -77.026109420
    1.729616772  -77.137341194
    1.738435397  -77.210210683
    1.747254021  -77.252138126
    1.756072646  -77.274973508
    1.764891270  -77.267416759
    1.773709894  -77.184747285
    1.782528519  -76.991228755
    1.791347143  -76.713088321
    1.800165767  -76.451703476
    1.808984392  -76.335304800
    1.817803016  -76.435365922
    1.826621640  -76.720201325
    1.835440265  -77.104236140
    1.844258889  -77.534652805
    1.853077513  -77.977995497
    1.861896138  -78.391248521
    1.870714762  -78.715152260
    1.879533386  -78.901192943
    1.888352011  -78.948890930
    1.897170635  -78.903531542
    1.905989259  -78.827646186
    1.914807884  -78.765143753
    1.923626508  -78.734845230
    1.932445132  -78.759306295
    1.941263757  -78.892459894
    1.950082381  -79.200308041
    1.958901005  -79.687133658
    1.967719630  -80.243836296
    1.976538254  -80.721023340
    1.985356878  -81.014433495
    1.994175503  -81.127236442
    2.002994127  -81.137300331
    2.011812751  -81.118301564
    2.020631376  -81.086595496
    2.029450000  -81.004903322
    2.038268624  -80.815062215
    2.047087249  -80.470226446
    2.055905873  -79.948609661
    2.064724497  -79.262450965
    2.073543122  -78.491514860
    2.082361746  -77.761834248
    2.091180370  -77.185850323
    2.099998995  -76.765458607
    2.108817619  -76.400894733
    2.117636243  -75.986610940
    2.126454868  -75.508898407
    2.135273492  -75.057386487
    2.144092116  -74.731704022
    2.152910741  -74.547791309
    2.161729365  -74.428062044
    2.170547989  -74.265904643
    2.179366614  -74.013687200
    2.188185238  -73.715701976
    2.197003862  -73.472547002
    2.205822487  -73.359816768
    2.214641111  -73.367903870
    2.223459735  -73.405745044
    2.232278360  -73.357343317
    2.241096984  -73.179868913
    2.249915608  -72.942951941
    2.258734233  -72.768662758
    2.267552857  -72.728001455
    2.276371481  -72.778929695
    2.285190106  -72.798677860
    2.294008730  -72.665899091
    2.302827354  -72.368833418
    2.311645979  -72.022103327
    2.320464603  -71.768673829
    2.329283228  -71.661406175
    2.338101852  -71.654387319
    2.346920476  -71.666982546
    2.355739101  -71.630105184
    2.364557725  -71.533405242
    2.373376349  -71.427196158
    2.382194974  -71.359454636
    2.391013598  -71.318253636
    2.399832222  -71.243888464
    2.408650847  -71.089541464
    2.417469471  -70.864992034
    2.426288095  -70.622984380
    2.435106720  -70.406495276
    2.443925344  -70.231816728
    2.452743968  -70.089638368
    2.461562593  -69.979868662
    2.470381217  -69.914689663
    2.479199841  -69.908728853
    2.488018466  -69.967801202
    2.496837090  -70.088598228
    2.505655714  -70.252592444
    2.514474339  -70.427031129
    2.523292963  -70.564147502
    2.532111587  -70.617714185
    2.540930212  -70.576408038
    2.549748836  -70.461634172
    2.558567460  -70.311420066
    2.567386085  -70.160409966
    2.576204709  -70.029664095
    2.585023333  -69.929347752
    2.593841958  -69.866273134
    2.602660582  -69.850055995
    2.611479206  -69.889690706
    2.620297831  -69.971626102
    2.629116455  -70.048354924
    2.637935079  -70.067681401
    2.646753704  -70.000764310
    2.655572328  -69.846696058
    2.664390952  -69.625053902
    2.673209577  -69.372466851
    2.682028201  -69.112383550
    2.690846825  -68.878098504
    2.699665450  -68.722541035
    2.708484074  -68.688052991
    2.717302698  -68.761250320
    2.726121323  -68.871176878
    2.734939947  -68.936695071
    2.743758571  -68.913040200
    2.752577196  -68.794250501
    2.761395820  -68.623532999
    2.770214444  -68.484932065
    2.779033069  -68.445123042
    2.787851693  -68.498707995
    2.796670317  -68.600002299
    2.805488942  -68.725443808
    2.814307566  -68.862019763
    2.823126190  -68.968801848
    2.831944815  -69.012121543
    2.840763439  -68.987234728
    2.849582063  -68.911969937
    2.858400688  -68.817089701
    2.867219312  -68.748146137
    2.876037937  -68.751430254
    2.884856561  -68.835087815
    2.893675185  -68.951221905
    2.902493810  -69.014659662
    2.911312434  -68.966257056
    2.920131058  -68.830152373
    2.928949683  -68.698567592
    2.937768307  -68.669202590
    2.946586931  -68.779837472
    2.955405556  -68.983047395
    2.964224180  -69.162911775
    2.973042804  -69.215235507
    2.981861429  -69.118250898
    2.990680053  -68.941001983
    2.999498677  -68.784335692
    3.008317302  -68.729137910
    3.017135926  -68.791813401
    3.025954550  -68.934965339
    3.034773175  -69.112550148
    3.043591799  -69.291206733
    3.052410423  -69.413785887
    3.061229048  -69.404578065
    3.070047672  -69.221690576
    3.078866296  -68.915370171
    3.087684921  -68.616215379
    3.096503545  -68.437957196
    3.105322169  -68.381929754
    3.114140794  -68.373218256
    3.122959418  -68.350828527
    3.131778042  -68.311301977
    3.140596667  -68.296301070
    3.149415291  -68.354300580
    3.158233915  -68.486965941
    3.167052540  -68.642571159
    3.175871164  -68.774456414
    3.184689788  -68.854975158
    3.193508413  -68.900002531
    3.202327037  -68.952179154
    3.211145661  -69.030065336
    3.219964286  -69.100449284
    3.228782910  -69.094577893
    3.237601534  -68.966023629
    3.246420159  -68.748405866
    3.255238783  -68.523463592
    3.264057407  -68.365079547
    3.272876032  -68.294191701
    3.281694656  -68.277607998
    3.290513280  -68.245415488
    3.299331905  -68.143584566
    3.308150529  -67.965330274
    3.316969153  -67.764520128
    3.325787778  -67.624719182
    3.334606402  -67.600167951
    3.343425026  -67.690578257
    3.352243651  -67.854584091
    3.361062275  -68.034984346
    3.369880899  -68.178988434
    3.378699524  -68.238123071
    3.387518148  -68.195424811
    3.396336772  -68.060352428
    3.405155397  -67.856345045
    3.413974021  -67.620268731
    3.422792646  -67.403392586
    3.431611270  -67.235211950
    3.440429894  -67.121508763
    3.449248519  -67.077239335
    3.458067143  -67.136652420
    3.466885767  -67.307447713
    3.475704392  -67.547068761
    3.484523016  -67.781590194
    3.493341640  -67.921092247
    3.502160265  -67.828967479
    3.510978889  -67.326885512
    3.519797513  -66.255930798
    3.528616138  -64.501988863
    3.537434762  -61.952632793
    3.546253386  -58.433071306
    3.555072011  -53.737980308
    3.563890635  -47.772320700
    3.572709259  -40.729902692
    3.581527884  -33.154433128
    3.590346508  -25.820586799
    3.599165132  -19.521191416
    3.607983757  -14.924221912
    3.616802381  -12.318520636
    3.625621005  -11.159729386
    3.634439630  -10.685480620
    3.643258254  -10.488880518
    3.652076878  -10.406485265
    3.660895503  -10.373213898
    3.669714127  -10.360962112
    3.678532751  -10.357009132
    3.687351376  -10.355948436
    3.696170000  -10.355618878
