#! FIELDS pp.proj projection
#! SET min_pp.proj 0.36273
#! SET max_pp.proj 3.69617
#! SET nbins_pp.proj  379
#! SET periodic_pp.proj false
    0.362730000  -10.356374845
    0.371548624  -10.358627935
    0.380367249  -10.365772818
    0.389185873  -10.385894828
    0.398004497  -10.437961759
    0.406823122  -10.565032848
    0.415641746  -10.869444853
    0.424460370  -11.605741650
    0.433278995  -13.331016024
    0.442097619  -16.687950900
    0.450916243  -21.616568422
    0.459734868  -27.439709015
    0.468553492  -33.401643419
    0.477372116  -38.853487599
    0.486190741  -43.402967222
    0.495009365  -46.992241631
    0.503827989  -49.839881640
    0.512646614  -52.286324285
    0.521465238  -54.619899570
    0.530283862  -56.945763398
    0.539102487  -59.178430232
    0.547921111  -61.152929789
    0.556739735  -62.744465246
    0.565558360  -63.914501795
    0.574376984  -64.706852457
    0.583195608  -65.238153254
    0.592014233  -65.665851848
    0.600832857  -66.096457466
    0.609651481  -66.502309492
    0.618470106  -66.788179707
    0.627288730  -66.904942139
    0.636107354  -66.849788981
    0.644925979  -66.614621499
    0.653744603  -66.183871040
    0.662563228  -65.580547296
    0.671381852  -64.888680750
    0.680200476  -64.228347613
    0.689019101  -63.712972435
    0.697837725  -63.421624884
    0.706656349  -63.387088568
    0.715474974  -63.637648437
    0.724293598  -64.188704011
    0.733112222  -65.016532140
    0.741930847  -66.036485607
    0.750749471  -67.131461600
    0.759568095  -68.175541918
    0.768386720  -69.079304134
    0.777205344  -69.822532782
    0.786023968  -70.455936152
    0.794842593  -71.040244974
    0.803661217  -71.596922153
    0.812479841  -72.121887395
    0.821298466  -72.613540878
    0.830117090  -73.144375278
    0.838935714  -74.058998608
    0.847754339  -76.023921416
    0.856572963  -79.034145835
    0.865391587  -82.264447554
    0.874210212  -85.176869721
    0.883028836  -87.606952615
    0.891847460  -89.572276257
    0.900666085  -91.161431396
    0.909484709  -92.453492766
    0.918303333  -93.493697821
    0.927121958  -94.303780694
    0.935940582  -94.916056450
    0.944759206  -95.377921953
    0.953577831  -95.705656450
    0.962396455  -95.830051608
    0.971215079  -95.623338599
    0.980033704  -94.987182008
    0.988852328  -93.967904811
    0.997670952  -92.764796640
    1.006489577  -91.648186122
    1.015308201  -90.811096329
    1.024126825  -90.300373132
    1.032945450  -90.033589345
    1.041764074  -89.885929571
    1.050582698  -89.747260023
    1.059401323  -89.557220702
    1.068219947  -89.286037947
    1.077038571  -88.904904122
    1.085857196  -88.364772618
    1.094675820  -87.623358468
    1.103494444  -86.709534186
    1.112313069  -85.765194811
    1.121131693  -84.996064785
    1.129950317  -84.550064173
    1.138768942  -84.446316177
    1.147587566  -84.572921907
    1.156406190  -84.786495202
    1.165224815  -85.022545053
    1.174043439  -85.313721210
    1.182862063  -85.711184232
    1.191680688  -86.249342468
    1.200499312  -86.917761339
    1.209317937  -87.659852196
    1.218136561  -88.391910011
    1.226955185  -89.044497163
    1.235773810  -89.596868786
    1.244592434  -90.080517186
    1.253411058  -90.543051731
    1.262229683  -90.991172217
    1.271048307  -91.390136919
    1.279866931  -91.735106427
    1.288685556  -92.073922076
    1.297504180  -92.451780504
    1.306322804  -92.871084625
    1.315141429  -93.297806891
    1.323960053  -93.678848406
    1.332778677  -93.954502389
    1.341597302  -94.051066897
    1.350415926  -93.925247650
    1.359234550  -93.613190360
    1.368053175  -93.211488966
    1.376871799  -92.811748870
    1.385690423  -92.461595209
    1.394509048  -92.167279950
    1.403327672  -91.907395369
    1.412146296  -91.641898830
    1.420964921  -91.328780606
    1.429783545  -90.960036057
    1.438602169  -90.568431069
    1.447420794  -90.205685410
    1.456239418  -89.889698673
    1.465058042  -89.596781986
    1.473876667  -89.281301559
    1.482695291  -88.910864221
    1.491513915  -88.505204919
    1.500332540  -88.118653295
    1.509151164  -87.807249055
    1.517969788  -87.616962461
    1.526788413  -87.578679443
    1.535607037  -87.671510601
    1.544425661  -87.824753936
    1.553244286  -87.955658666
    1.562062910  -88.032318214
    1.570881534  -88.082069885
    1.579700159  -88.133386683
    1.588518783  -88.159494015
    1.597337407  -88.085912149
    1.606156032  -87.859541405
    1.614974656  -87.512445276
    1.623793280  -87.133454134
    1.632611905  -86.803281872
    1.641430529  -86.542763511
    1.650249153  -86.310358030
    1.659067778  -86.024863257
    1.667886402  -85.625579433
    1.676705026  -85.113496895
    1.685523651  -84.549397567
    1.694342275  -84.007563627
    1.703160899  -83.533327046
    1.711979524  -83.136872955
    1.720798148  -82.794334528
    1.729616772  -82.471332454
    1.738435397  -82.131523349
    1.747254021  -81.749782895
    1.756072646  -81.328932180
    1.764891270  -80.891964848
    1.773709894  -80.456190527
    1.782528519  -80.029850334
    1.791347143  -79.629907464
    1.800165767  -79.296502665
    1.808984392  -79.081749917
    1.817803016  -79.023021038
    1.826621640  -79.112084543
    1.835440265  -79.305588818
    1.844258889  -79.565022230
    1.853077513  -79.851422443
    1.861896138  -80.122429718
    1.870714762  -80.332764260
    1.879533386  -80.448778855
    1.888352011  -80.464587599
    1.897170635  -80.403561274
    1.905989259  -80.303814269
    1.914807884  -80.195306971
    1.923626508  -80.093303477
    1.932445132  -80.021404958
    1.941263757  -80.033395415
    1.950082381  -80.197935028
    1.958901005  -80.535402512
    1.967719630  -80.963007661
    1.976538254  -81.348855594
    1.985356878  -81.592442084
    1.994175503  -81.690319578
    2.002994127  -81.708576327
    2.011812751  -81.710988812
    2.020631376  -81.709321279
    2.029450000  -81.666599341
    2.038268624  -81.526355473
    2.047087249  -81.242984249
    2.055905873  -80.796965948
    2.064724497  -80.207816163
    2.073543122  -79.565089711
    2.082361746  -79.002576980
    2.091180370  -78.629445957
    2.099998995  -78.438525894
    2.108817619  -78.332682479
    2.117636243  -78.220925009
    2.126454868  -78.097927472
    2.135273492  -78.031386506
    2.144092116  -78.079404418
    2.152910741  -78.228730810
    2.161729365  -78.402061209
    2.170547989  -78.499486349
    2.179366614  -78.461747296
    2.188185238  -78.310809069
    2.197003862  -78.134460640
    2.205822487  -78.014120879
    2.214641111  -77.961018305
    2.223459735  -77.913751272
    2.232278360  -77.783573156
    2.241096984  -77.541339205
    2.249915608  -77.249713360
    2.258734233  -77.015286538
    2.267552857  -76.908092983
    2.276371481  -76.907542627
    2.285190106  -76.916615340
    2.294008730  -76.818412887
    2.302827354  -76.576736113
    2.311645979  -76.265722277
    2.320464603  -75.996141356
    2.329283228  -75.818127395
    2.338101852  -75.711063087
    2.346920476  -75.629058895
    2.355739101  -75.534619843
    2.364557725  -75.440365986
    2.373376349  -75.394073961
    2.382194974  -75.411395667
    2.391013598  -75.442345266
    2.399832222  -75.410887090
    2.408650847  -75.277981204
    2.417469471  -75.072169259
    2.426288095  -74.865831101
    2.435106720  -74.713994440
    2.443925344  -74.632689815
    2.452743968  -74.600627850
    2.461562593  -74.590839867
    2.470381217  -74.583287066
    2.479199841  -74.572065996
    2.488018466  -74.567208388
    2.496837090  -74.590556568
    2.505655714  -74.654716428
    2.514474339  -74.750080840
    2.523292963  -74.838158064
    2.532111587  -74.868066236
    2.540930212  -74.816750993
    2.549748836  -74.696113919
    2.558567460  -74.543173260
    2.567386085  -74.396539681
    2.576204709  -74.277228337
    2.585023333  -74.191931232
    2.593841958  -74.147710284
    2.602660582  -74.149882178
    2.611479206  -74.183096140
    2.620297831  -74.215464286
    2.629116455  -74.230068518
    2.637935079  -74.229514397
    2.646753704  -74.209326426
    2.655572328  -74.147266277
    2.664390952  -74.028047418
    2.673209577  -73.857955026
    2.682028201  -73.629793437
    2.690846825  -73.355193110
    2.699665450  -73.099371847
    2.708484074  -72.951563515
    2.717302698  -72.955237587
    2.726121323  -73.076968864
    2.734939947  -73.235989712
    2.743758571  -73.348283496
    2.752577196  -73.342259366
    2.761395820  -73.203403793
    2.770214444  -73.004725325
    2.779033069  -72.844659458
    2.787851693  -72.755525860
    2.796670317  -72.707107758
    2.805488942  -72.681985378
    2.814307566  -72.682330254
    2.823126190  -72.689096718
    2.831944815  -72.679977070
    2.840763439  -72.648856839
    2.849582063  -72.603882947
    2.858400688  -72.558375222
    2.867219312  -72.534489276
    2.876037937  -72.557815419
    2.884856561  -72.627365279
    2.893675185  -72.701981211
    2.902493810  -72.715030754
    2.911312434  -72.628029932
    2.920131058  -72.476278921
    2.928949683  -72.349005988
    2.937768307  -72.340496261
    2.946586931  -72.497086727
    2.955405556  -72.780736559
    2.964224180  -73.070290630
    2.973042804  -73.244715682
    2.981861429  -73.262699617
    2.990680053  -73.169606227
    2.999498677  -73.040624897
    3.008317302  -72.945865996
    3.017135926  -72.916667394
    3.025954550  -72.943735344
    3.034773175  -73.009250064
    3.043591799  -73.113029391
    3.052410423  -73.239522462
    3.061229048  -73.339765579
    3.070047672  -73.354987385
    3.078866296  -73.277234625
    3.087684921  -73.170036562
    3.096503545  -73.104650048
    3.105322169  -73.076730982
    3.114140794  -73.025547485
    3.122959418  -72.909729670
    3.131778042  -72.757119178
    3.140596667  -72.649437727
    3.149415291  -72.666213463
    3.158233915  -72.816947447
    3.167052540  -73.035939821
    3.175871164  -73.256486835
    3.184689788  -73.439802370
    3.193508413  -73.592276277
    3.202327037  -73.745391440
    3.211145661  -73.911650430
    3.219964286  -74.064376721
    3.228782910  -74.151321220
    3.237601534  -74.133880730
    3.246420159  -74.031244642
    3.255238783  -73.905375830
    3.264057407  -73.828112625
    3.272876032  -73.836586232
    3.281694656  -73.920880284
    3.290513280  -74.024937629
    3.299331905  -74.085833087
    3.308150529  -74.071058638
    3.316969153  -74.014177894
    3.325787778  -73.991598567
    3.334606402  -74.056674575
    3.343425026  -74.208039037
    3.352243651  -74.407523077
    3.361062275  -74.615936353
    3.369880899  -74.811781577
    3.378699524  -74.962450612
    3.387518148  -75.030789527
    3.396336772  -74.982703105
    3.405155397  -74.811665727
    3.413974021  -74.554220057
    3.422792646  -74.276194997
    3.431611270  -74.019406446
    3.440429894  -73.795809550
    3.449248519  -73.628893540
    3.458067143  -73.569592706
    3.466885767  -73.650356650
    3.475704392  -73.838446693
    3.484523016  -74.036277413
    3.493341640  -74.116937842
    3.502160265  -73.940268136
    3.510978889  -73.372576167
    3.519797513  -72.316788250
    3.528616138  -70.700539911
    3.537434762  -68.423389956
    3.546253386  -65.290276698
    3.555072011  -61.032327898
    3.563890635  -55.442099755
    3.572709259  -48.569839838
    3.581527884  -40.819881689
    3.590346508  -32.869362397
    3.599165132  -25.474739000
    3.607983757  -19.290751245
    3.616802381  -14.842276141
    3.625621005  -12.315181140
    3.634439630  -11.172646953
    3.643258254  -10.696158397
    3.652076878  -10.494493854
    3.660895503  -10.409164113
    3.669714127  -10.374454282
    3.678532751  -10.361639610
    3.687351376  -10.357259988
    3.696170000  -10.355952736
