#! FIELDS pp.proj projection
#! SET min_pp.proj 0.36273
#! SET max_pp.proj 3.69617
#! SET nbins_pp.proj  379
#! SET periodic_pp.proj false
    0.362730000  -10.355618878
    0.371548624  -10.355618878
    0.380367249  -10.355618878
    0.389185873  -10.355618878
    0.398004497  -10.355618878
    0.406823122  -10.355618878
    0.415641746  -10.355618878
    0.424460370  -10.355618878
    0.433278995  -10.355618878
    0.442097619  -10.355618878
    0.450916243  -10.355618878
    0.459734868  -10.355618878
    0.468553492  -10.355618878
    0.477372116  -10.355618878
    0.486190741  -10.355618878
    0.495009365  -10.355618878
    0.503827989  -10.355618878
    0.512646614  -10.355618878
    0.521465238  -10.355618878
    0.530283862  -10.355618878
    0.539102487  -10.355618878
    0.547921111  -10.355618878
    0.556739735  -10.355618878
    0.565558360  -10.355618878
    0.574376984  -10.355618878
    0.583195608  -10.355618878
    0.592014233  -10.355618878
    0.600832857  -10.355618878
    0.609651481  -10.355618878
    0.618470106  -10.355618878
    0.627288730  -10.355654167
    0.636107354  -10.355853212
    0.644925979  -10.356492008
    0.653744603  -10.358723547
    0.662563228  -10.364955277
    0.671381852  -10.380770905
    0.680200476  -10.417086073
    0.689019101  -10.493578912
    0.697837725  -10.643926980
    0.706656349  -10.924643785
    0.715474974  -11.425996148
    0.724293598  -12.266120810
    0.733112222  -13.526981949
    0.741930847  -15.156049611
    0.750749471  -16.981531306
    0.759568095  -18.847297528
    0.768386720  -20.688637110
    0.777205344  -22.489844566
    0.786023968  -24.200680400
    0.794842593  -25.702053334
    0.803661217  -26.879191472
    0.812479841  -27.794069428
    0.821298466  -28.847842659
    0.830117090  -30.587557122
    0.838935714  -33.096183235
    0.847754339  -35.991615629
    0.856572963  -38.906538274
    0.865391587  -41.665968574
    0.874210212  -44.268542508
    0.883028836  -46.809751076
    0.891847460  -49.382451842
    0.900666085  -51.996208999
    0.909484709  -54.575543062
    0.918303333  -57.013580650
    0.927121958  -59.233473665
    0.935940582  -61.214037535
    0.944759206  -62.960547518
    0.953577831  -64.453446266
    0.962396455  -65.605709655
    0.971215079  -66.294835650
    0.980033704  -66.471257515
    0.988852328  -66.254731492
    0.997670952  -65.922614599
    1.006489577  -65.780694409
    1.015308201  -65.989498536
    1.024126825  -66.497919773
    1.032945450  -67.095360063
    1.041764074  -67.536122625
    1.050582698  -67.632114363
    1.059401323  -67.308127165
    1.068219947  -66.599259191
    1.077038571  -65.620475365
    1.085857196  -64.515329915
    1.094675820  -63.426064248
    1.103494444  -62.504287436
    1.112313069  -61.870008618
    1.121131693  -61.517563888
    1.129950317  -61.340152327
    1.138768942  -61.247117685
    1.147587566  -61.188796949
    1.156406190  -61.148492091
    1.165224815  -61.156355710
    1.174043439  -61.289829665
    1.182862063  -61.602645758
    1.191680688  -62.057853812
    1.200499312  -62.553611695
    1.209317937  -63.016926719
    1.218136561  -63.446642494
    1.226955185  -63.838092315
    1.235773810  -64.108750045
    1.244592434  -64.157421449
    1.253411058  -63.949214851
    1.262229683  -63.543905225
    1.271048307  -63.060240137
    1.279866931  -62.618820032
    1.288685556  -62.282036446
    1.297504180  -62.044931704
    1.306322804  -61.872748512
    1.315141429  -61.735526724
    1.323960053  -61.586182981
    1.332778677  -61.373266046
    1.341597302  -61.059867796
    1.350415926  -60.648028075
    1.359234550  -60.178480327
    1.368053175  -59.702301544
    1.376871799  -59.241608365
    1.385690423  -58.780275462
    1.394509048  -58.285250596
    1.403327672  -57.721770699
    1.412146296  -57.063434267
    1.420964921  -56.307662037
    1.429783545  -55.502007021
    1.438602169  -54.723935130
    1.447420794  -54.040385928
    1.456239418  -53.472346152
    1.465058042  -52.995870787
    1.473876667  -52.550681414
    1.482695291  -52.072541364
    1.491513915  -51.538381152
    1.500332540  -50.963075699
    1.509151164  -50.368936547
    1.517969788  -49.765475888
    1.526788413  -49.148123611
    1.535607037  -48.505016532
    1.544425661  -47.834305327
    1.553244286  -47.164443114
    1.562062910  -46.547819183
    1.570881534  -45.999197471
    1.579700159  -45.431681268
    1.588518783  -44.710898689
    1.597337407  -43.789847571
    1.606156032  -42.779477943
    1.614974656  -41.874915736
    1.623793280  -41.216133894
    1.632611905  -40.843217824
    1.641430529  -40.729161553
    1.650249153  -40.801393222
    1.659067778  -40.957778344
    1.667886402  -41.121248331
    1.676705026  -41.306308690
    1.685523651  -41.630636419
    1.694342275  -42.206087255
    1.703160899  -43.011670871
    1.711979524  -43.883700803
    1.720798148  -44.639391510
    1.729616772  -45.202329028
    1.738435397  -45.644512587
    1.747254021  -46.109919550
    1.756072646  -46.682763128
    1.764891270  -47.316292739
    1.773709894  -47.871746317
    1.782528519  -48.245457754
    1.791347143  -48.435832599
    1.800165767  -48.523269107
    1.808984392  -48.565540238
    1.817803016  -48.529971921
    1.826621640  -48.327206635
    1.835440265  -47.900075118
    1.844258889  -47.318791376
    1.853077513  -46.736945551
    1.861896138  -46.284412769
    1.870714762  -46.004871528
    1.879533386  -45.868776249
    1.888352011  -45.820379716
    1.897170635  -45.809433765
    1.905989259  -45.809014439
    1.914807884  -45.806708340
    1.923626508  -45.803474334
    1.932445132  -45.826224580
    1.941263757  -45.914842266
    1.950082381  -46.081045046
    1.958901005  -46.288054785
    1.967719630  -46.443349598
    1.976538254  -46.436614877
    1.985356878  -46.204375337
    1.994175503  -45.795004895
    2.002994127  -45.367246371
    2.011812751  -45.131596759
    2.020631376  -45.226358464
    2.029450000  -45.626474115
    2.038268624  -46.168201252
    2.047087249  -46.662101628
    2.055905873  -47.001269372
    2.064724497  -47.190559293
    2.073543122  -47.317229964
    2.082361746  -47.488565312
    2.091180370  -47.774189014
    2.099998995  -48.133827849
    2.108817619  -48.417478163
    2.117636243  -48.468930560
    2.126454868  -48.248400384
    2.135273492  -47.878432765
    2.144092116  -47.552136519
    2.152910741  -47.409267958
    2.161729365  -47.440249517
    2.170547989  -47.488736415
    2.179366614  -47.373186617
    2.188185238  -47.015218865
    2.197003862  -46.485531043
    2.205822487  -45.941120374
    2.214641111  -45.510747934
    2.223459735  -45.224974522
    2.232278360  -45.034583783
    2.241096984  -44.899677605
    2.249915608  -44.842228713
    2.258734233  -44.904632635
    2.267552857  -45.078901068
    2.276371481  -45.298918239
    2.285190106  -45.483451276
    2.294008730  -45.563400337
    2.302827354  -45.524153667
    2.311645979  -45.419836855
    2.320464603  -45.338316053
    2.329283228  -45.338456540
    2.338101852  -45.393758755
    2.346920476  -45.401015495
    2.355739101  -45.235390411
    2.364557725  -44.843693518
    2.373376349  -44.293567882
    2.382194974  -43.731085114
    2.391013598  -43.296609920
    2.399832222  -43.068510873
    2.408650847  -43.057472099
    2.417469471  -43.224850756
    2.426288095  -43.487729273
    2.435106720  -43.729214273
    2.443925344  -43.843523870
    2.452743968  -43.765215789
    2.461562593  -43.513568562
    2.470381217  -43.167111977
    2.479199841  -42.828798790
    2.488018466  -42.595342435
    2.496837090  -42.538978689
    2.505655714  -42.679657596
    2.514474339  -42.984404697
    2.523292963  -43.358666040
    2.532111587  -43.662150646
    2.540930212  -43.777754848
    2.549748836  -43.673004778
    2.558567460  -43.411733096
    2.567386085  -43.102791281
    2.576204709  -42.832448785
    2.585023333  -42.627490991
    2.593841958  -42.471713426
    2.602660582  -42.354629159
    2.611479206  -42.289937209
    2.620297831  -42.278697793
    2.629116455  -42.282172117
    2.637935079  -42.241874572
    2.646753704  -42.100431387
    2.655572328  -41.812932066
    2.664390952  -41.358499971
    2.673209577  -40.771405021
    2.682028201  -40.125933542
    2.690846825  -39.545300415
    2.699665450  -39.169698996
    2.708484074  -39.087792407
    2.717302698  -39.284913005
    2.726121323  -39.650749347
    2.734939947  -40.042064025
    2.743758571  -40.354652535
    2.752577196  -40.547328777
    2.761395820  -40.626281949
    2.770214444  -40.609655230
    2.779033069  -40.519787795
    2.787851693  -40.382759877
    2.796670317  -40.229096512
    2.805488942  -40.089127122
    2.814307566  -39.972817993
    2.823126190  -39.870295282
    2.831944815  -39.793247488
    2.840763439  -39.775074787
    2.849582063  -39.846704097
    2.858400688  -40.014353286
    2.867219312  -40.262896437
    2.876037937  -40.561866857
    2.884856561  -40.859999241
    2.893675185  -41.100726263
    2.902493810  -41.244379080
    2.911312434  -41.294381017
    2.920131058  -41.294709416
    2.928949683  -41.284088803
    2.937768307  -41.265253879
    2.946586931  -41.212656808
    2.955405556  -41.101955203
    2.964224180  -40.936554250
    2.973042804  -40.768324263
    2.981861429  -40.666846872
    2.990680053  -40.663959014
    2.999498677  -40.722106587
    3.008317302  -40.779136419
    3.017135926  -40.805227307
    3.025954550  -40.801161593
    3.034773175  -40.767135665
    3.043591799  -40.702063002
    3.052410423  -40.615486932
    3.061229048  -40.528196592
    3.070047672  -40.474017070
    3.078866296  -40.507311397
    3.087684921  -40.663389328
    3.096503545  -40.907724047
    3.105322169  -41.146820646
    3.114140794  -41.297641149
    3.122959418  -41.311575967
    3.131778042  -41.204128689
    3.140596667  -41.088555143
    3.149415291  -41.114232027
    3.158233915  -41.321840723
    3.167052540  -41.575332039
    3.175871164  -41.649296230
    3.184689788  -41.366874634
    3.193508413  -40.737519190
    3.202327037  -39.958511941
    3.211145661  -39.282115899
    3.219964286  -38.881793510
    3.228782910  -38.784061555
    3.237601534  -38.906517233
    3.246420159  -39.147684808
    3.255238783  -39.423189913
    3.264057407  -39.680892498
    3.272876032  -39.877346391
    3.281694656  -39.958267041
    3.290513280  -39.861088206
    3.299331905  -39.567401556
    3.308150529  -39.140123524
    3.316969153  -38.721586363
    3.325787778  -38.458521297
    3.334606402  -38.412536538
    3.343425026  -38.546507787
    3.352243651  -38.782112864
    3.361062275  -39.067552438
    3.369880899  -39.378360339
    3.378699524  -39.672630801
    3.387518148  -39.891528609
    3.396336772  -39.986454274
    3.405155397  -39.940119140
    3.413974021  -39.765585522
    3.422792646  -39.490131491
    3.431611270  -39.144887758
    3.440429894  -38.785123992
    3.449248519  -38.503047547
    3.458067143  -38.417721565
    3.466885767  -38.612083876
    3.475704392  -39.075384359
    3.484523016  -39.666949452
    3.493341640  -40.155141803
    3.502160265  -40.275648633
    3.510978889  -39.780066707
    3.519797513  -38.467857494
    3.528616138  -36.234191411
    3.537434762  -33.111928590
    3.546253386  -29.274390639
    3.555072011  -25.022194581
    3.563890635  -20.748244353
    3.572709259  -16.906320090
    3.581527884  -13.950945720
    3.590346508  -12.108923500
    3.599165132  -11.161079974
    3.607983757  -10.715434786
    3.616802381  -10.511013996
    3.625621005  -10.418878727
    3.634439630  -10.379295766
    3.643258254  -10.363757847
    3.652076878  -10.357884209
    3.660895503  -10.356147280
    3.669714127  -10.355618878
    3.678532751  -10.355618878
    3.687351376  -10.355618878
    3.696170000  -10.355618878
