#! FIELDS pp.proj projection
#! SET min_pp.proj 0.36273
#! SET max_pp.proj 3.69617
#! SET nbins_pp.proj  379
#! SET periodic_pp.proj false
    0.362730000  -10.355618878
    0.371548624  -10.355618878
    0.380367249  -10.355618878
    0.389185873  -10.355618878
    0.398004497  -10.355618878
    0.406823122  -10.355618878
    0.415641746  -10.355618878
    0.424460370  -10.355618878
    0.433278995  -10.355618878
    0.442097619  -10.355618878
    0.450916243  -10.355618878
    0.459734868  -10.355618878
    0.468553492  -10.355618878
    0.477372116  -10.355618878
    0.486190741  -10.355618878
    0.495009365  -10.355618878
    0.503827989  -10.355618878
    0.512646614  -10.355618878
    0.521465238  -10.355618878
    0.530283862  -10.355618878
    0.539102487  -10.355618878
    0.547921111  -10.355618878
    0.556739735  -10.355618878
    0.565558360  -10.355618878
    0.574376984  -10.355618878
    0.583195608  -10.355618878
    0.592014233  -10.355618878
    0.600832857  -10.355618878
    0.609651481  -10.355618878
    0.618470106  -10.355618878
    0.627288730  -10.355654167
    0.636107354  -10.355853212
    0.644925979  -10.356492008
    0.653744603  -10.358723547
    0.662563228  -10.364955277
    0.671381852  -10.380770905
    0.680200476  -10.417086073
    0.689019101  -10.493578912
    0.697837725  -10.643926980
    0.706656349  -10.924643785
    0.715474974  -11.425996148
    0.724293598  -12.266120810
    0.733112222  -13.526981949
    0.741930847  -15.156049611
    0.750749471  -16.981531306
    0.759568095  -18.847297528
    0.768386720  -20.688637110
    0.777205344  -22.489844566
    0.786023968  -24.200680400
    0.794842593  -25.702053334
    0.803661217  -26.879191472
    0.812479841  -27.794069428
    0.821298466  -28.847842659
    0.830117090  -30.587557122
    0.838935714  -33.096183235
    0.847754339  -35.991615629
    0.856572963  -38.906538274
    0.865391587  -41.665968574
    0.874210212  -44.268542508
    0.883028836  -46.809751076
    0.891847460  -49.382451842
    0.900666085  -51.996208999
    0.909484709  -54.575543062
    0.918303333  -57.013580650
    0.927121958  -59.233473665
    0.935940582  -61.214037535
    0.944759206  -62.960547518
    0.953577831  -64.453446266
    0.962396455  -65.605709655
    0.971215079  -66.294835650
    0.980033704  -66.471257515
    0.988852328  -66.254731492
    0.997670952  -65.922614599
    1.006489577  -65.780694409
    1.015308201  -65.989498536
    1.024126825  -66.497919773
    1.032945450  -67.095360063
    1.041764074  -67.536122625
    1.050582698  -67.632114363
    1.059401323  -67.308127165
    1.068219947  -66.599259191
    1.077038571  -65.620475365
    1.085857196  -64.515329915
    1.094675820  -63.426064248
    1.103494444  -62.504287436
    1.112313069  -61.870008618
    1.121131693  -61.517563888
    1.129950317  -61.340152327
    1.138768942  -61.247117685
    1.147587566  -61.188796949
    1.156406190  -61.148492091
    1.165224815  -61.156355710
    1.174043439  -61.289829665
    1.182862063  -61.602645758
    1.191680688  -62.057853812
    1.200499312  -62.553611695
    1.209317937  -63.016926719
    1.218136561  -63.446642494
    1.226955185  -63.838092315
    1.235773810  -64.108771566
    1.244592434  -64.157511526
    1.253411058  -63.949540489
    1.262229683  -63.544951707
    1.271048307  -63.063154027
    1.279866931  -62.625967316
    1.288685556  -62.297693437
    1.297504180  -62.075896410
    1.306322804  -61.928457354
    1.315141429  -61.827248413
    1.323960053  -61.725509443
    1.332778677  -61.572312153
    1.341597302  -61.331734848
    1.350415926  -61.005776197
    1.359234550  -60.631160281
    1.368053175  -60.251199669
    1.376871799  -59.882113819
    1.385690423  -59.507677100
    1.394509048  -59.095592057
    1.403327672  -58.608961371
    1.412146296  -58.014348451
    1.420964921  -57.301350990
    1.429783545  -56.515382578
    1.438602169  -55.745102235
    1.447420794  -55.080740615
    1.456239418  -54.571003966
    1.465058042  -54.216759511
    1.473876667  -53.963264823
    1.482695291  -53.726306805
    1.491513915  -53.460807609
    1.500332540  -53.177062531
    1.509151164  -52.901878175
    1.517969788  -52.652923720
    1.526788413  -52.452389776
    1.535607037  -52.313765064
    1.544425661  -52.221626432
    1.553244286  -52.141080760
    1.562062910  -52.065586855
    1.570881534  -52.009964636
    1.579700159  -51.960897028
    1.588518783  -51.868024076
    1.597337407  -51.685063104
    1.606156032  -51.414003408
    1.614974656  -51.103961912
    1.623793280  -50.807570330
    1.632611905  -50.552844588
    1.641430529  -50.349143166
    1.650249153  -50.191644406
    1.659067778  -50.063355924
    1.667886402  -49.957571166
    1.676705026  -49.902597109
    1.685523651  -49.959095423
    1.694342275  -50.172508251
    1.703160899  -50.506491537
    1.711979524  -50.827061903
    1.720798148  -50.982320588
    1.729616772  -50.924486827
    1.738435397  -50.746901918
    1.747254021  -50.604770441
    1.756072646  -50.599942531
    1.764891270  -50.721419387
    1.773709894  -50.878875900
    1.782528519  -50.999208451
    1.791347143  -51.080786619
    1.800165767  -51.182171947
    1.808984392  -51.359793301
    1.817803016  -51.606433430
    1.826621640  -51.862668570
    1.835440265  -52.077431776
    1.844258889  -52.276706677
    1.853077513  -52.523046367
    1.861896138  -52.851448758
    1.870714762  -53.247888486
    1.879533386  -53.669114874
    1.888352011  -54.059270468
    1.897170635  -54.355355558
    1.905989259  -54.503036814
    1.914807884  -54.477442252
    1.923626508  -54.302651937
    1.932445132  -54.065692939
    1.941263757  -53.899020196
    1.950082381  -53.929971189
    1.958901005  -54.202768839
    1.967719630  -54.623495530
    1.976538254  -55.003347380
    1.985356878  -55.165594456
    1.994175503  -55.071945254
    2.002994127  -54.843607704
    2.011812751  -54.679634905
    2.020631376  -54.751334874
    2.029450000  -55.118839555
    2.038268624  -55.706852351
    2.047087249  -56.349879073
    2.055905873  -56.884183159
    2.064724497  -57.214522970
    2.073543122  -57.355926826
    2.082361746  -57.418648514
    2.091180370  -57.543597998
    2.099998995  -57.777110526
    2.108817619  -58.020084815
    2.117636243  -58.121321023
    2.126454868  -58.013974145
    2.135273492  -57.781112898
    2.144092116  -57.584665662
    2.152910741  -57.558321301
    2.161729365  -57.707983257
    2.170547989  -57.905089587
    2.179366614  -57.984092315
    2.188185238  -57.854630998
    2.197003862  -57.551212033
    2.205822487  -57.198328270
    2.214641111  -56.908262651
    2.223459735  -56.699622468
    2.232278360  -56.501199623
    2.241096984  -56.251188008
    2.249915608  -55.971005892
    2.258734233  -55.754024215
    2.267552857  -55.684733734
    2.276371481  -55.748060420
    2.285190106  -55.811807014
    2.294008730  -55.713600369
    2.302827354  -55.394671325
    2.311645979  -54.931740906
    2.320464603  -54.465611162
    2.329283228  -54.094312768
    2.338101852  -53.823282480
    2.346920476  -53.593396120
    2.355739101  -53.333681549
    2.364557725  -53.018947195
    2.373376349  -52.686793144
    2.382194974  -52.390715656
    2.391013598  -52.154230893
    2.399832222  -51.973756981
    2.408650847  -51.850504971
    2.417469471  -51.803647454
    2.426288095  -51.854077692
    2.435106720  -51.986187357
    2.443925344  -52.146574836
    2.452743968  -52.252419662
    2.461562593  -52.252528064
    2.470381217  -52.140734418
    2.479199841  -51.956390943
    2.488018466  -51.762978657
    2.496837090  -51.624080457
    2.505655714  -51.571989937
    2.514474339  -51.604360456
    2.523292963  -51.678601660
    2.532111587  -51.716555580
    2.540930212  -51.643642926
    2.549748836  -51.423459078
    2.558567460  -51.077994769
    2.567386085  -50.671092710
    2.576204709  -50.280432533
    2.585023333  -49.980150771
    2.593841958  -49.832269676
    2.602660582  -49.867251831
    2.611479206  -50.059889233
    2.620297831  -50.330484524
    2.629116455  -50.579611476
    2.637935079  -50.722625851
    2.646753704  -50.695569840
    2.655572328  -50.463604958
    2.664390952  -50.047422619
    2.673209577  -49.532294368
    2.682028201  -49.006050336
    2.690846825  -48.545376528
    2.699665450  -48.224069310
    2.708484074  -48.083248857
    2.717302698  -48.095526871
    2.726121323  -48.175811231
    2.734939947  -48.231600075
    2.743758571  -48.218131230
    2.752577196  -48.150482429
    2.761395820  -48.085502676
    2.770214444  -48.055175284
    2.779033069  -48.023763359
    2.787851693  -47.927446017
    2.796670317  -47.755045551
    2.805488942  -47.534888172
    2.814307566  -47.237828744
    2.823126190  -46.806033441
    2.831944815  -46.288228157
    2.840763439  -45.824520382
    2.849582063  -45.515537080
    2.858400688  -45.354955797
    2.867219312  -45.286832094
    2.876037937  -45.273933709
    2.884856561  -45.297097858
    2.893675185  -45.328550939
    2.902493810  -45.329690542
    2.911312434  -45.289813069
    2.920131058  -45.254810805
    2.928949683  -45.271806604
    2.937768307  -45.330455696
    2.946586931  -45.370449222
    2.955405556  -45.327172453
    2.964224180  -45.159704004
    2.973042804  -44.883128819
    2.981861429  -44.573894538
    2.990680053  -44.333467600
    2.999498677  -44.223545541
    3.008317302  -44.240039444
    3.017135926  -44.326232624
    3.025954550  -44.399507316
    3.034773175  -44.386822786
    3.043591799  -44.262467656
    3.052410423  -44.041816676
    3.061229048  -43.763562230
    3.070047672  -43.488208065
    3.078866296  -43.313101780
    3.087684921  -43.327121270
    3.096503545  -43.518979019
    3.105322169  -43.748216510
    3.114140794  -43.852806094
    3.122959418  -43.761429700
    3.131778042  -43.533933835
    3.140596667  -43.325945827
    3.149415291  -43.293094851
    3.158233915  -43.465729620
    3.167052540  -43.719077698
    3.175871164  -43.864794738
    3.184689788  -43.765844351
    3.193508413  -43.435963203
    3.202327037  -43.014925214
    3.211145661  -42.650511493
    3.219964286  -42.417657522
    3.228782910  -42.317871720
    3.237601534  -42.320224218
    3.246420159  -42.388643426
    3.255238783  -42.478801436
    3.264057407  -42.561608151
    3.272876032  -42.611179705
    3.281694656  -42.582992561
    3.290513280  -42.424233130
    3.299331905  -42.138884582
    3.308150529  -41.793522724
    3.316969153  -41.487100096
    3.325787778  -41.308998760
    3.334606402  -41.298079200
    3.343425026  -41.433793205
    3.352243651  -41.656850300
    3.361062275  -41.914709008
    3.369880899  -42.182102088
    3.378699524  -42.434259661
    3.387518148  -42.627122245
    3.396336772  -42.699975601
    3.405155397  -42.604380825
    3.413974021  -42.339822763
    3.422792646  -41.955631176
    3.431611270  -41.523134237
    3.440429894  -41.121647011
    3.449248519  -40.831692793
    3.458067143  -40.736281717
    3.466885767  -40.885596078
    3.475704392  -41.262165511
    3.484523016  -41.748346694
    3.493341640  -42.151313404
    3.502160265  -42.236638022
    3.510978889  -41.763387232
    3.519797513  -40.512842059
    3.528616138  -38.338469255
    3.537434762  -35.218619431
    3.546253386  -31.279435688
    3.555072011  -26.803419194
    3.563890635  -22.198367616
    3.572709259  -17.957871353
    3.581527884  -14.594216135
    3.590346508  -12.431088480
    3.599165132  -11.303322850
    3.607983757  -10.776117283
    3.616802381  -10.536482340
    3.625621005  -10.429064226
    3.634439630  -10.383079424
    3.643258254  -10.365000872
    3.652076878  -10.358261836
    3.660895503  -10.356215497
    3.669714127  -10.355618878
    3.678532751  -10.355618878
    3.687351376  -10.355618878
    3.696170000  -10.355618878
