#! FIELDS pp.proj projection
#! SET min_pp.proj 0.36273
#! SET max_pp.proj 3.69617
#! SET nbins_pp.proj  379
#! SET periodic_pp.proj false
    0.362730000  -10.356374845
    0.371548624  -10.358627935
    0.380367249  -10.365772818
    0.389185873  -10.385894828
    0.398004497  -10.437961759
    0.406823122  -10.565032848
    0.415641746  -10.869444853
    0.424460370  -11.605741650
    0.433278995  -13.331016024
    0.442097619  -16.687950900
    0.450916243  -21.616568422
    0.459734868  -27.439709015
    0.468553492  -33.401643419
    0.477372116  -38.853487599
    0.486190741  -43.402967222
    0.495009365  -46.992241631
    0.503827989  -49.839881640
    0.512646614  -52.286324285
    0.521465238  -54.619899570
    0.530283862  -56.945763398
    0.539102487  -59.178430232
    0.547921111  -61.152929789
    0.556739735  -62.744465246
    0.565558360  -63.914501795
    0.574376984  -64.706852457
    0.583195608  -65.238153254
    0.592014233  -65.665851848
    0.600832857  -66.096457466
    0.609651481  -66.502309492
    0.618470106  -66.788179707
    0.627288730  -66.904942139
    0.636107354  -66.849788981
    0.644925979  -66.614621499
    0.653744603  -66.183871040
    0.662563228  -65.580547296
    0.671381852  -64.888680750
    0.680200476  -64.228347613
    0.689019101  -63.712972435
    0.697837725  -63.421624884
    0.706656349  -63.387088568
    0.715474974  -63.637648437
    0.724293598  -64.188704011
    0.733112222  -65.016532140
    0.741930847  -66.036485607
    0.750749471  -67.131461600
    0.759568095  -68.175541918
    0.768386720  -69.079304134
    0.777205344  -69.822532782
    0.786023968  -70.455936152
    0.794842593  -71.040244974
    0.803661217  -71.596922153
    0.812479841  -72.121887395
    0.821298466  -72.613540878
    0.830117090  -73.144375278
    0.838935714  -74.058998608
    0.847754339  -76.023921416
    0.856572963  -79.034145835
    0.865391587  -82.264447554
    0.874210212  -85.176869721
    0.883028836  -87.606952615
    0.891847460  -89.572276257
    0.900666085  -91.161431396
    0.909484709  -92.453492766
    0.918303333  -93.493697821
    0.927121958  -94.303780694
    0.935940582  -94.916056450
    0.944759206  -95.377921953
    0.953577831  -95.705656450
    0.962396455  -95.830051608
    0.971215079  -95.623338599
    0.980033704  -94.987182008
    0.988852328  -93.967904811
    0.997670952  -92.764796640
    1.006489577  -91.648186122
    1.015308201  -90.811096329
    1.024126825  -90.300373132
    1.032945450  -90.033589345
    1.041764074  -89.885929571
    1.050582698  -89.747260023
    1.059401323  -89.557220702
    1.068219947  -89.286037947
    1.077038571  -88.904904122
    1.085857196  -88.364772618
    1.094675820  -87.623358468
    1.103494444  -86.709534186
    1.112313069  -85.765194811
    1.121131693  -84.996064785
    1.129950317  -84.550064173
    1.138768942  -84.446316177
    1.147587566  -84.572921907
    1.156406190  -84.786495202
    1.165224815  -85.022545053
    1.174043439  -85.313721210
    1.182862063  -85.711184232
    1.191680688  -86.249342468
    1.200499312  -86.917761339
    1.209317937  -87.659852196
    1.218136561  -88.391910011
    1.226955185  -89.044497163
    1.235773810  -89.596868786
    1.244592434  -90.080517186
    1.253411058  -90.543051731
    1.262229683  -90.991172217
    1.271048307  -91.390136919
    1.279866931  -91.735106427
    1.288685556  -92.073922076
    1.297504180  -92.451780504
    1.306322804  -92.871084625
    1.315141429  -93.297806891
    1.323960053  -93.678848406
    1.332778677  -93.954502389
    1.341597302  -94.051066897
    1.350415926  -93.925247650
    1.359234550  -93.613190360
    1.368053175  -93.211488966
    1.376871799  -92.811748870
    1.385690423  -92.461595209
    1.394509048  -92.167279950
    1.403327672  -91.907395369
    1.412146296  -91.641898830
    1.420964921  -91.328780606
    1.429783545  -90.960036057
    1.438602169  -90.568431069
    1.447420794  -90.205685410
    1.456239418  -89.889698673
    1.465058042  -89.596781986
    1.473876667  -89.281301559
    1.482695291  -88.910864221
    1.491513915  -88.505204919
    1.500332540  -88.118653295
    1.509151164  -87.807249055
    1.517969788  -87.616962461
    1.526788413  -87.578679443
    1.535607037  -87.671510601
    1.544425661  -87.824753936
    1.553244286  -87.955658666
    1.562062910  -88.032318214
    1.570881534  -88.082069885
    1.579700159  -88.133386683
    1.588518783  -88.159494015
    1.597337407  -88.085912149
    1.606156032  -87.859541405
    1.614974656  -87.512445276
    1.623793280  -87.133454134
    1.632611905  -86.803281872
    1.641430529  -86.542763511
    1.650249153  -86.310358030
    1.659067778  -86.024863257
    1.667886402  -85.625579433
    1.676705026  -85.113496895
    1.685523651  -84.549397567
    1.694342275  -84.007563627
    1.703160899  -83.533327046
    1.711979524  -83.136872955
    1.720798148  -82.794334528
    1.729616772  -82.471332454
    1.738435397  -82.131523349
    1.747254021  -81.749779948
    1.756072646  -81.328919421
    1.764891270  -80.891916839
    1.773709894  -80.456032922
    1.782528519  -80.029387421
    1.791347143  -79.628679840
    1.800165767  -79.293527687
    1.808984392  -79.075253846
    1.817803016  -79.010504770
    1.826621640  -79.090995385
    1.835440265  -79.274128497
    1.844258889  -79.522533667
    1.853077513  -79.797893736
    1.861896138  -80.057091613
    1.870714762  -80.252798812
    1.879533386  -80.348786503
    1.888352011  -80.335762550
    1.897170635  -80.232958993
    1.905989259  -80.076820152
    1.914807884  -79.902546592
    1.923626508  -79.737591014
    1.932445132  -79.620523362
    1.941263757  -79.617300626
    1.950082381  -79.800545091
    1.958901005  -80.181683670
    1.967719630  -80.659928630
    1.976538254  -81.089030870
    1.985356878  -81.361656035
    1.994175503  -81.473596335
    2.002994127  -81.492630646
    2.011812751  -81.483138763
    2.020631376  -81.455921273
    2.029450000  -81.372735446
    2.038268624  -81.178023048
    2.047087249  -80.829754658
    2.055905873  -80.311742153
    2.064724497  -79.641814693
    2.073543122  -78.903129540
    2.082361746  -78.223299861
    2.091180370  -77.714777252
    2.099998995  -77.380779133
    2.108817619  -77.128872966
    2.117636243  -76.867215404
    2.126454868  -76.594730038
    2.135273492  -76.399610073
    2.144092116  -76.366646406
    2.152910741  -76.495201841
    2.161729365  -76.692457026
    2.170547989  -76.827945154
    2.179366614  -76.819574801
    2.188185238  -76.686342677
    2.197003862  -76.528615083
    2.205822487  -76.445399116
    2.214641111  -76.453380388
    2.223459735  -76.476017366
    2.232278360  -76.399731646
    2.241096984  -76.179639745
    2.249915608  -75.884887269
    2.258734233  -75.643279306
    2.267552857  -75.539478959
    2.276371481  -75.546701492
    2.285190106  -75.540520841
    2.294008730  -75.378638469
    2.302827354  -75.026980409
    2.311645979  -74.598764829
    2.320464603  -74.262308203
    2.329283228  -74.096378416
    2.338101852  -74.060259999
    2.346920476  -74.064822417
    2.355739101  -74.040469831
    2.364557725  -73.986680278
    2.373376349  -73.953109068
    2.382194974  -73.968613091
    2.391013598  -73.998369191
    2.399832222  -73.970644585
    2.408650847  -73.838306183
    2.417469471  -73.615699774
    2.426288095  -73.361546140
    2.435106720  -73.124438922
    2.443925344  -72.927077323
    2.452743968  -72.765713609
    2.461562593  -72.638669434
    2.470381217  -72.552231048
    2.479199841  -72.518372361
    2.488018466  -72.546518712
    2.496837090  -72.640461461
    2.505655714  -72.787042426
    2.514474339  -72.953172699
    2.523292963  -73.085999993
    2.532111587  -73.134406542
    2.540930212  -73.085225931
    2.549748836  -72.961499474
    2.558567460  -72.804710790
    2.567386085  -72.652256253
    2.576204709  -72.522574284
    2.585023333  -72.420232551
    2.593841958  -72.349647171
    2.602660582  -72.318266500
    2.611479206  -72.324297716
    2.620297831  -72.343069608
    2.629116455  -72.339358376
    2.637935079  -72.290401643
    2.646753704  -72.186133947
    2.655572328  -72.020032493
    2.664390952  -71.798180540
    2.673209577  -71.547936571
    2.682028201  -71.281075242
    2.690846825  -71.015622928
    2.699665450  -70.798885728
    2.708484074  -70.683995166
    2.717302698  -70.681342760
    2.726121323  -70.745898273
    2.734939947  -70.811150449
    2.743758571  -70.827590729
    2.752577196  -70.767154383
    2.761395820  -70.642143434
    2.770214444  -70.513960032
    2.779033069  -70.448716753
    2.787851693  -70.465293061
    2.796670317  -70.543923863
    2.805488942  -70.668972009
    2.814307566  -70.819892823
    2.823126190  -70.950560181
    2.831944815  -71.026306443
    2.840763439  -71.036711501
    2.849582063  -70.986244266
    2.858400688  -70.894788838
    2.867219312  -70.808176751
    2.876037937  -70.781189417
    2.884856561  -70.826889812
    2.893675185  -70.893648144
    2.902493810  -70.891559655
    2.911312434  -70.767982040
    2.920131058  -70.566680445
    2.928949683  -70.397588329
    2.937768307  -70.361898546
    2.946586931  -70.494202620
    2.955405556  -70.745659745
    2.964224180  -70.997942512
    2.973042804  -71.142367132
    2.981861429  -71.152272663
    2.990680053  -71.088490257
    2.999498677  -71.038198314
    3.008317302  -71.069203263
    3.017135926  -71.189067114
    3.025954550  -71.356768035
    3.034773175  -71.531905995
    3.043591799  -71.697066743
    3.052410423  -71.815083931
    3.061229048  -71.822218254
    3.070047672  -71.675165795
    3.078866296  -71.414610806
    3.087684921  -71.160493686
    3.096503545  -71.015038371
    3.105322169  -70.968711041
    3.114140794  -70.939416921
    3.122959418  -70.867119104
    3.131778042  -70.762416056
    3.140596667  -70.690277323
    3.149415291  -70.720373260
    3.158233915  -70.866066989
    3.167052540  -71.076379451
    3.175871164  -71.298003158
    3.184689788  -71.493257142
    3.193508413  -71.659186337
    3.202327037  -71.814355539
    3.211145661  -71.961325455
    3.219964286  -72.073624386
    3.228782910  -72.111913218
    3.237601534  -72.052843434
    3.246420159  -71.920378762
    3.255238783  -71.770014136
    3.264057407  -71.664129849
    3.272876032  -71.630413166
    3.281694656  -71.648750278
    3.290513280  -71.656212588
    3.299331905  -71.586142599
    3.308150529  -71.403543603
    3.316969153  -71.145192333
    3.325787778  -70.904221740
    3.334606402  -70.758172566
    3.343425026  -70.722942625
    3.352243651  -70.763904767
    3.361062275  -70.834272062
    3.369880899  -70.900685245
    3.378699524  -70.931512916
    3.387518148  -70.911136892
    3.396336772  -70.835213365
    3.405155397  -70.713996739
    3.413974021  -70.575281633
    3.422792646  -70.451757553
    3.431611270  -70.343048851
    3.440429894  -70.233088949
    3.449248519  -70.139381911
    3.458067143  -70.118902392
    3.466885767  -70.202412707
    3.475704392  -70.353747349
    3.484523016  -70.495216665
    3.493341640  -70.539007321
    3.502160265  -70.361992199
    3.510978889  -69.801256693
    3.519797513  -68.701733302
    3.528616138  -66.943678936
    3.537434762  -64.411947095
    3.546253386  -60.936524278
    3.555072011  -56.309893892
    3.563890635  -50.400121571
    3.572709259  -43.327389062
    3.581527884  -35.568295782
    3.590346508  -27.882532277
    3.599165132  -21.099685430
    3.607983757  -15.934240356
    3.616802381  -12.812299299
    3.625621005  -11.360890174
    3.634439630  -10.764817198
    3.643258254  -10.520058365
    3.652076878  -10.418271392
    3.660895503  -10.377351101
    3.669714127  -10.362196030
    3.678532751  -10.357342051
    3.687351376  -10.355990367
    3.696170000  -10.355618878
