#! FIELDS pp.proj projection
#! SET min_pp.proj 0.36273
#! SET max_pp.proj 3.69617
#! SET nbins_pp.proj  379
#! SET periodic_pp.proj false
    0.362730000  -10.355618878
    0.371548624  -10.355618878
    0.380367249  -10.355618878
    0.389185873  -10.355618878
    0.398004497  -10.355618878
    0.406823122  -10.355618878
    0.415641746  -10.355618878
    0.424460370  -10.355618878
    0.433278995  -10.355618878
    0.442097619  -10.355618878
    0.450916243  -10.355618878
    0.459734868  -10.355618878
    0.468553492  -10.355618878
    0.477372116  -10.355618878
    0.486190741  -10.355618878
    0.495009365  -10.355618878
    0.503827989  -10.355618878
    0.512646614  -10.355618878
    0.521465238  -10.355618878
    0.530283862  -10.355618878
    0.539102487  -10.355618878
    0.547921111  -10.355618878
    0.556739735  -10.355618878
    0.565558360  -10.355618878
    0.574376984  -10.355618878
    0.583195608  -10.355618878
    0.592014233  -10.355618878
    0.600832857  -10.355618878
    0.609651481  -10.355618878
    0.618470106  -10.355618878
    0.627288730  -10.355654167
    0.636107354  -10.355853212
    0.644925979  -10.356492008
    0.653744603  -10.358723547
    0.662563228  -10.364955277
    0.671381852  -10.380770905
    0.680200476  -10.417086073
    0.689019101  -10.493578912
    0.697837725  -10.643926980
    0.706656349  -10.924643785
    0.715474974  -11.425996148
    0.724293598  -12.266120810
    0.733112222  -13.526981949
    0.741930847  -15.156049611
    0.750749471  -16.981531306
    0.759568095  -18.847297528
    0.768386720  -20.688637110
    0.777205344  -22.489844566
    0.786023968  -24.200680400
    0.794842593  -25.702053334
    0.803661217  -26.879191472
    0.812479841  -27.794069428
    0.821298466  -28.847842659
    0.830117090  -30.587557122
    0.838935714  -33.096183235
    0.847754339  -35.991615629
    0.856572963  -38.906538274
    0.865391587  -41.665968574
    0.874210212  -44.268542508
    0.883028836  -46.809751076
    0.891847460  -49.382451842
    0.900666085  -51.996208999
    0.909484709  -54.575543062
    0.918303333  -57.013580650
    0.927121958  -59.233473665
    0.935940582  -61.214037535
    0.944759206  -62.960547518
    0.953577831  -64.453446266
    0.962396455  -65.605709655
    0.971215079  -66.294835650
    0.980033704  -66.471257515
    0.988852328  -66.254731492
    0.997670952  -65.922614599
    1.006489577  -65.780694409
    1.015308201  -65.989498536
    1.024126825  -66.497919773
    1.032945450  -67.095360063
    1.041764074  -67.536122625
    1.050582698  -67.632114363
    1.059401323  -67.308127165
    1.068219947  -66.599259191
    1.077038571  -65.620475365
    1.085857196  -64.515329915
    1.094675820  -63.426064248
    1.103494444  -62.504287436
    1.112313069  -61.870008618
    1.121131693  -61.517563888
    1.129950317  -61.340152327
    1.138768942  -61.247117685
    1.147587566  -61.188796949
    1.156406190  -61.148492091
    1.165224815  -61.156355710
    1.174043439  -61.289829665
    1.182862063  -61.602645758
    1.191680688  -62.057853812
    1.200499312  -62.553611695
    1.209317937  -63.016926719
    1.218136561  -63.446642494
    1.226955185  -63.838092315
    1.235773810  -64.108750045
    1.244592434  -64.157421449
    1.253411058  -63.949214851
    1.262229683  -63.543905225
    1.271048307  -63.060240137
    1.279866931  -62.618820032
    1.288685556  -62.282036446
    1.297504180  -62.044931704
    1.306322804  -61.872748512
    1.315141429  -61.735526724
    1.323960053  -61.586182981
    1.332778677  -61.373266046
    1.341597302  -61.059867796
    1.350415926  -60.648028075
    1.359234550  -60.178480327
    1.368053175  -59.702301544
    1.376871799  -59.241608365
    1.385690423  -58.780275462
    1.394509048  -58.285250596
    1.403327672  -57.721770699
    1.412146296  -57.063434267
    1.420964921  -56.307662037
    1.429783545  -55.502007021
    1.438602169  -54.723935130
    1.447420794  -54.040385928
    1.456239418  -53.472346152
    1.465058042  -52.995870787
    1.473876667  -52.550681414
    1.482695291  -52.072541364
    1.491513915  -51.538381152
    1.500332540  -50.963075699
    1.509151164  -50.368936547
    1.517969788  -49.765475888
    1.526788413  -49.148123611
    1.535607037  -48.505016028
    1.544425661  -47.834303185
    1.553244286  -47.164436304
    1.562062910  -46.547767799
    1.570881534  -45.999021814
    1.579700159  -45.431105700
    1.588518783  -44.709089121
    1.597337407  -43.784691108
    1.606156032  -42.766298682
    1.614974656  -41.845466600
    1.623793280  -41.159387409
    1.632611905  -40.747932890
    1.641430529  -40.583501956
    1.650249153  -40.584480381
    1.659067778  -40.622743031
    1.667886402  -40.571677130
    1.676705026  -40.372674742
    1.685523651  -40.070152352
    1.694342275  -39.770290389
    1.703160899  -39.563733393
    1.711979524  -39.484966545
    1.720798148  -39.517753745
    1.729616772  -39.628229873
    1.738435397  -39.777639251
    1.747254021  -39.947540990
    1.756072646  -40.167598693
    1.764891270  -40.469912344
    1.773709894  -40.799144495
    1.782528519  -41.027404729
    1.791347143  -41.079860090
    1.800165767  -41.030841030
    1.808984392  -41.064624215
    1.817803016  -41.305115879
    1.826621640  -41.676151877
    1.835440265  -41.991375502
    1.844258889  -42.137173845
    1.853077513  -42.121619251
    1.861896138  -42.036320132
    1.870714762  -41.997373908
    1.879533386  -42.091324354
    1.888352011  -42.339999710
    1.897170635  -42.697906798
    1.905989259  -43.078288542
    1.914807884  -43.395673831
    1.923626508  -43.622744198
    1.932445132  -43.821327965
    1.941263757  -44.079937501
    1.950082381  -44.406245706
    1.958901005  -44.720041905
    1.967719630  -44.903816942
    1.976538254  -44.870770972
    1.985356878  -44.610605119
    1.994175503  -44.203932696
    2.002994127  -43.796911633
    2.011812751  -43.560620004
    2.020631376  -43.594449100
    2.029450000  -43.846081302
    2.038268624  -44.139181278
    2.047087249  -44.284957881
    2.055905873  -44.195395819
    2.064724497  -43.920259369
    2.073543122  -43.613345346
    2.082361746  -43.439439443
    2.091180370  -43.482201466
    2.099998995  -43.671193444
    2.108817619  -43.816406553
    2.117636243  -43.736919530
    2.126454868  -43.391490200
    2.135273492  -42.918313179
    2.144092116  -42.529868590
    2.152910741  -42.373552141
    2.161729365  -42.446656260
    2.170547989  -42.608962505
    2.179366614  -42.689944361
    2.188185238  -42.602916266
    2.197003862  -42.391298746
    2.205822487  -42.171361122
    2.214641111  -42.019656663
    2.223459735  -41.910402770
    2.232278360  -41.745664025
    2.241096984  -41.461688830
    2.249915608  -41.099515666
    2.258734233  -40.764604891
    2.267552857  -40.533842997
    2.276371481  -40.407732986
    2.285190106  -40.334637758
    2.294008730  -40.244517279
    2.302827354  -40.098088260
    2.311645979  -39.902933171
    2.320464603  -39.698770121
    2.329283228  -39.526897075
    2.338101852  -39.395672987
    2.346920476  -39.279379158
    2.355739101  -39.128776607
    2.364557725  -38.911928291
    2.373376349  -38.643124509
    2.382194974  -38.372900006
    2.391013598  -38.159103118
    2.399832222  -38.040728008
    2.408650847  -38.032553490
    2.417469471  -38.112832530
    2.426288095  -38.226470684
    2.435106720  -38.313255973
    2.443925344  -38.341401009
    2.452743968  -38.293604559
    2.461562593  -38.192069337
    2.470381217  -38.089371077
    2.479199841  -38.039689462
    2.488018466  -38.069490882
    2.496837090  -38.187907706
    2.505655714  -38.397613870
    2.514474339  -38.692800930
    2.523292963  -39.010045646
    2.532111587  -39.223913917
    2.540930212  -39.224724999
    2.549748836  -38.994124485
    2.558567460  -38.615706195
    2.567386085  -38.216974795
    2.576204709  -37.906990281
    2.585023333  -37.743670768
    2.593841958  -37.731002514
    2.602660582  -37.847098799
    2.611479206  -38.063855501
    2.620297831  -38.328815538
    2.629116455  -38.550624927
    2.637935079  -38.638057346
    2.646753704  -38.555405622
    2.655572328  -38.324938917
    2.664390952  -37.975661134
    2.673209577  -37.530785528
    2.682028201  -37.016702949
    2.690846825  -36.516610123
    2.699665450  -36.165957299
    2.708484074  -36.077037377
    2.717302698  -36.265285846
    2.726121323  -36.640155716
    2.734939947  -37.053702965
    2.743758571  -37.379726973
    2.752577196  -37.554629744
    2.761395820  -37.576018531
    2.770214444  -37.470827817
    2.779033069  -37.285659093
    2.787851693  -37.086004580
    2.796670317  -36.941409820
    2.805488942  -36.889040262
    2.814307566  -36.897720285
    2.823126190  -36.899214808
    2.831944815  -36.875481276
    2.840763439  -36.860348524
    2.849582063  -36.885506662
    2.858400688  -36.950537019
    2.867219312  -37.039157867
    2.876037937  -37.137594507
    2.884856561  -37.229207783
    2.893675185  -37.299329629
    2.902493810  -37.336102740
    2.911312434  -37.343738228
    2.920131058  -37.341321170
    2.928949683  -37.331635994
    2.937768307  -37.274612747
    2.946586931  -37.098437442
    2.955405556  -36.743276791
    2.964224180  -36.211389217
    2.973042804  -35.605785835
    2.981861429  -35.090181284
    2.990680053  -34.788093144
    2.999498677  -34.699019879
    3.008317302  -34.727661792
    3.017135926  -34.779225250
    3.025954550  -34.785808126
    3.034773175  -34.676893049
    3.043591799  -34.422333837
    3.052410423  -34.097230679
    3.061229048  -33.841268611
    3.070047672  -33.745807458
    3.078866296  -33.817550741
    3.087684921  -34.007461664
    3.096503545  -34.241448116
    3.105322169  -34.432572981
    3.114140794  -34.518385289
    3.122959418  -34.475665000
    3.131778042  -34.338711077
    3.140596667  -34.201122347
    3.149415291  -34.169070389
    3.158233915  -34.274246594
    3.167052540  -34.450498800
    3.175871164  -34.586102122
    3.184689788  -34.573568072
    3.193508413  -34.376545653
    3.202327037  -34.067115114
    3.211145661  -33.771878794
    3.219964286  -33.581886864
    3.228782910  -33.486209768
    3.237601534  -33.427442648
    3.246420159  -33.388333734
    3.255238783  -33.367776205
    3.264057407  -33.346175109
    3.272876032  -33.308255391
    3.281694656  -33.271027443
    3.290513280  -33.245819234
    3.299331905  -33.212213963
    3.308150529  -33.135644521
    3.316969153  -33.018693653
    3.325787778  -32.905496522
    3.334606402  -32.846877102
    3.343425026  -32.870415676
    3.352243651  -32.949640844
    3.361062275  -33.019100193
    3.369880899  -33.032427934
    3.378699524  -32.985250305
    3.387518148  -32.898215976
    3.396336772  -32.782508284
    3.405155397  -32.620453713
    3.413974021  -32.378902582
    3.422792646  -32.022000777
    3.431611270  -31.544672457
    3.440429894  -31.012548654
    3.449248519  -30.564273292
    3.458067143  -30.357454646
    3.466885767  -30.461070001
    3.475704392  -30.789526128
    3.484523016  -31.101061356
    3.493341640  -31.101571450
    3.502160265  -30.545879401
    3.510978889  -29.296017931
    3.519797513  -27.326831962
    3.528616138  -24.727689663
    3.537434762  -21.694810781
    3.546253386  -18.518334702
    3.555072011  -15.581992820
    3.563890635  -13.291555925
    3.572709259  -11.840557448
    3.581527884  -11.065050203
    3.590346508  -10.683029234
    3.599165132  -10.500765975
    3.607983757  -10.416035410
    3.616802381  -10.378705508
    3.625621005  -10.363478379
    3.634439630  -10.357951057
    3.643258254  -10.356272291
    3.652076878  -10.355618878
    3.660895503  -10.355618878
    3.669714127  -10.355618878
    3.678532751  -10.355618878
    3.687351376  -10.355618878
    3.696170000  -10.355618878
