#! FIELDS pp.proj projection
#! SET min_pp.proj 0.36273
#! SET max_pp.proj 3.69617
#! SET nbins_pp.proj  379
#! SET periodic_pp.proj false
    0.362730000  -10.355618878
    0.371548624  -10.355618878
    0.380367249  -10.355618878
    0.389185873  -10.355618878
    0.398004497  -10.355618878
    0.406823122  -10.355618878
    0.415641746  -10.355618878
    0.424460370  -10.355618878
    0.433278995  -10.355618878
    0.442097619  -10.355618878
    0.450916243  -10.355618878
    0.459734868  -10.355618878
    0.468553492  -10.355618878
    0.477372116  -10.355618878
    0.486190741  -10.355618878
    0.495009365  -10.355618878
    0.503827989  -10.355618878
    0.512646614  -10.355618878
    0.521465238  -10.355618878
    0.530283862  -10.355618878
    0.539102487  -10.355618878
    0.547921111  -10.355618878
    0.556739735  -10.355618878
    0.565558360  -10.355618878
    0.574376984  -10.355618878
    0.583195608  -10.355618878
    0.592014233  -10.355618878
    0.600832857  -10.355618878
    0.609651481  -10.355618878
    0.618470106  -10.355618878
    0.627288730  -10.355654167
    0.636107354  -10.355853212
    0.644925979  -10.356492008
    0.653744603  -10.358723547
    0.662563228  -10.364955277
    0.671381852  -10.380770905
    0.680200476  -10.417086073
    0.689019101  -10.493578912
    0.697837725  -10.643926980
    0.706656349  -10.924643785
    0.715474974  -11.425996148
    0.724293598  -12.266120810
    0.733112222  -13.526981949
    0.741930847  -15.156049611
    0.750749471  -16.981531306
    0.759568095  -18.847297528
    0.768386720  -20.688637110
    0.777205344  -22.489844566
    0.786023968  -24.200680400
    0.794842593  -25.702053334
    0.803661217  -26.879191472
    0.812479841  -27.794069428
    0.821298466  -28.847871417
    0.830117090  -30.587633718
    0.838935714  -33.096352065
    0.847754339  -35.991940991
    0.856572963  -38.907132645
    0.865391587  -41.666964472
    0.874210212  -44.269998762
    0.883028836  -46.811455930
    0.891847460  -49.383997076
    0.900666085  -51.997387970
    0.909484709  -54.576430580
    0.918303333  -57.014430153
    0.927121958  -59.234793834
    0.935940582  -61.216957511
    0.944759206  -62.967532131
    0.953577831  -64.469838722
    0.962396455  -65.642203640
    0.971215079  -66.370995755
    0.980033704  -66.620418294
    0.988852328  -66.530991889
    0.997670952  -66.410588743
    1.006489577  -66.597501884
    1.015308201  -67.256061665
    1.024126825  -68.312569904
    1.032945450  -69.569066762
    1.041764074  -70.847857913
    1.050582698  -72.058857934
    1.059401323  -73.201166330
    1.068219947  -74.314419012
    1.077038571  -75.405040545
    1.085857196  -76.425050212
    1.094675820  -77.326574899
    1.103494444  -78.126202127
    1.112313069  -78.894440666
    1.121131693  -79.692643289
    1.129950317  -80.541528747
    1.138768942  -81.383869885
    1.147587566  -82.094361722
    1.156406190  -82.596453648
    1.165224815  -82.939301756
    1.174043439  -83.257770482
    1.182862063  -83.657790887
    1.191680688  -84.173679910
    1.200499312  -84.765062268
    1.209317937  -85.371742304
    1.218136561  -85.945888488
    1.226955185  -86.481197484
    1.235773810  -87.020860495
    1.244592434  -87.606575910
    1.253411058  -88.219551236
    1.262229683  -88.747472452
    1.271048307  -89.064242621
    1.279866931  -89.134513726
    1.288685556  -89.044364860
    1.297504180  -88.917034284
    1.306322804  -88.781491389
    1.315141429  -88.534285816
    1.323960053  -88.023483035
    1.332778677  -87.199497024
    1.341597302  -86.165017082
    1.350415926  -85.096898523
    1.359234550  -84.083181237
    1.368053175  -83.058417818
    1.376871799  -81.878579454
    1.385690423  -80.471737328
    1.394509048  -78.894129196
    1.403327672  -77.304501830
    1.412146296  -75.928536357
    1.420964921  -74.985359123
    1.429783545  -74.562601530
    1.438602169  -74.567465929
    1.447420794  -74.843141271
    1.456239418  -75.285247286
    1.465058042  -75.811579966
    1.473876667  -76.321848093
    1.482695291  -76.752598804
    1.491513915  -77.099855152
    1.500332540  -77.368156041
    1.509151164  -77.534383767
    1.517969788  -77.592221768
    1.526788413  -77.577930652
    1.535607037  -77.543331682
    1.544425661  -77.507320524
    1.553244286  -77.456510182
    1.562062910  -77.379650368
    1.570881534  -77.292631655
    1.579700159  -77.228348589
    1.588518783  -77.176426769
    1.597337407  -77.094410009
    1.606156032  -76.946226380
    1.614974656  -76.707110638
    1.623793280  -76.333807206
    1.632611905  -75.790540977
    1.641430529  -75.108558160
    1.650249153  -74.389959549
    1.659067778  -73.709233549
    1.667886402  -73.071006377
    1.676705026  -72.453738975
    1.685523651  -71.867982067
    1.694342275  -71.339732206
    1.703160899  -70.869805630
    1.711979524  -70.417012769
    1.720798148  -69.923378513
    1.729616772  -69.379843705
    1.738435397  -68.843176086
    1.747254021  -68.393979534
    1.756072646  -68.084673822
    1.764891270  -67.886612763
    1.773709894  -67.685563539
    1.782528519  -67.376507306
    1.791347143  -66.961366548
    1.800165767  -66.529203301
    1.808984392  -66.171364604
    1.817803016  -65.921226999
    1.826621640  -65.769235845
    1.835440265  -65.713073074
    1.844258889  -65.773539407
    1.853077513  -65.938472055
    1.861896138  -66.144960774
    1.870714762  -66.325241710
    1.879533386  -66.474930874
    1.888352011  -66.650818611
    1.897170635  -66.919218492
    1.905989259  -67.300839253
    1.914807884  -67.797969976
    1.923626508  -68.463455680
    1.932445132  -69.434392867
    1.941263757  -70.816938218
    1.950082381  -72.549244184
    1.958901005  -74.412244107
    1.967719630  -76.135540988
    1.976538254  -77.507844059
    1.985356878  -78.427394295
    1.994175503  -78.930081092
    2.002994127  -79.142506864
    2.011812751  -79.188077385
    2.020631376  -79.128460908
    2.029450000  -78.961880512
    2.038268624  -78.659151210
    2.047087249  -78.194421452
    2.055905873  -77.553771885
    2.064724497  -76.736299275
    2.073543122  -75.793621262
    2.082361746  -74.825008171
    2.091180370  -73.940603660
    2.099998995  -73.171168479
    2.108817619  -72.446066613
    2.117636243  -71.673451333
    2.126454868  -70.856348298
    2.135273492  -70.126922631
    2.144092116  -69.629700485
    2.152910741  -69.388975486
    2.161729365  -69.294727186
    2.170547989  -69.206053635
    2.179366614  -69.049094889
    2.188185238  -68.842634437
    2.197003862  -68.669953769
    2.205822487  -68.609780928
    2.214641111  -68.667467146
    2.223459735  -68.766447097
    2.232278360  -68.798114312
    2.241096984  -68.709916143
    2.249915608  -68.541493796
    2.258734233  -68.385380165
    2.267552857  -68.317217449
    2.276371481  -68.343067626
    2.285190106  -68.402466734
    2.294008730  -68.402285854
    2.302827354  -68.305836488
    2.311645979  -68.169061514
    2.320464603  -68.092900658
    2.329283228  -68.128253513
    2.338101852  -68.228585132
    2.346920476  -68.277725756
    2.355739101  -68.171154114
    2.364557725  -67.907842512
    2.373376349  -67.586915763
    2.382194974  -67.306404363
    2.391013598  -67.078201865
    2.399832222  -66.842065767
    2.408650847  -66.549681210
    2.417469471  -66.221124506
    2.426288095  -65.924130521
    2.435106720  -65.706940936
    2.443925344  -65.570500902
    2.452743968  -65.465963768
    2.461562593  -65.352547711
    2.470381217  -65.225952150
    2.479199841  -65.116931924
    2.488018466  -65.059485850
    2.496837090  -65.065225937
    2.505655714  -65.105640576
    2.514474339  -65.131598503
    2.523292963  -65.096702873
    2.532111587  -64.974195679
    2.540930212  -64.769626598
    2.549748836  -64.504983405
    2.558567460  -64.208318141
    2.567386085  -63.904576735
    2.576204709  -63.608880348
    2.585023333  -63.331743261
    2.593841958  -63.093797367
    2.602660582  -62.928006217
    2.611479206  -62.849821150
    2.620297831  -62.831685629
    2.629116455  -62.823142253
    2.637935079  -62.787914000
    2.646753704  -62.713489759
    2.655572328  -62.601494613
    2.664390952  -62.465144181
    2.673209577  -62.337209012
    2.682028201  -62.233347508
    2.690846825  -62.164156105
    2.699665450  -62.155201458
    2.708484074  -62.230459992
    2.717302698  -62.374886045
    2.726121323  -62.528797849
    2.734939947  -62.620601550
    2.743758571  -62.612962388
    2.752577196  -62.517720988
    2.761395820  -62.401699820
    2.770214444  -62.358348760
    2.779033069  -62.442353722
    2.787851693  -62.622159195
    2.796670317  -62.818871375
    2.805488942  -62.974218592
    2.814307566  -63.053138683
    2.823126190  -63.020756185
    2.831944815  -62.875777649
    2.840763439  -62.656703655
    2.849582063  -62.418229408
    2.858400688  -62.208242130
    2.867219312  -62.067817077
    2.876037937  -62.030508896
    2.884856561  -62.098742601
    2.893675185  -62.222170876
    2.902493810  -62.309854570
    2.911312434  -62.290982200
    2.920131058  -62.176584391
    2.928949683  -62.041626430
    2.937768307  -61.966772909
    2.946586931  -61.987507368
    2.955405556  -62.077591933
    2.964224180  -62.153358156
    2.973042804  -62.135354949
    2.981861429  -62.018811767
    2.990680053  -61.885229397
    2.999498677  -61.827122955
    3.008317302  -61.889576358
    3.017135926  -62.058979285
    3.025954550  -62.293939815
    3.034773175  -62.552418577
    3.043591799  -62.799760368
    3.052410423  -62.988182042
    3.061229048  -63.073617566
    3.070047672  -63.054971986
    3.078866296  -63.005801996
    3.087684921  -63.032527058
    3.096503545  -63.181188191
    3.105322169  -63.390686051
    3.114140794  -63.560542990
    3.122959418  -63.621816332
    3.131778042  -63.578221363
    3.140596667  -63.503752530
    3.149415291  -63.485444557
    3.158233915  -63.546324255
    3.167052540  -63.643426593
    3.175871164  -63.727807304
    3.184689788  -63.760530514
    3.193508413  -63.753277427
    3.202327037  -63.764694009
    3.211145661  -63.837409596
    3.219964286  -63.959143639
    3.228782910  -64.075793343
    3.237601534  -64.131093606
    3.246420159  -64.109303908
    3.255238783  -64.032289217
    3.264057407  -63.956065077
    3.272876032  -63.932021607
    3.281694656  -63.964296756
    3.290513280  -64.001801203
    3.299331905  -63.986876516
    3.308150529  -63.890391468
    3.316969153  -63.744069436
    3.325787778  -63.624603075
    3.334606402  -63.591650886
    3.343425026  -63.649987356
    3.352243651  -63.759013019
    3.361062275  -63.868061625
    3.369880899  -63.941579824
    3.378699524  -63.949923985
    3.387518148  -63.887744875
    3.396336772  -63.767066035
    3.405155397  -63.609336266
    3.413974021  -63.445336329
    3.422792646  -63.312147636
    3.431611270  -63.221369993
    3.440429894  -63.160651126
    3.449248519  -63.129352990
    3.458067143  -63.159900728
    3.466885767  -63.279608258
    3.475704392  -63.478439530
    3.484523016  -63.711838747
    3.493341640  -63.900333852
    3.502160265  -63.895574666
    3.510978889  -63.488735858
    3.519797513  -62.470346372
    3.528616138  -60.664198411
    3.537434762  -57.912288716
    3.546253386  -54.048651102
    3.555072011  -48.949980069
    3.563890635  -42.669362163
    3.572709259  -35.569468919
    3.581527884  -28.314526758
    3.590346508  -21.703465834
    3.599165132  -16.480729146
    3.607983757  -13.153021540
    3.616802381  -11.525465885
    3.625621005  -10.839444563
    3.634439630  -10.553958828
    3.643258254  -10.434161713
    3.652076878  -10.384467119
    3.660895503  -10.365039969
    3.669714127  -10.358231300
    3.678532751  -10.356231280
    3.687351376  -10.355768003
    3.696170000  -10.355618878
