#! FIELDS pp.proj projection
#! SET min_pp.proj 0.36273
#! SET max_pp.proj 3.69617
#! SET nbins_pp.proj  379
#! SET periodic_pp.proj false
    0.362730000  -10.356374845
    0.371548624  -10.358627935
    0.380367249  -10.365772818
    0.389185873  -10.385894828
    0.398004497  -10.437961759
    0.406823122  -10.565032848
    0.415641746  -10.869444853
    0.424460370  -11.605741650
    0.433278995  -13.331016024
    0.442097619  -16.687950900
    0.450916243  -21.616568422
    0.459734868  -27.439709015
    0.468553492  -33.401643419
    0.477372116  -38.853487599
    0.486190741  -43.402967222
    0.495009365  -46.992241631
    0.503827989  -49.839881640
    0.512646614  -52.286324285
    0.521465238  -54.619899570
    0.530283862  -56.945763398
    0.539102487  -59.178430232
    0.547921111  -61.152929789
    0.556739735  -62.744465246
    0.565558360  -63.914501795
    0.574376984  -64.706852457
    0.583195608  -65.238153254
    0.592014233  -65.665851848
    0.600832857  -66.096457466
    0.609651481  -66.502309492
    0.618470106  -66.788179707
    0.627288730  -66.904942139
    0.636107354  -66.849788981
    0.644925979  -66.614621499
    0.653744603  -66.183871040
    0.662563228  -65.580547296
    0.671381852  -64.888680750
    0.680200476  -64.228347613
    0.689019101  -63.712972435
    0.697837725  -63.421624884
    0.706656349  -63.387088568
    0.715474974  -63.637648437
    0.724293598  -64.188704011
    0.733112222  -65.016532140
    0.741930847  -66.036485607
    0.750749471  -67.131461600
    0.759568095  -68.175541918
    0.768386720  -69.079304134
    0.777205344  -69.822532782
    0.786023968  -70.455936152
    0.794842593  -71.040244974
    0.803661217  -71.596922153
    0.812479841  -72.121887395
    0.821298466  -72.613540878
    0.830117090  -73.144375278
    0.838935714  -74.058998608
    0.847754339  -76.023921416
    0.856572963  -79.034145835
    0.865391587  -82.264447554
    0.874210212  -85.176869721
    0.883028836  -87.606952615
    0.891847460  -89.572276257
    0.900666085  -91.161431396
    0.909484709  -92.453492766
    0.918303333  -93.493697821
    0.927121958  -94.303780694
    0.935940582  -94.916056450
    0.944759206  -95.377921953
    0.953577831  -95.705656450
    0.962396455  -95.830051608
    0.971215079  -95.623338599
    0.980033704  -94.987182008
    0.988852328  -93.967904811
    0.997670952  -92.764796640
    1.006489577  -91.648186122
    1.015308201  -90.811096329
    1.024126825  -90.300373132
    1.032945450  -90.033589345
    1.041764074  -89.885929571
    1.050582698  -89.747260023
    1.059401323  -89.557220702
    1.068219947  -89.286037947
    1.077038571  -88.904904122
    1.085857196  -88.364772618
    1.094675820  -87.623358468
    1.103494444  -86.709534186
    1.112313069  -85.765194811
    1.121131693  -84.996064785
    1.129950317  -84.550064173
    1.138768942  -84.446316177
    1.147587566  -84.572921907
    1.156406190  -84.786495202
    1.165224815  -85.022545053
    1.174043439  -85.313721210
    1.182862063  -85.711184232
    1.191680688  -86.249342468
    1.200499312  -86.917761339
    1.209317937  -87.659852196
    1.218136561  -88.391910011
    1.226955185  -89.044497163
    1.235773810  -89.596868786
    1.244592434  -90.080517186
    1.253411058  -90.543051731
    1.262229683  -90.991172217
    1.271048307  -91.390136919
    1.279866931  -91.735106427
    1.288685556  -92.073922076
    1.297504180  -92.451780504
    1.306322804  -92.871084625
    1.315141429  -93.297806891
    1.323960053  -93.678848406
    1.332778677  -93.954502389
    1.341597302  -94.051066897
    1.350415926  -93.925247650
    1.359234550  -93.613190360
    1.368053175  -93.211488966
    1.376871799  -92.811748870
    1.385690423  -92.461595209
    1.394509048  -92.167279950
    1.403327672  -91.907395369
    1.412146296  -91.641898830
    1.420964921  -91.328780606
    1.429783545  -90.960036057
    1.438602169  -90.568431069
    1.447420794  -90.205685410
    1.456239418  -89.889698673
    1.465058042  -89.596781986
    1.473876667  -89.281301559
    1.482695291  -88.910864221
    1.491513915  -88.505204919
    1.500332540  -88.118653295
    1.509151164  -87.807249055
    1.517969788  -87.616962461
    1.526788413  -87.578679443
    1.535607037  -87.671510601
    1.544425661  -87.824753936
    1.553244286  -87.955658666
    1.562062910  -88.032318214
    1.570881534  -88.082069885
    1.579700159  -88.133386683
    1.588518783  -88.159494015
    1.597337407  -88.085912149
    1.606156032  -87.859541405
    1.614974656  -87.512445276
    1.623793280  -87.133454134
    1.632611905  -86.803281872
    1.641430529  -86.542763511
    1.650249153  -86.310358030
    1.659067778  -86.024863257
    1.667886402  -85.625579433
    1.676705026  -85.113496895
    1.685523651  -84.549397567
    1.694342275  -84.007563627
    1.703160899  -83.533327046
    1.711979524  -83.136872955
    1.720798148  -82.794334528
    1.729616772  -82.471332454
    1.738435397  -82.131523349
    1.747254021  -81.749782895
    1.756072646  -81.328932180
    1.764891270  -80.891964848
    1.773709894  -80.456190527
    1.782528519  -80.029850334
    1.791347143  -79.629907464
    1.800165767  -79.296502665
    1.808984392  -79.081749917
    1.817803016  -79.023021038
    1.826621640  -79.112084543
    1.835440265  -79.305588818
    1.844258889  -79.565022230
    1.853077513  -79.851422443
    1.861896138  -80.122422051
    1.870714762  -80.332739421
    1.879533386  -80.448706997
    1.888352011  -80.464395267
    1.897170635  -80.403068212
    1.905989259  -80.302659581
    1.914807884  -80.192866198
    1.923626508  -80.088704803
    1.932445132  -80.013656825
    1.941263757  -80.021646182
    1.950082381  -80.181792541
    1.958901005  -80.514841756
    1.967719630  -80.937775158
    1.976538254  -81.318271454
    1.985356878  -81.555946655
    1.994175503  -81.647907500
    2.002994127  -81.660046581
    2.011812751  -81.654095481
    2.020631376  -81.638397882
    2.029450000  -81.573355085
    2.038268624  -81.403416568
    2.047087249  -81.088737865
    2.055905873  -80.618433327
    2.064724497  -80.018859579
    2.073543122  -79.380283685
    2.082361746  -78.830496031
    2.091180370  -78.469686894
    2.099998995  -78.284344950
    2.108817619  -78.176557389
    2.117636243  -78.058611742
    2.126454868  -77.928704860
    2.135273492  -77.856580727
    2.144092116  -77.901991990
    2.152910741  -78.053319012
    2.161729365  -78.232878001
    2.170547989  -78.337628984
    2.179366614  -78.305273959
    2.188185238  -78.156710904
    2.197003862  -77.980860332
    2.205822487  -77.860995659
    2.214641111  -77.808417192
    2.223459735  -77.759508424
    2.232278360  -77.623061583
    2.241096984  -77.369832955
    2.249915608  -77.066484856
    2.258734233  -76.824922092
    2.267552857  -76.715566308
    2.276371481  -76.710770679
    2.285190106  -76.701424886
    2.294008730  -76.559367617
    2.302827354  -76.245712223
    2.311645979  -75.843853656
    2.320464603  -75.479589804
    2.329283228  -75.213004195
    2.338101852  -75.027116323
    2.346920476  -74.877479299
    2.355739101  -74.723676783
    2.364557725  -74.570510349
    2.373376349  -74.461978302
    2.382194974  -74.420883686
    2.391013598  -74.407507857
    2.399832222  -74.347176281
    2.408650847  -74.193364339
    2.417469471  -73.963445920
    2.426288095  -73.716386635
    2.435106720  -73.494100272
    2.443925344  -73.308409970
    2.452743968  -73.149084646
    2.461562593  -73.013117894
    2.470381217  -72.907547399
    2.479199841  -72.844109613
    2.488018466  -72.833091832
    2.496837090  -72.882120248
    2.505655714  -72.984512552
    2.514474339  -73.113267862
    2.523292963  -73.219705398
    2.532111587  -73.254602781
    2.540930212  -73.204909060
    2.549748836  -73.091069681
    2.558567460  -72.950024720
    2.567386085  -72.815663717
    2.576204709  -72.706433997
    2.585023333  -72.629397147
    2.593841958  -72.590859680
    2.602660582  -72.598054420
    2.611479206  -72.645689781
    2.620297831  -72.703019581
    2.629116455  -72.729458835
    2.637935079  -72.702481165
    2.646753704  -72.620040813
    2.655572328  -72.485883848
    2.664390952  -72.308761638
    2.673209577  -72.103432053
    2.682028201  -71.861663772
    2.690846825  -71.591097066
    2.699665450  -71.344956072
    2.708484074  -71.193130073
    2.717302698  -71.164836516
    2.726121323  -71.228049174
    2.734939947  -71.318122712
    2.743758571  -71.375177259
    2.752577196  -71.349601675
    2.761395820  -71.231825502
    2.770214444  -71.079180888
    2.779033069  -70.973930616
    2.787851693  -70.955355162
    2.796670317  -71.011381824
    2.805488942  -71.124391488
    2.814307566  -71.274076703
    2.823126190  -71.418230606
    2.831944815  -71.523893861
    2.840763439  -71.578353903
    2.849582063  -71.582305857
    2.858400688  -71.550077880
    2.867219312  -71.517393687
    2.876037937  -71.527476290
    2.884856561  -71.588334065
    2.893675185  -71.655316948
    2.902493810  -71.651344574
    2.911312434  -71.532969574
    2.920131058  -71.344251360
    2.928949683  -71.189049137
    2.937768307  -71.165325286
    2.946586931  -71.308222664
    2.955405556  -71.566281177
    2.964224180  -71.814700872
    2.973042804  -71.937571256
    2.981861429  -71.902170669
    2.990680053  -71.768580371
    2.999498677  -71.632184472
    3.008317302  -71.574156684
    3.017135926  -71.615128429
    3.025954550  -71.721454132
    3.034773175  -71.853995414
    3.043591799  -71.994331605
    3.052410423  -72.104836381
    3.061229048  -72.121954408
    3.070047672  -71.999392256
    3.078866296  -71.767790637
    3.087684921  -71.532976867
    3.096503545  -71.387918204
    3.105322169  -71.325308748
    3.114140794  -71.268951552
    3.122959418  -71.160478142
    3.131778042  -71.013085742
    3.140596667  -70.900658355
    3.149415291  -70.903817052
    3.158233915  -71.041196661
    3.167052540  -71.257820933
    3.175871164  -71.488930687
    3.184689788  -71.683690093
    3.193508413  -71.834085662
    3.202327037  -71.963610254
    3.211145661  -72.083087556
    3.219964286  -72.172843886
    3.228782910  -72.196325376
    3.237601534  -72.128211552
    3.246420159  -71.987834979
    3.255238783  -71.827014445
    3.264057407  -71.708150787
    3.272876032  -71.661431618
    3.281694656  -71.668831858
    3.290513280  -71.668092400
    3.299331905  -71.592442723
    3.308150529  -71.406455699
    3.316969153  -71.146340683
    3.325787778  -70.904608676
    3.334606402  -70.758286393
    3.343425026  -70.722972826
    3.352243651  -70.763904767
    3.361062275  -70.834272062
    3.369880899  -70.900685245
    3.378699524  -70.931512916
    3.387518148  -70.911136892
    3.396336772  -70.835213365
    3.405155397  -70.713996739
    3.413974021  -70.575281633
    3.422792646  -70.451757553
    3.431611270  -70.343048851
    3.440429894  -70.233088949
    3.449248519  -70.139381911
    3.458067143  -70.118902392
    3.466885767  -70.202412707
    3.475704392  -70.353747349
    3.484523016  -70.495216665
    3.493341640  -70.539007321
    3.502160265  -70.361992199
    3.510978889  -69.801256693
    3.519797513  -68.701733302
    3.528616138  -66.943678936
    3.537434762  -64.411947095
    3.546253386  -60.936524278
    3.555072011  -56.309893892
    3.563890635  -50.400121571
    3.572709259  -43.327389062
    3.581527884  -35.568295782
    3.590346508  -27.882532277
    3.599165132  -21.099685430
    3.607983757  -15.934240356
    3.616802381  -12.812299299
    3.625621005  -11.360890174
    3.634439630  -10.764817198
    3.643258254  -10.520058365
    3.652076878  -10.418271392
    3.660895503  -10.377351101
    3.669714127  -10.362196030
    3.678532751  -10.357342051
    3.687351376  -10.355990367
    3.696170000  -10.355618878
