#! FIELDS pp.proj projection
#! SET min_pp.proj 0.36273
#! SET max_pp.proj 3.69617
#! SET nbins_pp.proj  379
#! SET periodic_pp.proj false
    0.362730000  -10.355618878
    0.371548624  -10.355618878
    0.380367249  -10.355618878
    0.389185873  -10.355618878
    0.398004497  -10.355618878
    0.406823122  -10.355618878
    0.415641746  -10.355618878
    0.424460370  -10.355618878
    0.433278995  -10.355618878
    0.442097619  -10.355618878
    0.450916243  -10.355618878
    0.459734868  -10.355618878
    0.468553492  -10.355618878
    0.477372116  -10.355618878
    0.486190741  -10.355618878
    0.495009365  -10.355618878
    0.503827989  -10.355618878
    0.512646614  -10.355618878
    0.521465238  -10.355618878
    0.530283862  -10.355618878
    0.539102487  -10.355618878
    0.547921111  -10.355618878
    0.556739735  -10.355618878
    0.565558360  -10.355618878
    0.574376984  -10.355618878
    0.583195608  -10.355618878
    0.592014233  -10.355618878
    0.600832857  -10.355618878
    0.609651481  -10.355618878
    0.618470106  -10.355618878
    0.627288730  -10.355654167
    0.636107354  -10.355853212
    0.644925979  -10.356492008
    0.653744603  -10.358723547
    0.662563228  -10.364955277
    0.671381852  -10.380770905
    0.680200476  -10.417086073
    0.689019101  -10.493578912
    0.697837725  -10.643926980
    0.706656349  -10.924643785
    0.715474974  -11.425996148
    0.724293598  -12.266120810
    0.733112222  -13.526981949
    0.741930847  -15.156049611
    0.750749471  -16.981531306
    0.759568095  -18.847297528
    0.768386720  -20.688637110
    0.777205344  -22.489844566
    0.786023968  -24.200680400
    0.794842593  -25.702053334
    0.803661217  -26.879191472
    0.812479841  -27.794069428
    0.821298466  -28.847842659
    0.830117090  -30.587557122
    0.838935714  -33.096183235
    0.847754339  -35.991615629
    0.856572963  -38.906538274
    0.865391587  -41.665968574
    0.874210212  -44.268542508
    0.883028836  -46.809751076
    0.891847460  -49.382451842
    0.900666085  -51.996208999
    0.909484709  -54.575543062
    0.918303333  -57.013580650
    0.927121958  -59.233473665
    0.935940582  -61.214037535
    0.944759206  -62.960547518
    0.953577831  -64.453446266
    0.962396455  -65.605709655
    0.971215079  -66.294835650
    0.980033704  -66.471257515
    0.988852328  -66.254731492
    0.997670952  -65.922614599
    1.006489577  -65.780694409
    1.015308201  -65.989498536
    1.024126825  -66.497919773
    1.032945450  -67.095360063
    1.041764074  -67.536122625
    1.050582698  -67.632114363
    1.059401323  -67.308127165
    1.068219947  -66.599259191
    1.077038571  -65.620475365
    1.085857196  -64.515329915
    1.094675820  -63.426064248
    1.103494444  -62.504287436
    1.112313069  -61.870008618
    1.121131693  -61.517563888
    1.129950317  -61.340152327
    1.138768942  -61.247117685
    1.147587566  -61.188796949
    1.156406190  -61.148492091
    1.165224815  -61.156355710
    1.174043439  -61.289829665
    1.182862063  -61.602645758
    1.191680688  -62.057853812
    1.200499312  -62.553611695
    1.209317937  -63.016926719
    1.218136561  -63.446642494
    1.226955185  -63.838092315
    1.235773810  -64.108750045
    1.244592434  -64.157421449
    1.253411058  -63.949214851
    1.262229683  -63.543905225
    1.271048307  -63.060240137
    1.279866931  -62.618820032
    1.288685556  -62.282036446
    1.297504180  -62.044931704
    1.306322804  -61.872748512
    1.315141429  -61.735526724
    1.323960053  -61.586182981
    1.332778677  -61.373266046
    1.341597302  -61.059867796
    1.350415926  -60.648028075
    1.359234550  -60.178480327
    1.368053175  -59.702301544
    1.376871799  -59.241608365
    1.385690423  -58.780275462
    1.394509048  -58.285250596
    1.403327672  -57.721770699
    1.412146296  -57.063434267
    1.420964921  -56.307662037
    1.429783545  -55.502007021
    1.438602169  -54.723935130
    1.447420794  -54.040385928
    1.456239418  -53.472346152
    1.465058042  -52.995870787
    1.473876667  -52.550681414
    1.482695291  -52.072541364
    1.491513915  -51.538381152
    1.500332540  -50.963075699
    1.509151164  -50.368936547
    1.517969788  -49.765475888
    1.526788413  -49.148123611
    1.535607037  -48.505016532
    1.544425661  -47.834305327
    1.553244286  -47.164443114
    1.562062910  -46.547819183
    1.570881534  -45.999197471
    1.579700159  -45.431681268
    1.588518783  -44.710898689
    1.597337407  -43.789847571
    1.606156032  -42.779477943
    1.614974656  -41.874915736
    1.623793280  -41.216133894
    1.632611905  -40.843217824
    1.641430529  -40.729161553
    1.650249153  -40.801393222
    1.659067778  -40.957778344
    1.667886402  -41.121248331
    1.676705026  -41.306308690
    1.685523651  -41.630636419
    1.694342275  -42.206087255
    1.703160899  -43.011670871
    1.711979524  -43.883700803
    1.720798148  -44.639391510
    1.729616772  -45.202329028
    1.738435397  -45.644512587
    1.747254021  -46.109919550
    1.756072646  -46.682763128
    1.764891270  -47.316292739
    1.773709894  -47.871746317
    1.782528519  -48.245457754
    1.791347143  -48.435832599
    1.800165767  -48.523269107
    1.808984392  -48.565540238
    1.817803016  -48.529971921
    1.826621640  -48.327206635
    1.835440265  -47.900075118
    1.844258889  -47.318791376
    1.853077513  -46.736945551
    1.861896138  -46.284412769
    1.870714762  -46.004871528
    1.879533386  -45.868776249
    1.888352011  -45.820379716
    1.897170635  -45.809433765
    1.905989259  -45.809014439
    1.914807884  -45.806708340
    1.923626508  -45.803474334
    1.932445132  -45.826224580
    1.941263757  -45.914842266
    1.950082381  -46.081045046
    1.958901005  -46.288086688
    1.967719630  -46.443488771
    1.976538254  -46.437136746
    1.985356878  -46.206173406
    1.994175503  -45.800136569
    2.002994127  -45.379615851
    2.011812751  -45.156908713
    2.020631376  -45.271049664
    2.029450000  -45.696373601
    2.038268624  -46.266975692
    2.047087249  -46.789397724
    2.055905873  -47.152092044
    2.064724497  -47.358650321
    2.073543122  -47.499296692
    2.082361746  -47.684649895
    2.091180370  -47.983326794
    2.099998995  -48.349842354
    2.108817619  -48.629593606
    2.117636243  -48.666321267
    2.126454868  -48.425247806
    2.135273492  -48.035536818
    2.144092116  -47.696324012
    2.152910741  -47.552121663
    2.161729365  -47.598067079
    2.170547989  -47.682457987
    2.179366614  -47.626929080
    2.188185238  -47.355651279
    2.197003862  -46.941098141
    2.205822487  -46.537209090
    2.214641111  -46.260022258
    2.223459735  -46.116537292
    2.232278360  -46.029768141
    2.241096984  -45.942012451
    2.249915608  -45.879773554
    2.258734233  -45.915139838
    2.267552857  -46.079953099
    2.276371481  -46.334905837
    2.285190106  -46.601733736
    2.294008730  -46.797174377
    2.302827354  -46.889744363
    2.311645979  -46.920190105
    2.320464603  -46.963524452
    2.329283228  -47.063978854
    2.338101852  -47.187787375
    2.346920476  -47.243498098
    2.355739101  -47.135199249
    2.364557725  -46.842023281
    2.373376349  -46.442467844
    2.382194974  -46.055135570
    2.391013598  -45.772186806
    2.399832222  -45.639969468
    2.408650847  -45.670701446
    2.417469471  -45.846645228
    2.426288095  -46.108827660
    2.435106720  -46.354383326
    2.443925344  -46.479753834
    2.452743968  -46.419812496
    2.461562593  -46.197112342
    2.470381217  -45.892129467
    2.479199841  -45.600595962
    2.488018466  -45.405527958
    2.496837090  -45.370600383
    2.505655714  -45.514691882
    2.514474339  -45.802358166
    2.523292963  -46.142586578
    2.532111587  -46.416682620
    2.540930212  -46.539261712
    2.549748836  -46.492347927
    2.558567460  -46.325159258
    2.567386085  -46.110281339
    2.576204709  -45.907682355
    2.585023333  -45.757904524
    2.593841958  -45.681855746
    2.602660582  -45.678552286
    2.611479206  -45.736697892
    2.620297831  -45.844915166
    2.629116455  -45.981112497
    2.637935079  -46.097832862
    2.646753704  -46.126623759
    2.655572328  -46.019620203
    2.664390952  -45.783868228
    2.673209577  -45.479895659
    2.682028201  -45.171104470
    2.690846825  -44.932958733
    2.699665450  -44.851505656
    2.708484074  -44.977571948
    2.717302698  -45.286070117
    2.726121323  -45.687246709
    2.734939947  -46.073435086
    2.743758571  -46.363979092
    2.752577196  -46.526718313
    2.761395820  -46.582448898
    2.770214444  -46.570561196
    2.779033069  -46.515560004
    2.787851693  -46.438566732
    2.796670317  -46.370488910
    2.805488942  -46.301642838
    2.814307566  -46.139506691
    2.823126190  -45.807016816
    2.831944815  -45.365128777
    2.840763439  -44.963519785
    2.849582063  -44.694821790
    2.858400688  -44.537909438
    2.867219312  -44.436516680
    2.876037937  -44.372456176
    2.884856561  -44.353850467
    2.893675185  -44.371928438
    2.902493810  -44.385707894
    2.911312434  -44.359044913
    2.920131058  -44.305200166
    2.928949683  -44.255884974
    2.937768307  -44.216291000
    2.946586931  -44.161110086
    2.955405556  -44.060572540
    2.964224180  -43.894459407
    2.973042804  -43.673066900
    2.981861429  -43.444581302
    2.990680053  -43.272666553
    2.999498677  -43.183323899
    3.008317302  -43.150768911
    3.017135926  -43.125271179
    3.025954550  -43.061615689
    3.034773175  -42.932006543
    3.043591799  -42.737128971
    3.052410423  -42.495795290
    3.061229048  -42.240812057
    3.070047672  -42.026547209
    3.078866296  -41.938059389
    3.087684921  -42.039569325
    3.096503545  -42.301023467
    3.105322169  -42.595584409
    3.114140794  -42.793062932
    3.122959418  -42.821144703
    3.131778042  -42.699730747
    3.140596667  -42.549574668
    3.149415291  -42.518462844
    3.158233915  -42.645276866
    3.167052540  -42.810503070
    3.175871164  -42.815695226
    3.184689788  -42.498812223
    3.193508413  -41.864366630
    3.202327037  -41.086454414
    3.211145661  -40.383633292
    3.219964286  -39.907895614
    3.228782910  -39.693277614
    3.237601534  -39.681793515
    3.246420159  -39.798629922
    3.255238783  -39.987040028
    3.264057407  -40.213167220
    3.272876032  -40.426770961
    3.281694656  -40.547809845
    3.290513280  -40.495395405
    3.299331905  -40.252918707
    3.308150529  -39.881676658
    3.316969153  -39.499598493
    3.325787778  -39.225449743
    3.334606402  -39.119295896
    3.343425026  -39.168875276
    3.352243651  -39.325216769
    3.361062275  -39.555104629
    3.369880899  -39.845536984
    3.378699524  -40.166074217
    3.387518148  -40.461502839
    3.396336772  -40.669657962
    3.405155397  -40.745096396
    3.413974021  -40.674774128
    3.422792646  -40.477820003
    3.431611270  -40.199373328
    3.440429894  -39.916552204
    3.449248519  -39.731470456
    3.458067143  -39.752594136
    3.466885767  -40.041173850
    3.475704392  -40.569064611
    3.484523016  -41.192502750
    3.493341640  -41.691324159
    3.502160265  -41.820132916
    3.510978889  -41.349782914
    3.519797513  -40.088662845
    3.528616138  -37.918837470
    3.537434762  -34.835641545
    3.546253386  -30.964090903
    3.555072011  -26.571559734
    3.563890635  -22.047571116
    3.572709259  -17.873252079
    3.581527884  -14.555873837
    3.590346508  -12.417752183
    3.599165132  -11.299507577
    3.607983757  -10.775105202
    3.616802381  -10.536221037
    3.625621005  -10.429015766
    3.634439630  -10.383079424
    3.643258254  -10.365000872
    3.652076878  -10.358261836
    3.660895503  -10.356215497
    3.669714127  -10.355618878
    3.678532751  -10.355618878
    3.687351376  -10.355618878
    3.696170000  -10.355618878
