#! FIELDS pp.proj projection
#! SET min_pp.proj 0.36273
#! SET max_pp.proj 3.69617
#! SET nbins_pp.proj  379
#! SET periodic_pp.proj false
    0.362730000  -10.355618878
    0.371548624  -10.355618878
    0.380367249  -10.355618878
    0.389185873  -10.355618878
    0.398004497  -10.355618878
    0.406823122  -10.355618878
    0.415641746  -10.355618878
    0.424460370  -10.355618878
    0.433278995  -10.355618878
    0.442097619  -10.355618878
    0.450916243  -10.355618878
    0.459734868  -10.355618878
    0.468553492  -10.355618878
    0.477372116  -10.355618878
    0.486190741  -10.355618878
    0.495009365  -10.355618878
    0.503827989  -10.355618878
    0.512646614  -10.355618878
    0.521465238  -10.355618878
    0.530283862  -10.355618878
    0.539102487  -10.355618878
    0.547921111  -10.355618878
    0.556739735  -10.355618878
    0.565558360  -10.355618878
    0.574376984  -10.355618878
    0.583195608  -10.355618878
    0.592014233  -10.355618878
    0.600832857  -10.355618878
    0.609651481  -10.355618878
    0.618470106  -10.355618878
    0.627288730  -10.355654167
    0.636107354  -10.355853212
    0.644925979  -10.356492008
    0.653744603  -10.358723547
    0.662563228  -10.364955277
    0.671381852  -10.380770905
    0.680200476  -10.417086073
    0.689019101  -10.493578912
    0.697837725  -10.643926980
    0.706656349  -10.924643785
    0.715474974  -11.425996148
    0.724293598  -12.266120810
    0.733112222  -13.526981949
    0.741930847  -15.156049611
    0.750749471  -16.981531306
    0.759568095  -18.847297528
    0.768386720  -20.688637110
    0.777205344  -22.489844566
    0.786023968  -24.200680400
    0.794842593  -25.702053334
    0.803661217  -26.879191472
    0.812479841  -27.794069428
    0.821298466  -28.847871417
    0.830117090  -30.587633718
    0.838935714  -33.096352065
    0.847754339  -35.991940991
    0.856572963  -38.907132645
    0.865391587  -41.666964472
    0.874210212  -44.269998762
    0.883028836  -46.811455930
    0.891847460  -49.383997076
    0.900666085  -51.997387970
    0.909484709  -54.576430580
    0.918303333  -57.014430153
    0.927121958  -59.234793834
    0.935940582  -61.216957511
    0.944759206  -62.967532131
    0.953577831  -64.469838722
    0.962396455  -65.642203640
    0.971215079  -66.370995755
    0.980033704  -66.620418294
    0.988852328  -66.530991889
    0.997670952  -66.410588743
    1.006489577  -66.597501884
    1.015308201  -67.256061665
    1.024126825  -68.312569904
    1.032945450  -69.569066762
    1.041764074  -70.847857913
    1.050582698  -72.058857934
    1.059401323  -73.201166330
    1.068219947  -74.314419012
    1.077038571  -75.405040545
    1.085857196  -76.425050212
    1.094675820  -77.326574899
    1.103494444  -78.126202127
    1.112313069  -78.894440666
    1.121131693  -79.692643289
    1.129950317  -80.541528747
    1.138768942  -81.383869885
    1.147587566  -82.094361722
    1.156406190  -82.596453648
    1.165224815  -82.939301756
    1.174043439  -83.257770482
    1.182862063  -83.657790887
    1.191680688  -84.173679910
    1.200499312  -84.765062268
    1.209317937  -85.371742304
    1.218136561  -85.945888488
    1.226955185  -86.481197484
    1.235773810  -87.020860495
    1.244592434  -87.606575910
    1.253411058  -88.219551236
    1.262229683  -88.747472452
    1.271048307  -89.064242621
    1.279866931  -89.134513726
    1.288685556  -89.044364860
    1.297504180  -88.917034284
    1.306322804  -88.781491389
    1.315141429  -88.534285816
    1.323960053  -88.023483035
    1.332778677  -87.199497024
    1.341597302  -86.165017082
    1.350415926  -85.096898523
    1.359234550  -84.083181237
    1.368053175  -83.058417818
    1.376871799  -81.878579454
    1.385690423  -80.471737328
    1.394509048  -78.894129196
    1.403327672  -77.304501830
    1.412146296  -75.928536357
    1.420964921  -74.985359123
    1.429783545  -74.562601530
    1.438602169  -74.567465929
    1.447420794  -74.843141271
    1.456239418  -75.285247286
    1.465058042  -75.811579966
    1.473876667  -76.321848093
    1.482695291  -76.752598804
    1.491513915  -77.099855152
    1.500332540  -77.368156041
    1.509151164  -77.534383767
    1.517969788  -77.592221768
    1.526788413  -77.577930652
    1.535607037  -77.543331682
    1.544425661  -77.507320524
    1.553244286  -77.456510182
    1.562062910  -77.379650368
    1.570881534  -77.292631655
    1.579700159  -77.228348589
    1.588518783  -77.176426769
    1.597337407  -77.094410009
    1.606156032  -76.946226380
    1.614974656  -76.707110638
    1.623793280  -76.333807206
    1.632611905  -75.790540977
    1.641430529  -75.108558160
    1.650249153  -74.389959549
    1.659067778  -73.709233549
    1.667886402  -73.071006377
    1.676705026  -72.453738975
    1.685523651  -71.867982067
    1.694342275  -71.339732206
    1.703160899  -70.869805630
    1.711979524  -70.417012769
    1.720798148  -69.923378513
    1.729616772  -69.379843705
    1.738435397  -68.843176086
    1.747254021  -68.393979534
    1.756072646  -68.084673822
    1.764891270  -67.886612763
    1.773709894  -67.685563539
    1.782528519  -67.376507306
    1.791347143  -66.961366548
    1.800165767  -66.529203301
    1.808984392  -66.171364604
    1.817803016  -65.921226999
    1.826621640  -65.769235845
    1.835440265  -65.713073074
    1.844258889  -65.773539407
    1.853077513  -65.938472055
    1.861896138  -66.144960774
    1.870714762  -66.325241710
    1.879533386  -66.474899463
    1.888352011  -66.650703836
    1.897170635  -66.918853352
    1.905989259  -67.299836621
    1.914807884  -67.795661840
    1.923626508  -68.459254381
    1.932445132  -69.428679525
    1.941263757  -70.811131551
    1.950082381  -72.544410287
    1.958901005  -74.408362106
    1.967719630  -76.131948354
    1.976538254  -77.503568993
    1.985356878  -78.421201664
    1.994175503  -78.920568308
    2.002994127  -79.128412074
    2.011812751  -79.168571617
    2.020631376  -79.103113887
    2.029450000  -78.930218448
    2.038268624  -78.619964752
    2.047087249  -78.145259726
    2.055905873  -77.490839513
    2.064724497  -76.654469901
    2.073543122  -75.685769380
    2.082361746  -74.680103533
    2.091180370  -73.742064210
    2.099998995  -72.895977590
    2.108817619  -72.061317266
    2.117636243  -71.128494136
    2.126454868  -70.077517097
    2.135273492  -69.033111391
    2.144092116  -68.173995499
    2.152910741  -67.594924939
    2.161729365  -67.233151325
    2.170547989  -66.938445715
    2.179366614  -66.601789228
    2.188185238  -66.221533108
    2.197003862  -65.885623179
    2.205822487  -65.693458446
    2.214641111  -65.669809665
    2.223459735  -65.745057775
    2.232278360  -65.802658875
    2.241096984  -65.773352111
    2.249915608  -65.681651580
    2.258734233  -65.618821090
    2.267552857  -65.674198369
    2.276371481  -65.866277586
    2.285190106  -66.126709060
    2.294008730  -66.335982512
    2.302827354  -66.427871112
    2.311645979  -66.432729710
    2.320464603  -66.435459550
    2.329283228  -66.487130030
    2.338101852  -66.557438312
    2.346920476  -66.553331849
    2.355739101  -66.390248471
    2.364557725  -66.074690996
    2.373376349  -65.702995214
    2.382194974  -65.369282912
    2.391013598  -65.083145556
    2.399832222  -64.776065871
    2.408650847  -64.387487121
    2.417469471  -63.933246717
    2.426288095  -63.488394527
    2.435106720  -63.106650548
    2.443925344  -62.785529889
    2.452743968  -62.470886404
    2.461562593  -62.132643352
    2.470381217  -61.789942884
    2.479199841  -61.496605169
    2.488018466  -61.296491014
    2.496837090  -61.204091933
    2.505655714  -61.201557721
    2.514474339  -61.259826029
    2.523292963  -61.344174214
    2.532111587  -61.415117564
    2.540930212  -61.439749896
    2.549748836  -61.391346784
    2.558567460  -61.262731184
    2.567386085  -61.073060544
    2.576204709  -60.855449773
    2.585023333  -60.637171126
    2.593841958  -60.443995193
    2.602660582  -60.316585594
    2.611479206  -60.297595385
    2.620297831  -60.385775407
    2.629116455  -60.515049876
    2.637935079  -60.600996829
    2.646753704  -60.593049722
    2.655572328  -60.482405773
    2.664390952  -60.287790165
    2.673209577  -60.053322707
    2.682028201  -59.812168804
    2.690846825  -59.596780206
    2.699665450  -59.451352581
    2.708484074  -59.408269734
    2.717302698  -59.444957637
    2.726121323  -59.482217228
    2.734939947  -59.438419140
    2.743758571  -59.298541276
    2.752577196  -59.119941539
    2.761395820  -58.995810152
    2.770214444  -58.992626051
    2.779033069  -59.104269786
    2.787851693  -59.242833172
    2.796670317  -59.304873813
    2.805488942  -59.247413665
    2.814307566  -59.080512076
    2.823126190  -58.817700214
    2.831944815  -58.504778561
    2.840763439  -58.220257007
    2.849582063  -58.031589416
    2.858400688  -57.945521887
    2.867219312  -57.915729021
    2.876037937  -57.879416702
    2.884856561  -57.778984627
    2.893675185  -57.572367390
    2.902493810  -57.245174175
    2.911312434  -56.846200027
    2.920131058  -56.504914192
    2.928949683  -56.355627033
    2.937768307  -56.443635024
    2.946586931  -56.703665974
    2.955405556  -57.011533100
    2.964224180  -57.231449448
    2.973042804  -57.267263695
    2.981861429  -57.109566426
    2.990680053  -56.841892479
    2.999498677  -56.569827750
    3.008317302  -56.370511451
    3.017135926  -56.272931725
    3.025954550  -56.264981141
    3.034773175  -56.310153564
    3.043591799  -56.365428636
    3.052410423  -56.369803635
    3.061229048  -56.266136804
    3.070047672  -56.053659773
    3.078866296  -55.829488626
    3.087684921  -55.737603730
    3.096503545  -55.846408637
    3.105322169  -56.072541562
    3.114140794  -56.261833718
    3.122959418  -56.305252009
    3.131778042  -56.204491712
    3.140596667  -56.058172517
    3.149415291  -55.986008002
    3.158233915  -56.019680637
    3.167052540  -56.074621342
    3.175871164  -56.020924764
    3.184689788  -55.761290960
    3.193508413  -55.318436974
    3.202327037  -54.821345258
    3.211145661  -54.410401107
    3.219964286  -54.153327387
    3.228782910  -54.004988155
    3.237601534  -53.849037125
    3.246420159  -53.597911973
    3.255238783  -53.256819961
    3.264057407  -52.925565201
    3.272876032  -52.716490193
    3.281694656  -52.668996215
    3.290513280  -52.732993842
    3.299331905  -52.836633344
    3.308150529  -52.921763248
    3.316969153  -52.957372791
    3.325787778  -52.942265297
    3.334606402  -52.893433502
    3.343425026  -52.833698642
    3.352243651  -52.784602612
    3.361062275  -52.758198960
    3.369880899  -52.750029253
    3.378699524  -52.738057107
    3.387518148  -52.712075635
    3.396336772  -52.668398465
    3.405155397  -52.595545693
    3.413974021  -52.494844405
    3.422792646  -52.395512285
    3.431611270  -52.315667087
    3.440429894  -52.234184332
    3.449248519  -52.116980157
    3.458067143  -51.966333989
    3.466885767  -51.817802976
    3.475704392  -51.709837493
    3.484523016  -51.654098236
    3.493341640  -51.608526175
    3.502160265  -51.424968994
    3.510978889  -50.846744023
    3.519797513  -49.584735772
    3.528616138  -47.406121124
    3.537434762  -44.186543820
    3.546253386  -39.931921072
    3.555072011  -34.813654686
    3.563890635  -29.186980435
    3.572709259  -23.561438083
    3.581527884  -18.523663778
    3.590346508  -14.665089775
    3.599165132  -12.325815924
    3.607983757  -11.197289724
    3.616802381  -10.707119556
    3.625621005  -10.497076969
    3.634439630  -10.408809934
    3.643258254  -10.374005438
    3.652076878  -10.361098180
    3.660895503  -10.356820251
    3.669714127  -10.355674561
    3.678532751  -10.355618878
    3.687351376  -10.355618878
    3.696170000  -10.355618878
