#! FIELDS pp.proj projection
#! SET min_pp.proj 0.36273
#! SET max_pp.proj 3.69617
#! SET nbins_pp.proj  379
#! SET periodic_pp.proj false
    0.362730000  -10.356374845
    0.371548624  -10.358627935
    0.380367249  -10.365772818
    0.389185873  -10.385894828
    0.398004497  -10.437961759
    0.406823122  -10.565032848
    0.415641746  -10.869444853
    0.424460370  -11.605741650
    0.433278995  -13.331016024
    0.442097619  -16.687950900
    0.450916243  -21.616568422
    0.459734868  -27.439709015
    0.468553492  -33.401643419
    0.477372116  -38.853487599
    0.486190741  -43.402967222
    0.495009365  -46.992241631
    0.503827989  -49.839881640
    0.512646614  -52.286324285
    0.521465238  -54.619899570
    0.530283862  -56.945763398
    0.539102487  -59.178430232
    0.547921111  -61.152929789
    0.556739735  -62.744465246
    0.565558360  -63.914501795
    0.574376984  -64.706852457
    0.583195608  -65.238153254
    0.592014233  -65.665851848
    0.600832857  -66.096457466
    0.609651481  -66.502309492
    0.618470106  -66.788179707
    0.627288730  -66.904942139
    0.636107354  -66.849788981
    0.644925979  -66.614621499
    0.653744603  -66.183871040
    0.662563228  -65.580547296
    0.671381852  -64.888680750
    0.680200476  -64.228347613
    0.689019101  -63.712972435
    0.697837725  -63.421624884
    0.706656349  -63.387088568
    0.715474974  -63.637648437
    0.724293598  -64.188704011
    0.733112222  -65.016532140
    0.741930847  -66.036485607
    0.750749471  -67.131461600
    0.759568095  -68.175541918
    0.768386720  -69.079304134
    0.777205344  -69.822532782
    0.786023968  -70.455936152
    0.794842593  -71.040244974
    0.803661217  -71.596922153
    0.812479841  -72.121887395
    0.821298466  -72.613540878
    0.830117090  -73.144375278
    0.838935714  -74.058998608
    0.847754339  -76.023921416
    0.856572963  -79.034145835
    0.865391587  -82.264447554
    0.874210212  -85.176869721
    0.883028836  -87.606952615
    0.891847460  -89.572276257
    0.900666085  -91.161431396
    0.909484709  -92.453492766
    0.918303333  -93.493697821
    0.927121958  -94.303780694
    0.935940582  -94.916056450
    0.944759206  -95.377921953
    0.953577831  -95.705656450
    0.962396455  -95.830051608
    0.971215079  -95.623338599
    0.980033704  -94.987182008
    0.988852328  -93.967904811
    0.997670952  -92.764796640
    1.006489577  -91.648186122
    1.015308201  -90.811096329
    1.024126825  -90.300373132
    1.032945450  -90.033589345
    1.041764074  -89.885929571
    1.050582698  -89.747260023
    1.059401323  -89.557220702
    1.068219947  -89.286037947
    1.077038571  -88.904904122
    1.085857196  -88.364772618
    1.094675820  -87.623358468
    1.103494444  -86.709534186
    1.112313069  -85.765194811
    1.121131693  -84.996064785
    1.129950317  -84.550064173
    1.138768942  -84.446316177
    1.147587566  -84.572921907
    1.156406190  -84.786495202
    1.165224815  -85.022545053
    1.174043439  -85.313721210
    1.182862063  -85.711184232
    1.191680688  -86.249342468
    1.200499312  -86.917761339
    1.209317937  -87.659852196
    1.218136561  -88.391910011
    1.226955185  -89.044497163
    1.235773810  -89.596868786
    1.244592434  -90.080517186
    1.253411058  -90.543051731
    1.262229683  -90.991172217
    1.271048307  -91.390136919
    1.279866931  -91.735106427
    1.288685556  -92.073922076
    1.297504180  -92.451780504
    1.306322804  -92.871084625
    1.315141429  -93.297806891
    1.323960053  -93.678848406
    1.332778677  -93.954502389
    1.341597302  -94.051066897
    1.350415926  -93.925247650
    1.359234550  -93.613190360
    1.368053175  -93.211488966
    1.376871799  -92.811748870
    1.385690423  -92.461595209
    1.394509048  -92.167279950
    1.403327672  -91.907395369
    1.412146296  -91.641898830
    1.420964921  -91.328780606
    1.429783545  -90.960036057
    1.438602169  -90.568431069
    1.447420794  -90.205685410
    1.456239418  -89.889698673
    1.465058042  -89.596781986
    1.473876667  -89.281301559
    1.482695291  -88.910864221
    1.491513915  -88.505204919
    1.500332540  -88.118653295
    1.509151164  -87.807249055
    1.517969788  -87.616962461
    1.526788413  -87.578679443
    1.535607037  -87.671510601
    1.544425661  -87.824753936
    1.553244286  -87.955658666
    1.562062910  -88.032318214
    1.570881534  -88.082069885
    1.579700159  -88.133386683
    1.588518783  -88.159494015
    1.597337407  -88.085912149
    1.606156032  -87.859541405
    1.614974656  -87.512445276
    1.623793280  -87.133454134
    1.632611905  -86.803281872
    1.641430529  -86.542763511
    1.650249153  -86.310358030
    1.659067778  -86.024863257
    1.667886402  -85.625579433
    1.676705026  -85.113496895
    1.685523651  -84.549397567
    1.694342275  -84.007563627
    1.703160899  -83.533337686
    1.711979524  -83.136923228
    1.720798148  -82.794520447
    1.729616772  -82.471948826
    1.738435397  -82.133290866
    1.747254021  -81.754188561
    1.756072646  -81.338494502
    1.764891270  -80.910242756
    1.773709894  -80.487593678
    1.782528519  -80.079135875
    1.791347143  -79.700578112
    1.800165767  -79.388125377
    1.808984392  -79.189165551
    1.817803016  -79.139847896
    1.826621640  -79.235297897
    1.835440265  -79.436623394
    1.844258889  -79.705702746
    1.853077513  -79.998774783
    1.861896138  -80.266881130
    1.870714762  -80.462586639
    1.879533386  -80.558047409
    1.888352011  -80.555162675
    1.897170635  -80.481851022
    1.905989259  -80.376618021
    1.914807884  -80.268074348
    1.923626508  -80.169083444
    1.932445132  -80.100167278
    1.941263757  -80.112135355
    1.950082381  -80.272399218
    1.958901005  -80.602637443
    1.967719630  -81.022673125
    1.976538254  -81.402209308
    1.985356878  -81.641374385
    1.994175503  -81.736635708
    2.002994127  -81.753619392
    2.011812751  -81.755660908
    2.020631376  -81.754527675
    2.029450000  -81.713816958
    2.038268624  -81.578194580
    2.047087249  -81.303721252
    2.055905873  -80.873052456
    2.064724497  -80.308237665
    2.073543122  -79.700478930
    2.082361746  -79.182492179
    2.091180370  -78.857369977
    2.099998995  -78.709755569
    2.108817619  -78.638127427
    2.117636243  -78.550937300
    2.126454868  -78.443488829
    2.135273492  -78.383824995
    2.144092116  -78.432068133
    2.152910741  -78.578046217
    2.161729365  -78.747839054
    2.170547989  -78.844681548
    2.179366614  -78.810649525
    2.188185238  -78.665758434
    2.197003862  -78.494254048
    2.205822487  -78.375457558
    2.214641111  -78.323917861
    2.223459735  -78.284890614
    2.232278360  -78.173700438
    2.241096984  -77.958370883
    2.249915608  -77.690579628
    2.258734233  -77.463346883
    2.267552857  -77.341182994
    2.276371481  -77.311528131
    2.285190106  -77.293683428
    2.294008730  -77.182423083
    2.302827354  -76.942050045
    2.311645979  -76.637916613
    2.320464603  -76.367702326
    2.329283228  -76.172879766
    2.338101852  -76.034957746
    2.346920476  -75.918703008
    2.355739101  -75.796831359
    2.364557725  -75.685841919
    2.373376349  -75.630100566
    2.382194974  -75.639487379
    2.391013598  -75.662988083
    2.399832222  -75.630922981
    2.408650847  -75.512159220
    2.417469471  -75.337079651
    2.426288095  -75.172646675
    2.435106720  -75.064857625
    2.443925344  -75.021884479
    2.452743968  -75.017790835
    2.461562593  -75.025835104
    2.470381217  -75.030129869
    2.479199841  -75.027168832
    2.488018466  -75.024191656
    2.496837090  -75.037962811
    2.505655714  -75.077955279
    2.514474339  -75.136083945
    2.523292963  -75.179264566
    2.532111587  -75.164270257
    2.540930212  -75.074420028
    2.549748836  -74.923930566
    2.558567460  -74.747557857
    2.567386085  -74.580371888
    2.576204709  -74.440764349
    2.585023333  -74.335466853
    2.593841958  -74.275363787
    2.602660582  -74.272247936
    2.611479206  -74.314801456
    2.620297831  -74.370899652
    2.629116455  -74.421250669
    2.637935079  -74.465854536
    2.646753704  -74.496798788
    2.655572328  -74.487767490
    2.664390952  -74.420751244
    2.673209577  -74.301804096
    2.682028201  -74.124659456
    2.690846825  -73.902337891
    2.699665450  -73.704377049
    2.708484074  -73.624782401
    2.717302698  -73.705375718
    2.726121323  -73.903786266
    2.734939947  -74.132873233
    2.743758571  -74.312206369
    2.752577196  -74.374391665
    2.761395820  -74.296030692
    2.770214444  -74.132400376
    2.779033069  -73.974747746
    2.787851693  -73.870093495
    2.796670317  -73.814329362
    2.805488942  -73.804477627
    2.814307566  -73.835695435
    2.823126190  -73.873158944
    2.831944815  -73.883916271
    2.840763439  -73.858518859
    2.849582063  -73.805470416
    2.858400688  -73.739836832
    2.867219312  -73.686374319
    2.876037937  -73.674946475
    2.884856561  -73.710342603
    2.893675185  -73.757514794
    2.902493810  -73.753099329
    2.911312434  -73.658851704
    2.920131058  -73.508617587
    2.928949683  -73.390050500
    2.937768307  -73.398508961
    2.946586931  -73.583378523
    2.955405556  -73.907689651
    2.964224180  -74.248426102
    2.973042804  -74.477234262
    2.981861429  -74.539872881
    2.990680053  -74.469305076
    2.999498677  -74.336405018
    3.008317302  -74.211369900
    3.017135926  -74.123403309
    3.025954550  -74.067836975
    3.034773175  -74.046435703
    3.043591799  -74.085868647
    3.052410423  -74.189911863
    3.061229048  -74.314036289
    3.070047672  -74.389173719
    3.078866296  -74.385519207
    3.087684921  -74.340996988
    3.096503545  -74.310427669
    3.105322169  -74.291818932
    3.114140794  -74.237890980
    3.122959418  -74.117742294
    3.131778042  -73.962406284
    3.140596667  -73.854150571
    3.149415291  -73.875741353
    3.158233915  -74.045058008
    3.167052540  -74.301927362
    3.175871164  -74.571035101
    3.184689788  -74.790412605
    3.193508413  -74.943627380
    3.202327037  -75.051662234
    3.211145661  -75.134114199
    3.219964286  -75.187031541
    3.228782910  -75.184093591
    3.237601534  -75.101906742
    3.246420159  -74.957627524
    3.255238783  -74.800864642
    3.264057407  -74.692752239
    3.272876032  -74.668130370
    3.281694656  -74.722417614
    3.290513280  -74.808542726
    3.299331905  -74.870826249
    3.308150529  -74.877911938
    3.316969153  -74.855191001
    3.325787778  -74.863539032
    3.334606402  -74.940880687
    3.343425026  -75.079510477
    3.352243651  -75.246140346
    3.361062275  -75.411513528
    3.369880899  -75.564608277
    3.378699524  -75.684114206
    3.387518148  -75.743678140
    3.396336772  -75.715665292
    3.405155397  -75.594394371
    3.413974021  -75.412624930
    3.422792646  -75.226236357
    3.431611270  -75.059411529
    3.440429894  -74.902070471
    3.449248519  -74.758688460
    3.458067143  -74.670975254
    3.466885767  -74.675142491
    3.475704392  -74.754567475
    3.484523016  -74.835384618
    3.493341640  -74.811883468
    3.502160265  -74.555037817
    3.510978889  -73.932282476
    3.519797513  -72.840165250
    3.528616138  -71.193157642
    3.537434762  -68.875251150
    3.546253386  -65.685734787
    3.555072011  -61.363578395
    3.563890635  -55.710248754
    3.572709259  -48.778158973
    3.581527884  -40.971793146
    3.590346508  -32.970462325
    3.599165132  -25.534679680
    3.607983757  -19.321315972
    3.616802381  -14.854575786
    3.625621005  -12.318796152
    3.634439630  -11.173540667
    3.643258254  -10.696365602
    3.652076878  -10.494533871
    3.660895503  -10.409164113
    3.669714127  -10.374454282
    3.678532751  -10.361639610
    3.687351376  -10.357259988
    3.696170000  -10.355952736
