#! FIELDS pp.proj projection
#! SET min_pp.proj 0.36273
#! SET max_pp.proj 3.69617
#! SET nbins_pp.proj  379
#! SET periodic_pp.proj false
    0.362730000  -10.355618878
    0.371548624  -10.355618878
    0.380367249  -10.355618878
    0.389185873  -10.355618878
    0.398004497  -10.355618878
    0.406823122  -10.355618878
    0.415641746  -10.355618878
    0.424460370  -10.355618878
    0.433278995  -10.355618878
    0.442097619  -10.355618878
    0.450916243  -10.355618878
    0.459734868  -10.355618878
    0.468553492  -10.355618878
    0.477372116  -10.355618878
    0.486190741  -10.355618878
    0.495009365  -10.355618878
    0.503827989  -10.355618878
    0.512646614  -10.355618878
    0.521465238  -10.355618878
    0.530283862  -10.355618878
    0.539102487  -10.355618878
    0.547921111  -10.355618878
    0.556739735  -10.355618878
    0.565558360  -10.355618878
    0.574376984  -10.355618878
    0.583195608  -10.355618878
    0.592014233  -10.355618878
    0.600832857  -10.355618878
    0.609651481  -10.355618878
    0.618470106  -10.355618878
    0.627288730  -10.355618878
    0.636107354  -10.355618878
    0.644925979  -10.355618878
    0.653744603  -10.355618878
    0.662563228  -10.355618878
    0.671381852  -10.355618878
    0.680200476  -10.355618878
    0.689019101  -10.355678044
    0.697837725  -10.355845211
    0.706656349  -10.356404820
    0.715474974  -10.357991072
    0.724293598  -10.362026756
    0.733112222  -10.371194702
    0.741930847  -10.389726291
    0.750749471  -10.424057965
    0.759568095  -10.483416161
    0.768386720  -10.582764840
    0.777205344  -10.748686335
    0.786023968  -11.036634025
    0.794842593  -11.564301866
    0.803661217  -12.553510004
    0.812479841  -14.285953866
    0.821298466  -16.851894314
    0.830117090  -19.981022777
    0.838935714  -23.243018427
    0.847754339  -26.262227549
    0.856572963  -28.787127929
    0.865391587  -30.692770090
    0.874210212  -31.961511375
    0.883028836  -32.648706098
    0.891847460  -32.841496257
    0.900666085  -32.629186536
    0.909484709  -32.105930258
    0.918303333  -31.415009125
    0.927121958  -30.810240606
    0.935940582  -30.708058395
    0.944759206  -31.384112249
    0.953577831  -32.513194987
    0.962396455  -33.612436123
    0.971215079  -34.497611710
    0.980033704  -35.176454002
    0.988852328  -35.671622143
    0.997670952  -35.958198006
    1.006489577  -35.981944922
    1.015308201  -35.725454769
    1.024126825  -35.240636531
    1.032945450  -34.629221566
    1.041764074  -33.985397847
    1.050582698  -33.320980947
    1.059401323  -32.535682952
    1.068219947  -31.536222015
    1.077038571  -30.358191578
    1.085857196  -29.122587539
    1.094675820  -27.906330827
    1.103494444  -26.708121962
    1.112313069  -25.534436561
    1.121131693  -24.457498389
    1.129950317  -23.579833851
    1.138768942  -22.956428216
    1.147587566  -22.558223368
    1.156406190  -22.277412025
    1.165224815  -21.976950061
    1.174043439  -21.547212259
    1.182862063  -20.927891260
    1.191680688  -20.122635594
    1.200499312  -19.196910918
    1.209317937  -18.282403550
    1.218136561  -17.565291612
    1.226955185  -17.206823027
    1.235773810  -17.218215343
    1.244592434  -17.446124117
    1.253411058  -17.692426077
    1.262229683  -17.828325487
    1.271048307  -17.851041364
    1.279866931  -17.866992369
    1.288685556  -18.007517222
    1.297504180  -18.334767035
    1.306322804  -18.803499411
    1.315141429  -19.289435346
    1.323960053  -19.657937486
    1.332778677  -19.834421766
    1.341597302  -19.828308869
    1.350415926  -19.681484037
    1.359234550  -19.418874711
    1.368053175  -19.023626523
    1.376871799  -18.468683873
    1.385690423  -17.765032104
    1.394509048  -16.964240007
    1.403327672  -16.130348611
    1.412146296  -15.308541129
    1.420964921  -14.519973262
    1.429783545  -13.792567628
    1.438602169  -13.182201966
    1.447420794  -12.764552313
    1.456239418  -12.586602664
    1.465058042  -12.633989293
    1.473876667  -12.824679559
    1.482695291  -13.036661060
    1.491513915  -13.176801606
    1.500332540  -13.242708355
    1.509151164  -13.332919568
    1.517969788  -13.574392533
    1.526788413  -14.021175391
    1.535607037  -14.598313875
    1.544425661  -15.135200068
    1.553244286  -15.479251254
    1.562062910  -15.606136167
    1.570881534  -15.632383378
    1.579700159  -15.720589799
    1.588518783  -15.967289921
    1.597337407  -16.344952574
    1.606156032  -16.740150030
    1.614974656  -17.056849513
    1.623793280  -17.317351847
    1.632611905  -17.651485987
    1.641430529  -18.170144817
    1.650249153  -18.853042642
    1.659067778  -19.559408449
    1.667886402  -20.133298712
    1.676705026  -20.479951468
    1.685523651  -20.592383009
    1.694342275  -20.522908230
    1.703160899  -20.344698447
    1.711979524  -20.137371520
    1.720798148  -19.989433578
    1.729616772  -19.983516821
    1.738435397  -20.162785665
    1.747254021  -20.505554004
    1.756072646  -20.906688332
    1.764891270  -21.215588978
    1.773709894  -21.341010311
    1.782528519  -21.308144652
    1.791347143  -21.179649970
    1.800165767  -20.987500948
    1.808984392  -20.771214957
    1.817803016  -20.568982862
    1.826621640  -20.345588244
    1.835440265  -20.030691494
    1.844258889  -19.606443566
    1.853077513  -19.127901841
    1.861896138  -18.688110307
    1.870714762  -18.384356238
    1.879533386  -18.292259127
    1.888352011  -18.418022182
    1.897170635  -18.688205389
    1.905989259  -18.996559953
    1.914807884  -19.248875842
    1.923626508  -19.378913356
    1.932445132  -19.361706026
    1.941263757  -19.245218124
    1.950082381  -19.149179900
    1.958901005  -19.202802691
    1.967719630  -19.436456871
    1.976538254  -19.752417236
    1.985356878  -20.006994576
    1.994175503  -20.104232225
    2.002994127  -20.026879290
    2.011812751  -19.859120102
    2.020631376  -19.773066269
    2.029450000  -19.889515973
    2.038268624  -20.140170739
    2.047087249  -20.336113366
    2.055905873  -20.368165615
    2.064724497  -20.297639753
    2.073543122  -20.284699217
    2.082361746  -20.481528872
    2.091180370  -20.954875473
    2.099998995  -21.663972404
    2.108817619  -22.468511887
    2.117636243  -23.179699519
    2.126454868  -23.666860041
    2.135273492  -23.927199866
    2.144092116  -24.059851701
    2.152910741  -24.171289719
    2.161729365  -24.298047690
    2.170547989  -24.396316309
    2.179366614  -24.415870225
    2.188185238  -24.385078260
    2.197003862  -24.432307292
    2.205822487  -24.718750410
    2.214641111  -25.322985459
    2.223459735  -26.150997874
    2.232278360  -26.948581643
    2.241096984  -27.444307701
    2.249915608  -27.525835630
    2.258734233  -27.292137955
    2.267552857  -26.942281023
    2.276371481  -26.632579132
    2.285190106  -26.414119331
    2.294008730  -26.250291779
    2.302827354  -26.090185801
    2.311645979  -25.920855338
    2.320464603  -25.774272472
    2.329283228  -25.688655926
    2.338101852  -25.649322104
    2.346920476  -25.574151469
    2.355739101  -25.349995586
    2.364557725  -24.915644899
    2.373376349  -24.301528173
    2.382194974  -23.593138017
    2.391013598  -22.862335586
    2.399832222  -22.132332399
    2.408650847  -21.416020363
    2.417469471  -20.760261617
    2.426288095  -20.231854296
    2.435106720  -19.866991297
    2.443925344  -19.653326568
    2.452743968  -19.499607765
    2.461562593  -19.252850955
    2.470381217  -18.784138681
    2.479199841  -18.102960982
    2.488018466  -17.356196371
    2.496837090  -16.726392359
    2.505655714  -16.307690793
    2.514474339  -16.074475677
    2.523292963  -15.909426924
    2.532111587  -15.666514944
    2.540930212  -15.250237314
    2.549748836  -14.657742840
    2.558567460  -13.972432509
    2.567386085  -13.304857874
    2.576204709  -12.731548351
    2.585023333  -12.267143258
    2.593841958  -11.896762986
    2.602660582  -11.611544550
    2.611479206  -11.416880774
    2.620297831  -11.323843485
    2.629116455  -11.333855970
    2.637935079  -11.436124967
    2.646753704  -11.605021491
    2.655572328  -11.794284131
    2.664390952  -11.933912690
    2.673209577  -11.964458282
    2.682028201  -11.887506879
    2.690846825  -11.778697090
    2.699665450  -11.717097098
    2.708484074  -11.707253990
    2.717302698  -11.688476039
    2.726121323  -11.610060645
    2.734939947  -11.479998983
    2.743758571  -11.350113114
    2.752577196  -11.268283456
    2.761395820  -11.248660189
    2.770214444  -11.276101868
    2.779033069  -11.333164479
    2.787851693  -11.421242882
    2.796670317  -11.552388013
    2.805488942  -11.727416274
    2.814307566  -11.924725848
    2.823126190  -12.118621128
    2.831944815  -12.301253235
    2.840763439  -12.488305796
    2.849582063  -12.709662907
    2.858400688  -12.985831218
    2.867219312  -13.291945014
    2.876037937  -13.536023695
    2.884856561  -13.589048085
    2.893675185  -13.380601748
    2.902493810  -12.974655429
    2.911312434  -12.539010551
    2.920131058  -12.226680996
    2.928949683  -12.091621225
    2.937768307  -12.098129116
    2.946586931  -12.161352830
    2.955405556  -12.191428337
    2.964224180  -12.145105193
    2.973042804  -12.047315666
    2.981861429  -11.952856283
    2.990680053  -11.890971281
    2.999498677  -11.845379779
    3.008317302  -11.768260098
    3.017135926  -11.619176735
    3.025954550  -11.398434951
    3.034773175  -11.151382787
    3.043591799  -10.934232613
    3.052410423  -10.779417799
    3.061229048  -10.688311296
    3.070047672  -10.641304755
    3.078866296  -10.611649972
    3.087684921  -10.577651131
    3.096503545  -10.532369951
    3.105322169  -10.481787498
    3.114140794  -10.436083916
    3.122959418  -10.401493001
    3.131778042  -10.379014550
    3.140596667  -10.366286763
    3.149415291  -10.359942312
    3.158233915  -10.357171899
    3.167052540  -10.356112369
    3.175871164  -10.355757448
    3.184689788  -10.355618878
    3.193508413  -10.355618878
    3.202327037  -10.355618878
    3.211145661  -10.355618878
    3.219964286  -10.355618878
    3.228782910  -10.355618878
    3.237601534  -10.355618878
    3.246420159  -10.355618878
    3.255238783  -10.355618878
    3.264057407  -10.355618878
    3.272876032  -10.355618878
    3.281694656  -10.355618878
    3.290513280  -10.355618878
    3.299331905  -10.355618878
    3.308150529  -10.355618878
    3.316969153  -10.355618878
    3.325787778  -10.355618878
    3.334606402  -10.355618878
    3.343425026  -10.355618878
    3.352243651  -10.355618878
    3.361062275  -10.355618878
    3.369880899  -10.355618878
    3.378699524  -10.355618878
    3.387518148  -10.355618878
    3.396336772  -10.355618878
    3.405155397  -10.355618878
    3.413974021  -10.355618878
    3.422792646  -10.355618878
    3.431611270  -10.355618878
    3.440429894  -10.355618878
    3.449248519  -10.355618878
    3.458067143  -10.355618878
    3.466885767  -10.355618878
    3.475704392  -10.355618878
    3.484523016  -10.355618878
    3.493341640  -10.355618878
    3.502160265  -10.355618878
    3.510978889  -10.355618878
    3.519797513  -10.355618878
    3.528616138  -10.355618878
    3.537434762  -10.355618878
    3.546253386  -10.355618878
    3.555072011  -10.355618878
    3.563890635  -10.355618878
    3.572709259  -10.355618878
    3.581527884  -10.355618878
    3.590346508  -10.355618878
    3.599165132  -10.355618878
    3.607983757  -10.355618878
    3.616802381  -10.355618878
    3.625621005  -10.355618878
    3.634439630  -10.355618878
    3.643258254  -10.355618878
    3.652076878  -10.355618878
    3.660895503  -10.355618878
    3.669714127  -10.355618878
    3.678532751  -10.355618878
    3.687351376  -10.355618878
    3.696170000  -10.355618878
