#! FIELDS pp.proj projection
#! SET min_pp.proj 0.36273
#! SET max_pp.proj 3.69617
#! SET nbins_pp.proj  379
#! SET periodic_pp.proj false
    0.362730000  -10.355618878
    0.371548624  -10.355618878
    0.380367249  -10.355618878
    0.389185873  -10.355618878
    0.398004497  -10.355618878
    0.406823122  -10.355618878
    0.415641746  -10.355618878
    0.424460370  -10.355618878
    0.433278995  -10.355618878
    0.442097619  -10.355618878
    0.450916243  -10.355618878
    0.459734868  -10.355618878
    0.468553492  -10.355618878
    0.477372116  -10.355618878
    0.486190741  -10.355618878
    0.495009365  -10.355618878
    0.503827989  -10.355618878
    0.512646614  -10.355618878
    0.521465238  -10.355618878
    0.530283862  -10.355618878
    0.539102487  -10.355618878
    0.547921111  -10.355618878
    0.556739735  -10.355618878
    0.565558360  -10.355618878
    0.574376984  -10.355618878
    0.583195608  -10.355618878
    0.592014233  -10.355618878
    0.600832857  -10.355618878
    0.609651481  -10.355618878
    0.618470106  -10.355618878
    0.627288730  -10.355654167
    0.636107354  -10.355853212
    0.644925979  -10.356492008
    0.653744603  -10.358723547
    0.662563228  -10.364955277
    0.671381852  -10.380770905
    0.680200476  -10.417086073
    0.689019101  -10.493578912
    0.697837725  -10.643926980
    0.706656349  -10.924643785
    0.715474974  -11.425996148
    0.724293598  -12.266120810
    0.733112222  -13.526981949
    0.741930847  -15.156049611
    0.750749471  -16.981531306
    0.759568095  -18.847297528
    0.768386720  -20.688637110
    0.777205344  -22.489844566
    0.786023968  -24.200680400
    0.794842593  -25.702053334
    0.803661217  -26.879191472
    0.812479841  -27.794069428
    0.821298466  -28.847871417
    0.830117090  -30.587633718
    0.838935714  -33.096352065
    0.847754339  -35.991940991
    0.856572963  -38.907132645
    0.865391587  -41.666964472
    0.874210212  -44.269998762
    0.883028836  -46.811455930
    0.891847460  -49.383997076
    0.900666085  -51.997387970
    0.909484709  -54.576430580
    0.918303333  -57.014430153
    0.927121958  -59.234793834
    0.935940582  -61.216957511
    0.944759206  -62.967532131
    0.953577831  -64.469838722
    0.962396455  -65.642203640
    0.971215079  -66.370995755
    0.980033704  -66.620418294
    0.988852328  -66.530991889
    0.997670952  -66.410588743
    1.006489577  -66.597501884
    1.015308201  -67.256061665
    1.024126825  -68.312569904
    1.032945450  -69.569066762
    1.041764074  -70.847857913
    1.050582698  -72.058857934
    1.059401323  -73.201166330
    1.068219947  -74.314419012
    1.077038571  -75.405040545
    1.085857196  -76.425050212
    1.094675820  -77.326574899
    1.103494444  -78.126202127
    1.112313069  -78.894440666
    1.121131693  -79.692643289
    1.129950317  -80.541528747
    1.138768942  -81.383869885
    1.147587566  -82.094361722
    1.156406190  -82.596453648
    1.165224815  -82.939301756
    1.174043439  -83.257770482
    1.182862063  -83.657790887
    1.191680688  -84.173679910
    1.200499312  -84.765062268
    1.209317937  -85.371742304
    1.218136561  -85.945888488
    1.226955185  -86.481197484
    1.235773810  -87.020860495
    1.244592434  -87.606575910
    1.253411058  -88.219551236
    1.262229683  -88.747472452
    1.271048307  -89.064242621
    1.279866931  -89.134513726
    1.288685556  -89.044364860
    1.297504180  -88.917034284
    1.306322804  -88.781491389
    1.315141429  -88.534285816
    1.323960053  -88.023483035
    1.332778677  -87.199497024
    1.341597302  -86.165017082
    1.350415926  -85.096898523
    1.359234550  -84.083181237
    1.368053175  -83.058417818
    1.376871799  -81.878579454
    1.385690423  -80.471737328
    1.394509048  -78.894129196
    1.403327672  -77.304501830
    1.412146296  -75.928536357
    1.420964921  -74.985359123
    1.429783545  -74.562601530
    1.438602169  -74.567465929
    1.447420794  -74.843141271
    1.456239418  -75.285247286
    1.465058042  -75.811579966
    1.473876667  -76.321848093
    1.482695291  -76.752598804
    1.491513915  -77.099855152
    1.500332540  -77.368156041
    1.509151164  -77.534383767
    1.517969788  -77.592221768
    1.526788413  -77.577930652
    1.535607037  -77.543331682
    1.544425661  -77.507320524
    1.553244286  -77.456510182
    1.562062910  -77.379650368
    1.570881534  -77.292631655
    1.579700159  -77.228348589
    1.588518783  -77.176426769
    1.597337407  -77.094410009
    1.606156032  -76.946226380
    1.614974656  -76.707110638
    1.623793280  -76.333807206
    1.632611905  -75.790540977
    1.641430529  -75.108558160
    1.650249153  -74.389959549
    1.659067778  -73.709233549
    1.667886402  -73.071006377
    1.676705026  -72.453738975
    1.685523651  -71.867982067
    1.694342275  -71.339732206
    1.703160899  -70.869805630
    1.711979524  -70.417012769
    1.720798148  -69.923378513
    1.729616772  -69.379843705
    1.738435397  -68.843176086
    1.747254021  -68.393979534
    1.756072646  -68.084673822
    1.764891270  -67.886612763
    1.773709894  -67.685563539
    1.782528519  -67.376507306
    1.791347143  -66.961366548
    1.800165767  -66.529203301
    1.808984392  -66.171364604
    1.817803016  -65.921226999
    1.826621640  -65.769235845
    1.835440265  -65.713073074
    1.844258889  -65.773539407
    1.853077513  -65.938472055
    1.861896138  -66.144960774
    1.870714762  -66.325241710
    1.879533386  -66.474930874
    1.888352011  -66.650818611
    1.897170635  -66.919218492
    1.905989259  -67.300839253
    1.914807884  -67.797969976
    1.923626508  -68.463455680
    1.932445132  -69.434392867
    1.941263757  -70.816938218
    1.950082381  -72.549244184
    1.958901005  -74.412244107
    1.967719630  -76.135540988
    1.976538254  -77.507844059
    1.985356878  -78.427394295
    1.994175503  -78.930081092
    2.002994127  -79.142506864
    2.011812751  -79.188077385
    2.020631376  -79.128460908
    2.029450000  -78.961880512
    2.038268624  -78.659151210
    2.047087249  -78.194421452
    2.055905873  -77.553771885
    2.064724497  -76.736299275
    2.073543122  -75.793629584
    2.082361746  -74.825044413
    2.091180370  -73.940744284
    2.099998995  -73.171649351
    2.108817619  -72.447502608
    2.117636243  -71.677219829
    2.126454868  -70.864886851
    2.135273492  -70.143770164
    2.144092116  -69.658897874
    2.152910741  -69.434509855
    2.161729365  -69.360488701
    2.170547989  -69.295149694
    2.179366614  -69.162284171
    2.188185238  -68.977584173
    2.197003862  -68.821475181
    2.205822487  -68.770413845
    2.214641111  -68.828884367
    2.223459735  -68.922657781
    2.232278360  -68.948960891
    2.241096984  -68.862297264
    2.249915608  -68.707089450
    2.258734233  -68.576277049
    2.267552857  -68.540850826
    2.276371481  -68.598561310
    2.285190106  -68.682028082
    2.294008730  -68.697930457
    2.302827354  -68.615781312
    2.311645979  -68.497710957
    2.320464603  -68.445145229
    2.329283228  -68.504349305
    2.338101852  -68.624349585
    2.346920476  -68.690091552
    2.355739101  -68.602299220
    2.364557725  -68.365177051
    2.373376349  -68.079959957
    2.382194974  -67.843740909
    2.391013598  -67.668788010
    2.399832222  -67.500303124
    2.408650847  -67.291570794
    2.417469471  -67.056158388
    2.426288095  -66.853141210
    2.435106720  -66.726945438
    2.443925344  -66.682248352
    2.452743968  -66.685975910
    2.461562593  -66.717410431
    2.470381217  -66.772488437
    2.479199841  -66.850607929
    2.488018466  -66.948281547
    2.496837090  -67.064108026
    2.505655714  -67.184359061
    2.514474339  -67.282621733
    2.523292963  -67.329633637
    2.532111587  -67.309324635
    2.540930212  -67.229562857
    2.549748836  -67.108162912
    2.558567460  -66.967942560
    2.567386085  -66.833946310
    2.576204709  -66.723656343
    2.585023333  -66.638508728
    2.593841958  -66.574732799
    2.602660582  -66.541827308
    2.611479206  -66.564578225
    2.620297831  -66.654469769
    2.629116455  -66.780424595
    2.637935079  -66.874293005
    2.646753704  -66.862458153
    2.655572328  -66.708694783
    2.664390952  -66.435364739
    2.673209577  -66.112249019
    2.682028201  -65.793160572
    2.690846825  -65.520580493
    2.699665450  -65.338276467
    2.708484074  -65.272219310
    2.717302698  -65.300047745
    2.726121323  -65.356157924
    2.734939947  -65.371308657
    2.743758571  -65.308753888
    2.752577196  -65.172253221
    2.761395820  -65.022369100
    2.770214444  -64.947176597
    2.779033069  -64.983205592
    2.787851693  -65.072431479
    2.796670317  -65.136344709
    2.805488942  -65.156463746
    2.814307566  -65.147747629
    2.823126190  -65.094624516
    2.831944815  -64.976977287
    2.840763439  -64.794927809
    2.849582063  -64.571474763
    2.858400688  -64.342768977
    2.867219312  -64.155857636
    2.876037937  -64.056632311
    2.884856561  -64.056354493
    2.893675185  -64.107381703
    2.902493810  -64.118895513
    2.911312434  -64.025274524
    2.920131058  -63.851354882
    2.928949683  -63.686705322
    2.937768307  -63.613166821
    2.946586931  -63.649208639
    2.955405556  -63.747502244
    2.964224180  -63.812801788
    2.973042804  -63.762436696
    2.981861429  -63.588186522
    2.990680053  -63.369248006
    2.999498677  -63.202234943
    3.008317302  -63.143889616
    3.017135926  -63.191876639
    3.025954550  -63.313708935
    3.034773175  -63.475537936
    3.043591799  -63.645596798
    3.052410423  -63.770742329
    3.061229048  -63.797149308
    3.070047672  -63.717263865
    3.078866296  -63.606617379
    3.087684921  -63.583873659
    3.096503545  -63.709622560
    3.105322169  -63.926189936
    3.114140794  -64.125323707
    3.122959418  -64.224926703
    3.131778042  -64.211441499
    3.140596667  -64.141213803
    3.149415291  -64.095891273
    3.158233915  -64.109041948
    3.167052540  -64.150486840
    3.175871164  -64.175377534
    3.184689788  -64.146147748
    3.193508413  -64.081991629
    3.202327037  -64.050476720
    3.211145661  -64.100353104
    3.219964286  -64.220238320
    3.228782910  -64.349107722
    3.237601534  -64.423025983
    3.246420159  -64.428672939
    3.255238783  -64.394551727
    3.264057407  -64.373812049
    3.272876032  -64.404964634
    3.281694656  -64.477913583
    3.290513280  -64.531865510
    3.299331905  -64.510076594
    3.308150529  -64.396600291
    3.316969153  -64.235894641
    3.325787778  -64.105540604
    3.334606402  -64.058840902
    3.343425026  -64.099194166
    3.352243651  -64.193043504
    3.361062275  -64.296293471
    3.369880899  -64.373249006
    3.378699524  -64.389304155
    3.387518148  -64.330625576
    3.396336772  -64.200093162
    3.405155397  -64.017501185
    3.413974021  -63.823227294
    3.422792646  -63.666761881
    3.431611270  -63.562506844
    3.440429894  -63.492678393
    3.449248519  -63.450292418
    3.458067143  -63.462200180
    3.466885767  -63.549685084
    3.475704392  -63.700736406
    3.484523016  -63.877418458
    3.493341640  -64.011606675
    3.502160265  -63.963768395
    3.510978889  -63.527222751
    3.519797513  -62.490348508
    3.528616138  -60.673639741
    3.537434762  -57.916314863
    3.546253386  -54.050161949
    3.555072011  -48.950489666
    3.563890635  -42.669515587
    3.572709259  -35.569468919
    3.581527884  -28.314526758
    3.590346508  -21.703465834
    3.599165132  -16.480729146
    3.607983757  -13.153021540
    3.616802381  -11.525465885
    3.625621005  -10.839444563
    3.634439630  -10.553958828
    3.643258254  -10.434161713
    3.652076878  -10.384467119
    3.660895503  -10.365039969
    3.669714127  -10.358231300
    3.678532751  -10.356231280
    3.687351376  -10.355768003
    3.696170000  -10.355618878
