#! FIELDS pp.proj projection
#! SET min_pp.proj 0.36273
#! SET max_pp.proj 3.69617
#! SET nbins_pp.proj  379
#! SET periodic_pp.proj false
    0.362730000  -10.355618878
    0.371548624  -10.355618878
    0.380367249  -10.355618878
    0.389185873  -10.355618878
    0.398004497  -10.355618878
    0.406823122  -10.355618878
    0.415641746  -10.355618878
    0.424460370  -10.355618878
    0.433278995  -10.355618878
    0.442097619  -10.355618878
    0.450916243  -10.355618878
    0.459734868  -10.355618878
    0.468553492  -10.355618878
    0.477372116  -10.355618878
    0.486190741  -10.355618878
    0.495009365  -10.355618878
    0.503827989  -10.355618878
    0.512646614  -10.355618878
    0.521465238  -10.355618878
    0.530283862  -10.355618878
    0.539102487  -10.355618878
    0.547921111  -10.355618878
    0.556739735  -10.355618878
    0.565558360  -10.355618878
    0.574376984  -10.355618878
    0.583195608  -10.355618878
    0.592014233  -10.355618878
    0.600832857  -10.355618878
    0.609651481  -10.355618878
    0.618470106  -10.355618878
    0.627288730  -10.355654167
    0.636107354  -10.355853212
    0.644925979  -10.356492008
    0.653744603  -10.358723547
    0.662563228  -10.364955277
    0.671381852  -10.380770905
    0.680200476  -10.417086073
    0.689019101  -10.493578912
    0.697837725  -10.643926980
    0.706656349  -10.924643785
    0.715474974  -11.425996148
    0.724293598  -12.266120810
    0.733112222  -13.526981949
    0.741930847  -15.156049611
    0.750749471  -16.981531306
    0.759568095  -18.847297528
    0.768386720  -20.688637110
    0.777205344  -22.489844566
    0.786023968  -24.200680400
    0.794842593  -25.702053334
    0.803661217  -26.879191472
    0.812479841  -27.794069428
    0.821298466  -28.847842659
    0.830117090  -30.587557122
    0.838935714  -33.096183235
    0.847754339  -35.991615629
    0.856572963  -38.906538274
    0.865391587  -41.665968574
    0.874210212  -44.268542508
    0.883028836  -46.809751076
    0.891847460  -49.382451842
    0.900666085  -51.996208999
    0.909484709  -54.575543062
    0.918303333  -57.013580650
    0.927121958  -59.233473665
    0.935940582  -61.214037535
    0.944759206  -62.960547518
    0.953577831  -64.453446266
    0.962396455  -65.605709655
    0.971215079  -66.294835650
    0.980033704  -66.471257515
    0.988852328  -66.254731492
    0.997670952  -65.922614599
    1.006489577  -65.780694409
    1.015308201  -65.989498536
    1.024126825  -66.497919773
    1.032945450  -67.095360063
    1.041764074  -67.536122625
    1.050582698  -67.632114363
    1.059401323  -67.308127165
    1.068219947  -66.599259191
    1.077038571  -65.620475365
    1.085857196  -64.515329915
    1.094675820  -63.426064248
    1.103494444  -62.504287436
    1.112313069  -61.870008618
    1.121131693  -61.517563888
    1.129950317  -61.340152327
    1.138768942  -61.247117685
    1.147587566  -61.188796949
    1.156406190  -61.148492091
    1.165224815  -61.156355710
    1.174043439  -61.289829665
    1.182862063  -61.602645758
    1.191680688  -62.057853812
    1.200499312  -62.553611695
    1.209317937  -63.016926719
    1.218136561  -63.446642494
    1.226955185  -63.838092315
    1.235773810  -64.108750045
    1.244592434  -64.157421449
    1.253411058  -63.949214851
    1.262229683  -63.543905225
    1.271048307  -63.060240137
    1.279866931  -62.618820032
    1.288685556  -62.282036446
    1.297504180  -62.044931704
    1.306322804  -61.872748512
    1.315141429  -61.735526724
    1.323960053  -61.586182981
    1.332778677  -61.373266046
    1.341597302  -61.059867796
    1.350415926  -60.648028075
    1.359234550  -60.178480327
    1.368053175  -59.702301544
    1.376871799  -59.241608365
    1.385690423  -58.780275462
    1.394509048  -58.285250596
    1.403327672  -57.721770699
    1.412146296  -57.063434267
    1.420964921  -56.307662037
    1.429783545  -55.502007021
    1.438602169  -54.723935130
    1.447420794  -54.040385928
    1.456239418  -53.472346152
    1.465058042  -52.995870787
    1.473876667  -52.550681414
    1.482695291  -52.072541364
    1.491513915  -51.538381152
    1.500332540  -50.963075699
    1.509151164  -50.368936547
    1.517969788  -49.765475888
    1.526788413  -49.148123611
    1.535607037  -48.505016028
    1.544425661  -47.834303185
    1.553244286  -47.164436304
    1.562062910  -46.547767799
    1.570881534  -45.999021814
    1.579700159  -45.431105700
    1.588518783  -44.709089121
    1.597337407  -43.784691108
    1.606156032  -42.766298682
    1.614974656  -41.845466600
    1.623793280  -41.159387409
    1.632611905  -40.747932890
    1.641430529  -40.583501956
    1.650249153  -40.584480381
    1.659067778  -40.622743031
    1.667886402  -40.571677130
    1.676705026  -40.372674742
    1.685523651  -40.070152352
    1.694342275  -39.770290389
    1.703160899  -39.563733393
    1.711979524  -39.484966545
    1.720798148  -39.517753745
    1.729616772  -39.628229873
    1.738435397  -39.777597689
    1.747254021  -39.947382496
    1.756072646  -40.167108696
    1.764891270  -40.468609683
    1.773709894  -40.796261673
    1.782528519  -41.021414498
    1.791347143  -41.067171634
    1.800165767  -41.003001895
    1.808984392  -41.004293730
    1.817803016  -41.184197638
    1.826621640  -41.459785798
    1.835440265  -41.643077876
    1.844258889  -41.622801916
    1.853077513  -41.415341722
    1.861896138  -41.125045983
    1.870714762  -40.874466487
    1.879533386  -40.735298907
    1.888352011  -40.701635312
    1.897170635  -40.716144332
    1.905989259  -40.716016199
    1.914807884  -40.653235146
    1.923626508  -40.509489763
    1.932445132  -40.329770651
    1.941263757  -40.205584095
    1.950082381  -40.183835221
    1.958901005  -40.213686348
    1.967719630  -40.182699703
    1.976538254  -40.008086381
    1.985356878  -39.692571758
    1.994175503  -39.331905152
    2.002994127  -39.082676283
    2.011812751  -39.118876615
    2.020631376  -39.518587220
    2.029450000  -40.164010718
    2.038268624  -40.792571850
    2.047087249  -41.141468297
    2.055905873  -41.075805993
    2.064724497  -40.639423559
    2.073543122  -40.031787124
    2.082361746  -39.500454117
    2.091180370  -39.219243804
    2.099998995  -39.196366003
    2.108817619  -39.303954857
    2.117636243  -39.380630284
    2.126454868  -39.335416279
    2.135273492  -39.193336264
    2.144092116  -39.042448709
    2.152910741  -38.953444661
    2.161729365  -38.925295873
    2.170547989  -38.878307745
    2.179366614  -38.712662412
    2.188185238  -38.391033180
    2.197003862  -37.984173768
    2.205822487  -37.624974348
    2.214641111  -37.405664999
    2.223459735  -37.312102791
    2.232278360  -37.237057068
    2.241096984  -37.069589372
    2.249915608  -36.781985294
    2.258734233  -36.424747964
    2.267552857  -36.056297541
    2.276371481  -35.688136552
    2.285190106  -35.299949964
    2.294008730  -34.890519055
    2.302827354  -34.519426120
    2.311645979  -34.266715712
    2.320464603  -34.178036475
    2.329283228  -34.245194278
    2.338101852  -34.413736849
    2.346920476  -34.598199358
    2.355739101  -34.696676422
    2.364557725  -34.642176876
    2.373376349  -34.433316138
    2.382194974  -34.114737409
    2.391013598  -33.749040122
    2.399832222  -33.399379396
    2.408650847  -33.134158347
    2.417469471  -33.014344222
    2.426288095  -33.065721433
    2.435106720  -33.243153588
    2.443925344  -33.423352459
    2.452743968  -33.440128270
    2.461562593  -33.214082287
    2.470381217  -32.801654017
    2.479199841  -32.356976894
    2.488018466  -32.040892973
    2.496837090  -31.958570641
    2.505655714  -32.119832993
    2.514474339  -32.447327528
    2.523292963  -32.779289863
    2.532111587  -32.927051522
    2.540930212  -32.759565473
    2.549748836  -32.244403086
    2.558567460  -31.464106868
    2.567386085  -30.590308854
    2.576204709  -29.805060868
    2.585023333  -29.203450050
    2.593841958  -28.773457309
    2.602660582  -28.458296990
    2.611479206  -28.216939600
    2.620297831  -28.031402130
    2.629116455  -27.883662536
    2.637935079  -27.752057058
    2.646753704  -27.610349801
    2.655572328  -27.431945661
    2.664390952  -27.199237556
    2.673209577  -26.945921410
    2.682028201  -26.747825672
    2.690846825  -26.695105469
    2.699665450  -26.840639523
    2.708484074  -27.158100110
    2.717302698  -27.531224231
    2.726121323  -27.788350567
    2.734939947  -27.778000913
    2.743758571  -27.461838801
    2.752577196  -26.949305829
    2.761395820  -26.439906293
    2.770214444  -26.120427768
    2.779033069  -26.081664183
    2.787851693  -26.301055457
    2.796670317  -26.664859081
    2.805488942  -27.025313625
    2.814307566  -27.259419845
    2.823126190  -27.326466461
    2.831944815  -27.299841937
    2.840763439  -27.309402184
    2.849582063  -27.455591962
    2.858400688  -27.758570358
    2.867219312  -28.164535792
    2.876037937  -28.576892367
    2.884856561  -28.899933862
    2.893675185  -29.083957102
    2.902493810  -29.152760390
    2.911312434  -29.193887362
    2.920131058  -29.300587620
    2.928949683  -29.497472056
    2.937768307  -29.707721538
    2.946586931  -29.785106739
    2.955405556  -29.602699835
    2.964224180  -29.149558572
    2.973042804  -28.576576549
    2.981861429  -28.130015777
    2.990680053  -28.007936892
    2.999498677  -28.249043304
    3.008317302  -28.742352392
    3.017135926  -29.309432107
    3.025954550  -29.767824623
    3.034773175  -29.982121934
    3.043591799  -29.927272029
    3.052410423  -29.697359461
    3.061229048  -29.418231299
    3.070047672  -29.144138547
    3.078866296  -28.871649233
    3.087684921  -28.587687413
    3.096503545  -28.277158781
    3.105322169  -27.929792963
    3.114140794  -27.579346525
    3.122959418  -27.304600345
    3.131778042  -27.203193598
    3.140596667  -27.344123006
    3.149415291  -27.720496260
    3.158233915  -28.232023345
    3.167052540  -28.730333225
    3.175871164  -29.081890514
    3.184689788  -29.215609876
    3.193508413  -29.173467264
    3.202327037  -29.105007618
    3.211145661  -29.152439577
    3.219964286  -29.328093961
    3.228782910  -29.512410164
    3.237601534  -29.591992718
    3.246420159  -29.532294403
    3.255238783  -29.317117929
    3.264057407  -28.915508841
    3.272876032  -28.348101901
    3.281694656  -27.723221262
    3.290513280  -27.173754318
    3.299331905  -26.783727277
    3.308150529  -26.562953732
    3.316969153  -26.464054227
    3.325787778  -26.399385745
    3.334606402  -26.280283603
    3.343425026  -26.074065634
    3.352243651  -25.823147419
    3.361062275  -25.612649784
    3.369880899  -25.508705528
    3.378699524  -25.508628193
    3.387518148  -25.547031808
    3.396336772  -25.535615537
    3.405155397  -25.403864600
    3.413974021  -25.144109339
    3.422792646  -24.822621266
    3.431611270  -24.556420705
    3.440429894  -24.465757635
    3.449248519  -24.621016799
    3.458067143  -25.003372909
    3.466885767  -25.472265599
    3.475704392  -25.789286112
    3.484523016  -25.686720529
    3.493341640  -24.979593356
    3.502160265  -23.621530194
    3.510978889  -21.697734189
    3.519797513  -19.385259328
    3.528616138  -16.948949050
    3.537434762  -14.716302714
    3.546253386  -12.973007436
    3.555072011  -11.813795939
    3.563890635  -11.129333655
    3.572709259  -10.751570435
    3.581527884  -10.549978613
    3.590346508  -10.445647252
    3.599165132  -10.394706755
    3.607983757  -10.371179071
    3.616802381  -10.361213857
    3.625621005  -10.357329298
    3.634439630  -10.356070202
    3.643258254  -10.355746080
    3.652076878  -10.355618878
    3.660895503  -10.355618878
    3.669714127  -10.355618878
    3.678532751  -10.355618878
    3.687351376  -10.355618878
    3.696170000  -10.355618878
