#! FIELDS pp.proj projection
#! SET min_pp.proj 0.36273
#! SET max_pp.proj 3.69617
#! SET nbins_pp.proj  379
#! SET periodic_pp.proj false
    0.362730000  -10.355618878
    0.371548624  -10.355618878
    0.380367249  -10.355618878
    0.389185873  -10.355618878
    0.398004497  -10.355618878
    0.406823122  -10.355618878
    0.415641746  -10.355618878
    0.424460370  -10.355618878
    0.433278995  -10.355618878
    0.442097619  -10.355618878
    0.450916243  -10.355618878
    0.459734868  -10.355618878
    0.468553492  -10.355618878
    0.477372116  -10.355618878
    0.486190741  -10.355618878
    0.495009365  -10.355618878
    0.503827989  -10.355618878
    0.512646614  -10.355618878
    0.521465238  -10.355618878
    0.530283862  -10.355618878
    0.539102487  -10.355618878
    0.547921111  -10.355618878
    0.556739735  -10.355618878
    0.565558360  -10.355618878
    0.574376984  -10.355618878
    0.583195608  -10.355618878
    0.592014233  -10.355618878
    0.600832857  -10.355618878
    0.609651481  -10.355618878
    0.618470106  -10.355618878
    0.627288730  -10.355654167
    0.636107354  -10.355853212
    0.644925979  -10.356492008
    0.653744603  -10.358723547
    0.662563228  -10.364955277
    0.671381852  -10.380770905
    0.680200476  -10.417086073
    0.689019101  -10.493578912
    0.697837725  -10.643926980
    0.706656349  -10.924643785
    0.715474974  -11.425996148
    0.724293598  -12.266120810
    0.733112222  -13.526981949
    0.741930847  -15.156049611
    0.750749471  -16.981531306
    0.759568095  -18.847297528
    0.768386720  -20.688637110
    0.777205344  -22.489844566
    0.786023968  -24.200680400
    0.794842593  -25.702053334
    0.803661217  -26.879191472
    0.812479841  -27.794069428
    0.821298466  -28.847871417
    0.830117090  -30.587633718
    0.838935714  -33.096352065
    0.847754339  -35.991940991
    0.856572963  -38.907132645
    0.865391587  -41.666964472
    0.874210212  -44.269998762
    0.883028836  -46.811455930
    0.891847460  -49.383997076
    0.900666085  -51.997387970
    0.909484709  -54.576430580
    0.918303333  -57.014430153
    0.927121958  -59.234793834
    0.935940582  -61.216957511
    0.944759206  -62.967532131
    0.953577831  -64.469838722
    0.962396455  -65.642203640
    0.971215079  -66.370995755
    0.980033704  -66.620418294
    0.988852328  -66.530991889
    0.997670952  -66.410588743
    1.006489577  -66.597501884
    1.015308201  -67.256061665
    1.024126825  -68.312569904
    1.032945450  -69.569066762
    1.041764074  -70.847857913
    1.050582698  -72.058857934
    1.059401323  -73.201166330
    1.068219947  -74.314419012
    1.077038571  -75.405040545
    1.085857196  -76.425050212
    1.094675820  -77.326574899
    1.103494444  -78.126202127
    1.112313069  -78.894440666
    1.121131693  -79.692643289
    1.129950317  -80.541528747
    1.138768942  -81.383869885
    1.147587566  -82.094361722
    1.156406190  -82.596453648
    1.165224815  -82.939301756
    1.174043439  -83.257770482
    1.182862063  -83.657790887
    1.191680688  -84.173679910
    1.200499312  -84.765062268
    1.209317937  -85.371742304
    1.218136561  -85.945888488
    1.226955185  -86.481197484
    1.235773810  -87.020860495
    1.244592434  -87.606575910
    1.253411058  -88.219551236
    1.262229683  -88.747472452
    1.271048307  -89.064242621
    1.279866931  -89.134513726
    1.288685556  -89.044364860
    1.297504180  -88.917034284
    1.306322804  -88.781491389
    1.315141429  -88.534285816
    1.323960053  -88.023483035
    1.332778677  -87.199497024
    1.341597302  -86.165017082
    1.350415926  -85.096898523
    1.359234550  -84.083181237
    1.368053175  -83.058417818
    1.376871799  -81.878579454
    1.385690423  -80.471737328
    1.394509048  -78.894129196
    1.403327672  -77.304501830
    1.412146296  -75.928536357
    1.420964921  -74.985359123
    1.429783545  -74.562601530
    1.438602169  -74.567465929
    1.447420794  -74.843141271
    1.456239418  -75.285247286
    1.465058042  -75.811579966
    1.473876667  -76.321848093
    1.482695291  -76.752598804
    1.491513915  -77.099855152
    1.500332540  -77.368156041
    1.509151164  -77.534383767
    1.517969788  -77.592221768
    1.526788413  -77.577930652
    1.535607037  -77.543331682
    1.544425661  -77.507320524
    1.553244286  -77.456510182
    1.562062910  -77.379650368
    1.570881534  -77.292631655
    1.579700159  -77.228348589
    1.588518783  -77.176426769
    1.597337407  -77.094410009
    1.606156032  -76.946226380
    1.614974656  -76.707110638
    1.623793280  -76.333807206
    1.632611905  -75.790540977
    1.641430529  -75.108558160
    1.650249153  -74.389959549
    1.659067778  -73.709233549
    1.667886402  -73.071006377
    1.676705026  -72.453738975
    1.685523651  -71.867982067
    1.694342275  -71.339732206
    1.703160899  -70.869805630
    1.711979524  -70.417012769
    1.720798148  -69.923378513
    1.729616772  -69.379843705
    1.738435397  -68.843176086
    1.747254021  -68.393979534
    1.756072646  -68.084673822
    1.764891270  -67.886612763
    1.773709894  -67.685563539
    1.782528519  -67.376507306
    1.791347143  -66.961366548
    1.800165767  -66.529203301
    1.808984392  -66.171364604
    1.817803016  -65.921226999
    1.826621640  -65.769235845
    1.835440265  -65.713073074
    1.844258889  -65.773539407
    1.853077513  -65.938472055
    1.861896138  -66.144960774
    1.870714762  -66.325241710
    1.879533386  -66.474930874
    1.888352011  -66.650818611
    1.897170635  -66.919218492
    1.905989259  -67.300839253
    1.914807884  -67.797969976
    1.923626508  -68.463455680
    1.932445132  -69.434392867
    1.941263757  -70.816938218
    1.950082381  -72.549244184
    1.958901005  -74.412244107
    1.967719630  -76.135540988
    1.976538254  -77.507844059
    1.985356878  -78.427394295
    1.994175503  -78.930081092
    2.002994127  -79.142506864
    2.011812751  -79.188077385
    2.020631376  -79.128460908
    2.029450000  -78.961880512
    2.038268624  -78.659151210
    2.047087249  -78.194432544
    2.055905873  -77.553837175
    2.064724497  -76.736577726
    2.073543122  -75.794589326
    2.082361746  -74.828035785
    2.091180370  -73.948977726
    2.099998995  -73.191773302
    2.108817619  -72.491063974
    2.117636243  -71.760896149
    2.126454868  -71.008254538
    2.135273492  -70.364910536
    2.144092116  -69.970660105
    2.152910741  -69.844538000
    2.161729365  -69.873317429
    2.170547989  -69.915091946
    2.179366614  -69.897560849
    2.188185238  -69.842448646
    2.197003862  -69.830063325
    2.205822487  -69.926012772
    2.214641111  -70.118213217
    2.223459735  -70.317702644
    2.232278360  -70.414583186
    2.241096984  -70.369553031
    2.249915608  -70.250196573
    2.258734233  -70.180145435
    2.267552857  -70.244912392
    2.276371481  -70.420250959
    2.285190106  -70.586881666
    2.294008730  -70.607703646
    2.302827354  -70.446673575
    2.311645979  -70.198419150
    2.320464603  -70.007405027
    2.329283228  -69.948970493
    2.338101852  -69.990849741
    2.346920476  -70.036269286
    2.355739101  -69.991628116
    2.364557725  -69.842885821
    2.373376349  -69.658616862
    2.382194974  -69.509581320
    2.391013598  -69.399496260
    2.399832222  -69.277080318
    2.408650847  -69.099213572
    2.417469471  -68.878435361
    2.426288095  -68.671682339
    2.435106720  -68.524225771
    2.443925344  -68.445686021
    2.452743968  -68.405290792
    2.461562593  -68.381100792
    2.470381217  -68.373079208
    2.479199841  -68.398750230
    2.488018466  -68.479412544
    2.496837090  -68.630014175
    2.505655714  -68.836091871
    2.514474339  -69.054163000
    2.523292963  -69.224661469
    2.532111587  -69.301094454
    2.540930212  -69.273709116
    2.549748836  -69.162272747
    2.558567460  -69.004723386
    2.567386085  -68.846408486
    2.576204709  -68.723497689
    2.585023333  -68.653231707
    2.593841958  -68.638068398
    2.602660582  -68.676424019
    2.611479206  -68.767865622
    2.620297831  -68.897160303
    2.629116455  -69.019022743
    2.637935079  -69.078548082
    2.646753704  -69.040117085
    2.655572328  -68.900683453
    2.664390952  -68.687784917
    2.673209577  -68.452099253
    2.682028201  -68.220488437
    2.690846825  -68.013294000
    2.699665450  -67.864758711
    2.708484074  -67.804460389
    2.717302698  -67.814386657
    2.726121323  -67.825922439
    2.734939947  -67.768914595
    2.743758571  -67.621631125
    2.752577196  -67.408934330
    2.761395820  -67.201574021
    2.770214444  -67.086645238
    2.779033069  -67.099248187
    2.787851693  -67.177285486
    2.796670317  -67.230298047
    2.805488942  -67.228683424
    2.814307566  -67.196377928
    2.823126190  -67.143419791
    2.831944815  -67.065520468
    2.840763439  -66.953970992
    2.849582063  -66.808533862
    2.858400688  -66.644821173
    2.867219312  -66.500399572
    2.876037937  -66.418279511
    2.884856561  -66.405708218
    2.893675185  -66.418933119
    2.902493810  -66.382960309
    2.911312434  -66.253694898
    2.920131058  -66.071446328
    2.928949683  -65.935098642
    2.937768307  -65.939754568
    2.946586931  -66.117769239
    2.955405556  -66.414015100
    2.964224180  -66.696102399
    2.973042804  -66.829896742
    2.981861429  -66.759539294
    2.990680053  -66.540936767
    2.999498677  -66.293106779
    3.008317302  -66.132327011
    3.017135926  -66.109397002
    3.025954550  -66.210254388
    3.034773175  -66.394649434
    3.043591799  -66.618292081
    3.052410423  -66.810331416
    3.061229048  -66.890295062
    3.070047672  -66.823365345
    3.078866296  -66.669963460
    3.087684921  -66.552790418
    3.096503545  -66.547435145
    3.105322169  -66.615079466
    3.114140794  -66.677689109
    3.122959418  -66.695653793
    3.131778042  -66.680907148
    3.140596667  -66.680505666
    3.149415291  -66.748429038
    3.158233915  -66.893492869
    3.167052540  -67.066628219
    3.175871164  -67.212487641
    3.184689788  -67.289468191
    3.193508413  -67.310582431
    3.202327037  -67.333796737
    3.211145661  -67.399439699
    3.219964286  -67.485876330
    3.228782910  -67.522912247
    3.237601534  -67.452907711
    3.246420159  -67.291890592
    3.255238783  -67.108483268
    3.264057407  -66.982198041
    3.272876032  -66.951586828
    3.281694656  -66.995364436
    3.290513280  -67.044313644
    3.299331905  -67.035796838
    3.308150529  -66.949934814
    3.316969153  -66.830873369
    3.325787778  -66.757835814
    3.334606402  -66.781554591
    3.343425026  -66.895447754
    3.352243651  -67.051643294
    3.361062275  -67.193829186
    3.369880899  -67.281721759
    3.378699524  -67.285869676
    3.387518148  -67.206593897
    3.396336772  -67.065423870
    3.405155397  -66.892138624
    3.413974021  -66.721235020
    3.422792646  -66.586989810
    3.431611270  -66.495593161
    3.440429894  -66.436567334
    3.449248519  -66.422364685
    3.458067143  -66.499655401
    3.466885767  -66.695606803
    3.475704392  -66.975328222
    3.484523016  -67.252776993
    3.493341640  -67.415155144
    3.502160265  -67.311677438
    3.510978889  -66.769207347
    3.519797513  -65.643400350
    3.528616138  -63.826731637
    3.537434762  -61.201669380
    3.546253386  -57.591834581
    3.555072011  -52.806185262
    3.563890635  -46.775610549
    3.572709259  -39.715666060
    3.581527884  -32.182545799
    3.590346508  -24.955143306
    3.599165132  -18.828990712
    3.607983757  -14.470789326
    3.616802381  -12.091897446
    3.625621005  -11.060432521
    3.634439630  -10.641372883
    3.643258254  -10.468881902
    3.652076878  -10.397672036
    3.660895503  -10.369619317
    3.669714127  -10.359643109
    3.678532751  -10.356568921
    3.687351376  -10.355818341
    3.696170000  -10.355618878
