#! FIELDS pp.proj projection
#! SET min_pp.proj 0.36273
#! SET max_pp.proj 3.69617
#! SET nbins_pp.proj  379
#! SET periodic_pp.proj false
    0.362730000  -10.356374845
    0.371548624  -10.358627935
    0.380367249  -10.365772818
    0.389185873  -10.385894828
    0.398004497  -10.437961759
    0.406823122  -10.565032848
    0.415641746  -10.869444853
    0.424460370  -11.605741650
    0.433278995  -13.331016024
    0.442097619  -16.687950900
    0.450916243  -21.616568422
    0.459734868  -27.439709015
    0.468553492  -33.401643419
    0.477372116  -38.853487599
    0.486190741  -43.402967222
    0.495009365  -46.992241631
    0.503827989  -49.839881640
    0.512646614  -52.286324285
    0.521465238  -54.619899570
    0.530283862  -56.945763398
    0.539102487  -59.178430232
    0.547921111  -61.152929789
    0.556739735  -62.744465246
    0.565558360  -63.914501795
    0.574376984  -64.706852457
    0.583195608  -65.238153254
    0.592014233  -65.665851848
    0.600832857  -66.096457466
    0.609651481  -66.502309492
    0.618470106  -66.788179707
    0.627288730  -66.904942139
    0.636107354  -66.849788981
    0.644925979  -66.614621499
    0.653744603  -66.183871040
    0.662563228  -65.580547296
    0.671381852  -64.888680750
    0.680200476  -64.228347613
    0.689019101  -63.712972435
    0.697837725  -63.421624884
    0.706656349  -63.387088568
    0.715474974  -63.637648437
    0.724293598  -64.188704011
    0.733112222  -65.016532140
    0.741930847  -66.036485607
    0.750749471  -67.131461600
    0.759568095  -68.175541918
    0.768386720  -69.079304134
    0.777205344  -69.822532782
    0.786023968  -70.455936152
    0.794842593  -71.040244974
    0.803661217  -71.596922153
    0.812479841  -72.121887395
    0.821298466  -72.613540878
    0.830117090  -73.144375278
    0.838935714  -74.058998608
    0.847754339  -76.023921416
    0.856572963  -79.034145835
    0.865391587  -82.264447554
    0.874210212  -85.176869721
    0.883028836  -87.606952615
    0.891847460  -89.572276257
    0.900666085  -91.161431396
    0.909484709  -92.453492766
    0.918303333  -93.493697821
    0.927121958  -94.303780694
    0.935940582  -94.916056450
    0.944759206  -95.377921953
    0.953577831  -95.705656450
    0.962396455  -95.830051608
    0.971215079  -95.623338599
    0.980033704  -94.987182008
    0.988852328  -93.967904811
    0.997670952  -92.764796640
    1.006489577  -91.648186122
    1.015308201  -90.811096329
    1.024126825  -90.300373132
    1.032945450  -90.033589345
    1.041764074  -89.885929571
    1.050582698  -89.747260023
    1.059401323  -89.557220702
    1.068219947  -89.286037947
    1.077038571  -88.904904122
    1.085857196  -88.364772618
    1.094675820  -87.623358468
    1.103494444  -86.709534186
    1.112313069  -85.765194811
    1.121131693  -84.996064785
    1.129950317  -84.550064173
    1.138768942  -84.446316177
    1.147587566  -84.572921907
    1.156406190  -84.786495202
    1.165224815  -85.022545053
    1.174043439  -85.313721210
    1.182862063  -85.711184232
    1.191680688  -86.249342468
    1.200499312  -86.917761339
    1.209317937  -87.659852196
    1.218136561  -88.391910011
    1.226955185  -89.044497163
    1.235773810  -89.596868786
    1.244592434  -90.080516556
    1.253411058  -90.543045115
    1.262229683  -90.991141008
    1.271048307  -91.390012957
    1.279866931  -91.734703634
    1.288685556  -92.072800469
    1.297504180  -92.449093276
    1.306322804  -92.865544586
    1.315141429  -93.288000594
    1.323960053  -93.663868528
    1.332778677  -93.934112652
    1.341597302  -94.024619518
    1.350415926  -93.890421135
    1.359234550  -93.565599204
    1.368053175  -93.145402891
    1.376871799  -92.721379593
    1.385690423  -92.342522509
    1.394509048  -92.016603600
    1.403327672  -91.721645126
    1.412146296  -91.413321821
    1.420964921  -91.042812933
    1.429783545  -90.595750985
    1.438602169  -90.102003982
    1.447420794  -89.612111738
    1.456239418  -89.135134593
    1.465058042  -88.630814410
    1.473876667  -88.041248083
    1.482695291  -87.330758034
    1.491513915  -86.517256601
    1.500332540  -85.640349879
    1.509151164  -84.732053408
    1.517969788  -83.834670230
    1.526788413  -83.023263932
    1.535607037  -82.352748801
    1.544425661  -81.816317974
    1.553244286  -81.359026645
    1.562062910  -80.950910999
    1.570881534  -80.607013791
    1.579700159  -80.351821713
    1.588518783  -80.162985674
    1.597337407  -79.966961528
    1.606156032  -79.695612201
    1.614974656  -79.341780527
    1.623793280  -78.938512104
    1.632611905  -78.526103932
    1.641430529  -78.147837806
    1.650249153  -77.837283283
    1.659067778  -77.575136045
    1.667886402  -77.320610355
    1.676705026  -77.067180075
    1.685523651  -76.861019719
    1.694342275  -76.759147943
    1.703160899  -76.780824697
    1.711979524  -76.891493467
    1.720798148  -77.026109420
    1.729616772  -77.137341194
    1.738435397  -77.210210683
    1.747254021  -77.252138126
    1.756072646  -77.274973508
    1.764891270  -77.267416759
    1.773709894  -77.184763415
    1.782528519  -76.991291239
    1.791347143  -76.713297098
    1.800165767  -76.452260202
    1.808984392  -76.336494530
    1.817803016  -76.437480860
    1.826621640  -76.723460548
    1.835440265  -77.108828367
    1.844258889  -77.540644258
    1.853077513  -77.985172906
    1.861896138  -78.399129743
    1.870714762  -78.723291806
    1.879533386  -78.909484125
    1.888352011  -78.957580304
    1.897170635  -78.913108391
    1.905989259  -78.838568367
    1.914807884  -78.777579083
    1.923626508  -78.748450670
    1.932445132  -78.773250469
    1.941263757  -78.905694316
    1.950082381  -79.212057733
    1.958901005  -79.697284531
    1.967719630  -80.252941351
    1.976538254  -80.729899575
    1.985356878  -81.023874546
    1.994175503  -81.137808451
    2.002994127  -81.149128432
    2.011812751  -81.131183663
    2.020631376  -81.100623127
    2.029450000  -81.020766635
    2.038268624  -80.833618252
    2.047087249  -80.492007519
    2.055905873  -79.973987064
    2.064724497  -79.292530792
    2.073543122  -78.529159846
    2.082361746  -77.813259297
    2.091180370  -77.262787518
    2.099998995  -76.888467209
    2.108817619  -76.603971940
    2.117636243  -76.320787136
    2.126454868  -76.039488424
    2.135273492  -75.850995843
    2.144092116  -75.841592382
    2.152910741  -76.007370357
    2.161729365  -76.245796744
    2.170547989  -76.413524001
    2.179366614  -76.420693437
    2.188185238  -76.286896168
    2.197003862  -76.117431811
    2.205822487  -76.013855401
    2.214641111  -75.990585529
    2.223459735  -75.966019321
    2.232278360  -75.823837437
    2.241096984  -75.523188801
    2.249915608  -75.147773502
    2.258734233  -74.844793828
    2.267552857  -74.709540363
    2.276371481  -74.711591892
    2.285190106  -74.717737971
    2.294008730  -74.578278515
    2.302827354  -74.250963898
    2.311645979  -73.841062234
    2.320464603  -73.516381976
    2.329283228  -73.361271741
    2.338101852  -73.334918033
    2.346920476  -73.335715279
    2.355739101  -73.276824413
    2.364557725  -73.148547305
    2.373376349  -73.010065330
    2.382194974  -72.913508552
    2.391013598  -72.844403304
    2.399832222  -72.737882159
    2.408650847  -72.543036150
    2.417469471  -72.268759008
    2.426288095  -71.970217498
    2.435106720  -71.692644179
    2.443925344  -71.454343694
    2.452743968  -71.250645428
    2.461562593  -71.087599749
    2.470381217  -70.981415572
    2.479199841  -70.948383364
    2.488018466  -70.994982375
    2.496837090  -71.115334390
    2.505655714  -71.282461843
    2.514474339  -71.453250325
    2.523292963  -71.573574563
    2.532111587  -71.596816254
    2.540930212  -71.514829365
    2.549748836  -71.352662846
    2.558567460  -71.152464679
    2.567386085  -70.954714355
    2.576204709  -70.789108276
    2.585023333  -70.675761139
    2.593841958  -70.626004598
    2.602660582  -70.642307620
    2.611479206  -70.716178885
    2.620297831  -70.819452687
    2.629116455  -70.904652567
    2.637935079  -70.928766122
    2.646753704  -70.868345098
    2.655572328  -70.721673292
    2.664390952  -70.507772428
    2.673209577  -70.263783997
    2.682028201  -70.010596259
    2.690846825  -69.774673842
    2.699665450  -69.597902128
    2.708484074  -69.514934916
    2.717302698  -69.518468845
    2.726121323  -69.557970188
    2.734939947  -69.573068421
    2.743758571  -69.525159830
    2.752577196  -69.398028392
    2.761395820  -69.217165417
    2.770214444  -69.051831746
    2.779033069  -68.965572670
    2.787851693  -68.967112240
    2.796670317  -69.028791829
    2.805488942  -69.136052275
    2.814307566  -69.275287139
    2.823126190  -69.400832357
    2.831944815  -69.471535285
    2.840763439  -69.475031524
    2.849582063  -69.424152824
    2.858400688  -69.348729098
    2.867219312  -69.292792062
    2.876037937  -69.297294100
    2.884856561  -69.365168556
    2.893675185  -69.446956288
    2.902493810  -69.460956387
    2.911312434  -69.354507769
    2.920131058  -69.159832580
    2.928949683  -68.976955363
    2.937768307  -68.907364136
    2.946586931  -68.987556801
    2.955405556  -69.166404141
    2.964224180  -69.324081436
    2.973042804  -69.354241697
    2.981861429  -69.235786494
    2.990680053  -69.039908000
    2.999498677  -68.869088228
    3.008317302  -68.804200737
    3.017135926  -68.859458651
    3.025954550  -68.994165771
    3.034773175  -69.160202341
    3.043591799  -69.325397708
    3.052410423  -69.435731806
    3.061229048  -69.417548789
    3.070047672  -69.229007361
    3.078866296  -68.919333704
    3.087684921  -68.618266031
    3.096503545  -68.438897616
    3.105322169  -68.382291555
    3.114140794  -68.373333384
    3.122959418  -68.350859636
    3.131778042  -68.311301977
    3.140596667  -68.296301070
    3.149415291  -68.354300580
    3.158233915  -68.486965941
    3.167052540  -68.642571159
    3.175871164  -68.774456414
    3.184689788  -68.854975158
    3.193508413  -68.900002531
    3.202327037  -68.952179154
    3.211145661  -69.030065336
    3.219964286  -69.100449284
    3.228782910  -69.094577893
    3.237601534  -68.966023629
    3.246420159  -68.748405866
    3.255238783  -68.523463592
    3.264057407  -68.365079547
    3.272876032  -68.294191701
    3.281694656  -68.277607998
    3.290513280  -68.245415488
    3.299331905  -68.143584566
    3.308150529  -67.965330274
    3.316969153  -67.764520128
    3.325787778  -67.624719182
    3.334606402  -67.600167951
    3.343425026  -67.690578257
    3.352243651  -67.854584091
    3.361062275  -68.034984346
    3.369880899  -68.178988434
    3.378699524  -68.238123071
    3.387518148  -68.195424811
    3.396336772  -68.060352428
    3.405155397  -67.856345045
    3.413974021  -67.620268731
    3.422792646  -67.403392586
    3.431611270  -67.235211950
    3.440429894  -67.121508763
    3.449248519  -67.077239335
    3.458067143  -67.136652420
    3.466885767  -67.307447713
    3.475704392  -67.547068761
    3.484523016  -67.781590194
    3.493341640  -67.921092247
    3.502160265  -67.828967479
    3.510978889  -67.326885512
    3.519797513  -66.255930798
    3.528616138  -64.501988863
    3.537434762  -61.952632793
    3.546253386  -58.433071306
    3.555072011  -53.737980308
    3.563890635  -47.772320700
    3.572709259  -40.729902692
    3.581527884  -33.154433128
    3.590346508  -25.820586799
    3.599165132  -19.521191416
    3.607983757  -14.924221912
    3.616802381  -12.318520636
    3.625621005  -11.159729386
    3.634439630  -10.685480620
    3.643258254  -10.488880518
    3.652076878  -10.406485265
    3.660895503  -10.373213898
    3.669714127  -10.360962112
    3.678532751  -10.357009132
    3.687351376  -10.355948436
    3.696170000  -10.355618878
