#! FIELDS pp.proj projection
#! SET min_pp.proj 0.36273
#! SET max_pp.proj 3.69617
#! SET nbins_pp.proj  379
#! SET periodic_pp.proj false
    0.362730000  -10.355618878
    0.371548624  -10.355618878
    0.380367249  -10.355618878
    0.389185873  -10.355618878
    0.398004497  -10.355618878
    0.406823122  -10.355618878
    0.415641746  -10.355618878
    0.424460370  -10.355618878
    0.433278995  -10.355618878
    0.442097619  -10.355618878
    0.450916243  -10.355618878
    0.459734868  -10.355618878
    0.468553492  -10.355618878
    0.477372116  -10.355618878
    0.486190741  -10.355618878
    0.495009365  -10.355618878
    0.503827989  -10.355618878
    0.512646614  -10.355618878
    0.521465238  -10.355618878
    0.530283862  -10.355618878
    0.539102487  -10.355618878
    0.547921111  -10.355618878
    0.556739735  -10.355618878
    0.565558360  -10.355618878
    0.574376984  -10.355618878
    0.583195608  -10.355618878
    0.592014233  -10.355618878
    0.600832857  -10.355618878
    0.609651481  -10.355618878
    0.618470106  -10.355618878
    0.627288730  -10.355654167
    0.636107354  -10.355853212
    0.644925979  -10.356492008
    0.653744603  -10.358723547
    0.662563228  -10.364955277
    0.671381852  -10.380770905
    0.680200476  -10.417086073
    0.689019101  -10.493578912
    0.697837725  -10.643926980
    0.706656349  -10.924643785
    0.715474974  -11.425996148
    0.724293598  -12.266120810
    0.733112222  -13.526981949
    0.741930847  -15.156049611
    0.750749471  -16.981531306
    0.759568095  -18.847297528
    0.768386720  -20.688637110
    0.777205344  -22.489844566
    0.786023968  -24.200680400
    0.794842593  -25.702053334
    0.803661217  -26.879191472
    0.812479841  -27.794069428
    0.821298466  -28.847871417
    0.830117090  -30.587633718
    0.838935714  -33.096352065
    0.847754339  -35.991940991
    0.856572963  -38.907132645
    0.865391587  -41.666964472
    0.874210212  -44.269998762
    0.883028836  -46.811455930
    0.891847460  -49.383997076
    0.900666085  -51.997387970
    0.909484709  -54.576430580
    0.918303333  -57.014430153
    0.927121958  -59.234793834
    0.935940582  -61.216957511
    0.944759206  -62.967532131
    0.953577831  -64.469838722
    0.962396455  -65.642203640
    0.971215079  -66.370995755
    0.980033704  -66.620418294
    0.988852328  -66.530991889
    0.997670952  -66.410588743
    1.006489577  -66.597501884
    1.015308201  -67.256061665
    1.024126825  -68.312569904
    1.032945450  -69.569066762
    1.041764074  -70.847857913
    1.050582698  -72.058857934
    1.059401323  -73.201166330
    1.068219947  -74.314419012
    1.077038571  -75.405040545
    1.085857196  -76.425050212
    1.094675820  -77.326574899
    1.103494444  -78.126202127
    1.112313069  -78.894440666
    1.121131693  -79.692643289
    1.129950317  -80.541528747
    1.138768942  -81.383869885
    1.147587566  -82.094361722
    1.156406190  -82.596453648
    1.165224815  -82.939301756
    1.174043439  -83.257770482
    1.182862063  -83.657790887
    1.191680688  -84.173679910
    1.200499312  -84.765062268
    1.209317937  -85.371742304
    1.218136561  -85.945888488
    1.226955185  -86.481197484
    1.235773810  -87.020860495
    1.244592434  -87.606575910
    1.253411058  -88.219551236
    1.262229683  -88.747472452
    1.271048307  -89.064242621
    1.279866931  -89.134513726
    1.288685556  -89.044364860
    1.297504180  -88.917034284
    1.306322804  -88.781491389
    1.315141429  -88.534285816
    1.323960053  -88.023483035
    1.332778677  -87.199497024
    1.341597302  -86.165017082
    1.350415926  -85.096898523
    1.359234550  -84.083181237
    1.368053175  -83.058417818
    1.376871799  -81.878579454
    1.385690423  -80.471737328
    1.394509048  -78.894129196
    1.403327672  -77.304501830
    1.412146296  -75.928536357
    1.420964921  -74.985359123
    1.429783545  -74.562601530
    1.438602169  -74.567465929
    1.447420794  -74.843141271
    1.456239418  -75.285247286
    1.465058042  -75.811579966
    1.473876667  -76.321848093
    1.482695291  -76.752598804
    1.491513915  -77.099855152
    1.500332540  -77.368156041
    1.509151164  -77.534383767
    1.517969788  -77.592221768
    1.526788413  -77.577930652
    1.535607037  -77.543331682
    1.544425661  -77.507320524
    1.553244286  -77.456510182
    1.562062910  -77.379650368
    1.570881534  -77.292631655
    1.579700159  -77.228348589
    1.588518783  -77.176426769
    1.597337407  -77.094410009
    1.606156032  -76.946226380
    1.614974656  -76.707110638
    1.623793280  -76.333807206
    1.632611905  -75.790540977
    1.641430529  -75.108558160
    1.650249153  -74.389959549
    1.659067778  -73.709233549
    1.667886402  -73.071006377
    1.676705026  -72.453738975
    1.685523651  -71.867982067
    1.694342275  -71.339732206
    1.703160899  -70.869805630
    1.711979524  -70.417012769
    1.720798148  -69.923378513
    1.729616772  -69.379843705
    1.738435397  -68.843176086
    1.747254021  -68.393979534
    1.756072646  -68.084673822
    1.764891270  -67.886612763
    1.773709894  -67.685563539
    1.782528519  -67.376507306
    1.791347143  -66.961366548
    1.800165767  -66.529203301
    1.808984392  -66.171364604
    1.817803016  -65.921226999
    1.826621640  -65.769235845
    1.835440265  -65.713073074
    1.844258889  -65.773539407
    1.853077513  -65.938472055
    1.861896138  -66.144960774
    1.870714762  -66.325241710
    1.879533386  -66.474930874
    1.888352011  -66.650818611
    1.897170635  -66.919218492
    1.905989259  -67.300839253
    1.914807884  -67.797969976
    1.923626508  -68.463455680
    1.932445132  -69.434392867
    1.941263757  -70.816938218
    1.950082381  -72.549244184
    1.958901005  -74.412244107
    1.967719630  -76.135540988
    1.976538254  -77.507844059
    1.985356878  -78.427394295
    1.994175503  -78.930081092
    2.002994127  -79.142506864
    2.011812751  -79.188077385
    2.020631376  -79.128460908
    2.029450000  -78.961880512
    2.038268624  -78.659151210
    2.047087249  -78.194421452
    2.055905873  -77.553771885
    2.064724497  -76.736299275
    2.073543122  -75.793621262
    2.082361746  -74.825008171
    2.091180370  -73.940603660
    2.099998995  -73.171168479
    2.108817619  -72.446066613
    2.117636243  -71.673451333
    2.126454868  -70.856348298
    2.135273492  -70.126922631
    2.144092116  -69.629700485
    2.152910741  -69.388975486
    2.161729365  -69.294727186
    2.170547989  -69.206053635
    2.179366614  -69.049094889
    2.188185238  -68.842634437
    2.197003862  -68.669953769
    2.205822487  -68.609780928
    2.214641111  -68.667467146
    2.223459735  -68.766447097
    2.232278360  -68.798114312
    2.241096984  -68.709916143
    2.249915608  -68.541493796
    2.258734233  -68.385380165
    2.267552857  -68.317217449
    2.276371481  -68.343067626
    2.285190106  -68.402466734
    2.294008730  -68.402285854
    2.302827354  -68.305836488
    2.311645979  -68.169057933
    2.320464603  -68.092886759
    2.329283228  -68.128208074
    2.338101852  -68.228459300
    2.346920476  -68.277414140
    2.355739101  -68.170418242
    2.364557725  -67.906150153
    2.373376349  -67.583261109
    2.382194974  -67.299434915
    2.391013598  -67.066822781
    2.399832222  -66.825885016
    2.408650847  -66.528786982
    2.417469471  -66.195698110
    2.426288095  -65.894087437
    2.435106720  -65.671453628
    2.443925344  -65.528112563
    2.452743968  -65.415145323
    2.461562593  -65.292820360
    2.470381217  -65.158374539
    2.479199841  -65.043533450
    2.488018466  -64.981229964
    2.496837090  -64.980186990
    2.505655714  -65.008631807
    2.514474339  -65.015810683
    2.523292963  -64.956708944
    2.532111587  -64.808824872
    2.540930212  -64.581922803
    2.549748836  -64.299574130
    2.558567460  -63.988707588
    2.567386085  -63.672098916
    2.576204709  -63.363477334
    2.585023333  -63.073382995
    2.593841958  -62.822118444
    2.602660582  -62.641692611
    2.611479206  -62.551921494
    2.620297831  -62.537237454
    2.629116455  -62.554653787
    2.637935079  -62.558572463
    2.646753704  -62.515544986
    2.655572328  -62.409592163
    2.664390952  -62.246736385
    2.673209577  -62.062985644
    2.682028201  -61.884749474
    2.690846825  -61.737534038
    2.699665450  -61.661480729
    2.708484074  -61.691671092
    2.717302698  -61.816268201
    2.726121323  -61.969476732
    2.734939947  -62.071704483
    2.743758571  -62.082126903
    2.752577196  -62.010261985
    2.761395820  -61.915931223
    2.770214444  -61.882192117
    2.779033069  -61.956204426
    2.787851693  -62.101217783
    2.796670317  -62.236223365
    2.805488942  -62.309338369
    2.814307566  -62.302172214
    2.823126190  -62.198135052
    2.831944815  -62.010305549
    2.840763439  -61.785017700
    2.849582063  -61.574207635
    2.858400688  -61.408625919
    2.867219312  -61.301736838
    2.876037937  -61.259204824
    2.884856561  -61.265577222
    2.893675185  -61.268902272
    2.902493810  -61.192146295
    2.911312434  -60.988758725
    2.920131058  -60.701958835
    2.928949683  -60.444246277
    2.937768307  -60.318321007
    2.946586931  -60.343574891
    2.955405556  -60.450303647
    2.964224180  -60.519819307
    2.973042804  -60.459159691
    2.981861429  -60.259637811
    2.990680053  -60.001432480
    2.999498677  -59.787806369
    3.008317302  -59.695160781
    3.017135926  -59.750872478
    3.025954550  -59.937443806
    3.034773175  -60.203769725
    3.043591799  -60.479928017
    3.052410423  -60.673445792
    3.061229048  -60.704816849
    3.070047672  -60.566497231
    3.078866296  -60.363109814
    3.087684921  -60.251376534
    3.096503545  -60.304068117
    3.105322169  -60.442625689
    3.114140794  -60.539342444
    3.122959418  -60.522140164
    3.131778042  -60.405475137
    3.140596667  -60.272441593
    3.149415291  -60.219463271
    3.158233915  -60.278507143
    3.167052540  -60.411453132
    3.175871164  -60.556304500
    3.184689788  -60.644164169
    3.193508413  -60.656718734
    3.202327037  -60.633101097
    3.211145661  -60.615541034
    3.219964286  -60.614041112
    3.228782910  -60.609975219
    3.237601534  -60.575466765
    3.246420159  -60.494274631
    3.255238783  -60.366825924
    3.264057407  -60.240241458
    3.272876032  -60.186049469
    3.281694656  -60.237068913
    3.290513280  -60.352084392
    3.299331905  -60.460252982
    3.308150529  -60.512402446
    3.316969153  -60.511476555
    3.325787778  -60.500788406
    3.334606402  -60.526632567
    3.343425026  -60.613650026
    3.352243651  -60.754644677
    3.361062275  -60.913315029
    3.369880899  -61.039977704
    3.378699524  -61.081350566
    3.387518148  -61.017202424
    3.396336772  -60.854167934
    3.405155397  -60.613852041
    3.413974021  -60.344842014
    3.422792646  -60.125116861
    3.431611270  -60.002359898
    3.440429894  -59.961145185
    3.449248519  -59.960137186
    3.458067143  -59.985943879
    3.466885767  -60.047858709
    3.475704392  -60.151868353
    3.484523016  -60.286096164
    3.493341640  -60.402241655
    3.502160265  -60.373012761
    3.510978889  -59.990292004
    3.519797513  -59.016178285
    3.528616138  -57.225562387
    3.537434762  -54.426590736
    3.546253386  -50.474682207
    3.555072011  -45.327165527
    3.563890635  -39.136651504
    3.572709259  -32.327092690
    3.581527884  -25.554610168
    3.590346508  -19.561543945
    3.599165132  -15.049077706
    3.607983757  -12.397217781
    3.616802381  -11.187543470
    3.625621005  -10.690009922
    3.634439630  -10.486076104
    3.643258254  -10.403644558
    3.652076878  -10.371503802
    3.660895503  -10.360024029
    3.669714127  -10.356473178
    3.678532751  -10.355720950
    3.687351376  -10.355618878
    3.696170000  -10.355618878
