#! FIELDS pp.proj projection
#! SET min_pp.proj 0.36273
#! SET max_pp.proj 3.69617
#! SET nbins_pp.proj  379
#! SET periodic_pp.proj false
    0.362730000  -10.356374845
    0.371548624  -10.358627935
    0.380367249  -10.365772818
    0.389185873  -10.385894828
    0.398004497  -10.437961759
    0.406823122  -10.565032848
    0.415641746  -10.869444853
    0.424460370  -11.605741650
    0.433278995  -13.331016024
    0.442097619  -16.687950900
    0.450916243  -21.616568422
    0.459734868  -27.439709015
    0.468553492  -33.401643419
    0.477372116  -38.853487599
    0.486190741  -43.402967222
    0.495009365  -46.992241631
    0.503827989  -49.839881640
    0.512646614  -52.286324285
    0.521465238  -54.619899570
    0.530283862  -56.945763398
    0.539102487  -59.178430232
    0.547921111  -61.152929789
    0.556739735  -62.744465246
    0.565558360  -63.914501795
    0.574376984  -64.706852457
    0.583195608  -65.238153254
    0.592014233  -65.665851848
    0.600832857  -66.096457466
    0.609651481  -66.502309492
    0.618470106  -66.788179707
    0.627288730  -66.904942139
    0.636107354  -66.849788981
    0.644925979  -66.614621499
    0.653744603  -66.183871040
    0.662563228  -65.580547296
    0.671381852  -64.888680750
    0.680200476  -64.228347613
    0.689019101  -63.712972435
    0.697837725  -63.421624884
    0.706656349  -63.387088568
    0.715474974  -63.637648437
    0.724293598  -64.188704011
    0.733112222  -65.016532140
    0.741930847  -66.036485607
    0.750749471  -67.131461600
    0.759568095  -68.175541918
    0.768386720  -69.079304134
    0.777205344  -69.822532782
    0.786023968  -70.455936152
    0.794842593  -71.040244974
    0.803661217  -71.596922153
    0.812479841  -72.121887395
    0.821298466  -72.613540878
    0.830117090  -73.144375278
    0.838935714  -74.058998608
    0.847754339  -76.023921416
    0.856572963  -79.034145835
    0.865391587  -82.264447554
    0.874210212  -85.176869721
    0.883028836  -87.606952615
    0.891847460  -89.572276257
    0.900666085  -91.161431396
    0.909484709  -92.453492766
    0.918303333  -93.493697821
    0.927121958  -94.303780694
    0.935940582  -94.916056450
    0.944759206  -95.377921953
    0.953577831  -95.705656450
    0.962396455  -95.830051608
    0.971215079  -95.623338599
    0.980033704  -94.987182008
    0.988852328  -93.967904811
    0.997670952  -92.764796640
    1.006489577  -91.648186122
    1.015308201  -90.811096329
    1.024126825  -90.300373132
    1.032945450  -90.033589345
    1.041764074  -89.885929571
    1.050582698  -89.747260023
    1.059401323  -89.557220702
    1.068219947  -89.286037947
    1.077038571  -88.904904122
    1.085857196  -88.364772618
    1.094675820  -87.623358468
    1.103494444  -86.709534186
    1.112313069  -85.765194811
    1.121131693  -84.996064785
    1.129950317  -84.550064173
    1.138768942  -84.446316177
    1.147587566  -84.572921907
    1.156406190  -84.786495202
    1.165224815  -85.022545053
    1.174043439  -85.313721210
    1.182862063  -85.711184232
    1.191680688  -86.249342468
    1.200499312  -86.917761339
    1.209317937  -87.659852196
    1.218136561  -88.391910011
    1.226955185  -89.044497163
    1.235773810  -89.596868786
    1.244592434  -90.080516556
    1.253411058  -90.543045115
    1.262229683  -90.991141008
    1.271048307  -91.390012957
    1.279866931  -91.734703634
    1.288685556  -92.072800469
    1.297504180  -92.449093276
    1.306322804  -92.865544586
    1.315141429  -93.288000594
    1.323960053  -93.663868528
    1.332778677  -93.934112652
    1.341597302  -94.024619518
    1.350415926  -93.890421135
    1.359234550  -93.565599204
    1.368053175  -93.145402891
    1.376871799  -92.721379593
    1.385690423  -92.342522509
    1.394509048  -92.016603600
    1.403327672  -91.721645126
    1.412146296  -91.413321821
    1.420964921  -91.042812933
    1.429783545  -90.595750985
    1.438602169  -90.102003982
    1.447420794  -89.612111738
    1.456239418  -89.135134593
    1.465058042  -88.630814410
    1.473876667  -88.041248083
    1.482695291  -87.330758034
    1.491513915  -86.517256601
    1.500332540  -85.640349879
    1.509151164  -84.732053408
    1.517969788  -83.834670230
    1.526788413  -83.023263932
    1.535607037  -82.352748801
    1.544425661  -81.816317974
    1.553244286  -81.359026645
    1.562062910  -80.950910999
    1.570881534  -80.607013791
    1.579700159  -80.351821713
    1.588518783  -80.162985674
    1.597337407  -79.966961528
    1.606156032  -79.695612201
    1.614974656  -79.341780527
    1.623793280  -78.938512104
    1.632611905  -78.526103932
    1.641430529  -78.147837806
    1.650249153  -77.837283283
    1.659067778  -77.575136045
    1.667886402  -77.320610355
    1.676705026  -77.067180075
    1.685523651  -76.861019719
    1.694342275  -76.759147943
    1.703160899  -76.780824697
    1.711979524  -76.891493467
    1.720798148  -77.026109420
    1.729616772  -77.137341194
    1.738435397  -77.210210683
    1.747254021  -77.252138126
    1.756072646  -77.274973508
    1.764891270  -77.267416759
    1.773709894  -77.184763415
    1.782528519  -76.991291239
    1.791347143  -76.713297098
    1.800165767  -76.452260202
    1.808984392  -76.336494530
    1.817803016  -76.437480860
    1.826621640  -76.723460548
    1.835440265  -77.108828367
    1.844258889  -77.540644258
    1.853077513  -77.985172906
    1.861896138  -78.399129743
    1.870714762  -78.723291806
    1.879533386  -78.909484125
    1.888352011  -78.957580304
    1.897170635  -78.913108391
    1.905989259  -78.838568367
    1.914807884  -78.777579083
    1.923626508  -78.748450670
    1.932445132  -78.773250469
    1.941263757  -78.905694316
    1.950082381  -79.212057733
    1.958901005  -79.697284531
    1.967719630  -80.252941351
    1.976538254  -80.729899575
    1.985356878  -81.023874546
    1.994175503  -81.137808451
    2.002994127  -81.149128432
    2.011812751  -81.131183663
    2.020631376  -81.100623127
    2.029450000  -81.020766635
    2.038268624  -80.833618252
    2.047087249  -80.492007519
    2.055905873  -79.973987126
    2.064724497  -79.292531264
    2.073543122  -78.529162370
    2.082361746  -77.813269312
    2.091180370  -77.262822904
    2.099998995  -76.888580908
    2.108817619  -76.604296596
    2.117636243  -76.321637045
    2.126454868  -76.041536782
    2.135273492  -75.855505955
    2.144092116  -75.850376607
    2.152910741  -76.022218689
    2.161729365  -76.267753696
    2.170547989  -76.443447538
    2.179366614  -76.460917286
    2.188185238  -76.342568080
    2.197003862  -76.196645620
    2.205822487  -76.126562732
    2.214641111  -76.146543810
    2.223459735  -76.172101872
    2.232278360  -76.081889858
    2.241096984  -75.828973063
    2.249915608  -75.489493581
    2.258734233  -75.202587179
    2.267552857  -75.061118110
    2.276371481  -75.042072578
    2.285190106  -75.026091515
    2.294008730  -74.875330223
    2.302827354  -74.551839381
    2.311645979  -74.156876515
    2.320464603  -73.849792732
    2.329283228  -73.710079428
    2.338101852  -73.698216087
    2.346920476  -73.717213224
    2.355739101  -73.686122538
    2.364557725  -73.599300821
    2.373376349  -73.511552567
    2.382194974  -73.462450461
    2.391013598  -73.426373095
    2.399832222  -73.335520354
    2.408650847  -73.140807478
    2.417469471  -72.853301992
    2.426288095  -72.531410646
    2.435106720  -72.226504315
    2.443925344  -71.965762629
    2.452743968  -71.751711270
    2.461562593  -71.591559315
    2.470381217  -71.498827608
    2.479199841  -71.486388448
    2.488018466  -71.556783666
    2.496837090  -71.701947343
    2.505655714  -71.897614139
    2.514474339  -72.105367572
    2.523292963  -72.270624053
    2.532111587  -72.339735906
    2.540930212  -72.295949270
    2.549748836  -72.159948918
    2.558567460  -71.974160087
    2.567386085  -71.780574254
    2.576204709  -71.607200084
    2.585023333  -71.472604830
    2.593841958  -71.393454760
    2.602660582  -71.381130014
    2.611479206  -71.428848636
    2.620297831  -71.503878022
    2.629116455  -71.560439853
    2.637935079  -71.565534468
    2.646753704  -71.503599625
    2.655572328  -71.370642401
    2.664390952  -71.178176911
    2.673209577  -70.954465767
    2.682028201  -70.708459463
    2.690846825  -70.457327942
    2.699665450  -70.250358272
    2.708484074  -70.143530371
    2.717302698  -70.148809214
    2.726121323  -70.222193732
    2.734939947  -70.296334313
    2.743758571  -70.316403984
    2.752577196  -70.247538218
    2.761395820  -70.100177598
    2.770214444  -69.940270030
    2.779033069  -69.839533842
    2.787851693  -69.819468832
    2.796670317  -69.858531508
    2.805488942  -69.938614254
    2.814307566  -70.041682311
    2.823126190  -70.128094721
    2.831944815  -70.168215826
    2.840763439  -70.152979448
    2.849582063  -70.089299787
    2.858400688  -70.002930385
    2.867219312  -69.941607386
    2.876037937  -69.951486751
    2.884856561  -70.031765164
    2.893675185  -70.121052400
    2.902493810  -70.124241758
    2.911312434  -69.982649345
    2.920131058  -69.733873615
    2.928949683  -69.491094830
    2.937768307  -69.370457358
    2.946586931  -69.419021126
    2.955405556  -69.587822524
    2.964224180  -69.750007467
    2.973042804  -69.788729088
    2.981861429  -69.677809538
    2.990680053  -69.490237708
    2.999498677  -69.330841053
    3.008317302  -69.278654991
    3.017135926  -69.345334229
    3.025954550  -69.493093966
    3.034773175  -69.681071217
    3.043591799  -69.882918064
    3.052410423  -70.045462314
    3.061229048  -70.089911562
    3.070047672  -69.966767058
    3.078866296  -69.720823693
    3.087684921  -69.480450984
    3.096503545  -69.354436158
    3.105322169  -69.335914604
    3.114140794  -69.347457872
    3.122959418  -69.336086055
    3.131778042  -69.313606037
    3.140596667  -69.335772662
    3.149415291  -69.454844248
    3.158233915  -69.661305612
    3.167052540  -69.888571353
    3.175871164  -70.091419708
    3.184689788  -70.258561950
    3.193508413  -70.404729578
    3.202327037  -70.546055406
    3.211145661  -70.672954060
    3.219964286  -70.745616243
    3.228782910  -70.716879176
    3.237601534  -70.567580092
    3.246420159  -70.340264247
    3.255238783  -70.111174908
    3.264057407  -69.951340110
    3.272876032  -69.885672705
    3.281694656  -69.888225586
    3.290513280  -69.895197950
    3.299331905  -69.850510359
    3.308150529  -69.732293904
    3.316969153  -69.573898780
    3.325787778  -69.446709866
    3.334606402  -69.405048498
    3.343425026  -69.454914515
    3.352243651  -69.565694991
    3.361062275  -69.696799716
    3.369880899  -69.817432189
    3.378699524  -69.897735595
    3.387518148  -69.924810949
    3.396336772  -69.894517388
    3.405155397  -69.812755997
    3.413974021  -69.703486656
    3.422792646  -69.601977532
    3.431611270  -69.514726348
    3.440429894  -69.429756859
    3.449248519  -69.363060689
    3.458067143  -69.369845595
    3.466885767  -69.485166266
    3.475704392  -69.679670088
    3.484523016  -69.877932091
    3.493341640  -69.988573078
    3.502160265  -69.880854675
    3.510978889  -69.381842919
    3.519797513  -68.327481709
    3.528616138  -66.593121558
    3.537434762  -64.062044837
    3.546253386  -60.564456949
    3.555072011  -55.899259554
    3.563890635  -49.951560559
    3.572709259  -42.863444385
    3.581527884  -35.124554495
    3.590346508  -27.492380882
    3.599165132  -20.784648772
    3.607983757  -15.710544864
    3.616802381  -12.686132338
    3.625621005  -11.302337178
    3.634439630  -10.739427429
    3.643258254  -10.509424216
    3.652076878  -10.414083073
    3.660895503  -10.375852116
    3.669714127  -10.361721087
    3.678532751  -10.357210035
    3.687351376  -10.355990367
    3.696170000  -10.355618878
