#! FIELDS pp.proj projection
#! SET min_pp.proj 0.36273
#! SET max_pp.proj 3.69617
#! SET nbins_pp.proj  379
#! SET periodic_pp.proj false
    0.362730000  -10.356374845
    0.371548624  -10.358627935
    0.380367249  -10.365772818
    0.389185873  -10.385894828
    0.398004497  -10.437961759
    0.406823122  -10.565032848
    0.415641746  -10.869444853
    0.424460370  -11.605741650
    0.433278995  -13.331016024
    0.442097619  -16.687950900
    0.450916243  -21.616568422
    0.459734868  -27.439709015
    0.468553492  -33.401643419
    0.477372116  -38.853487599
    0.486190741  -43.402967222
    0.495009365  -46.992241631
    0.503827989  -49.839881640
    0.512646614  -52.286324285
    0.521465238  -54.619899570
    0.530283862  -56.945763398
    0.539102487  -59.178430232
    0.547921111  -61.152929789
    0.556739735  -62.744465246
    0.565558360  -63.914501795
    0.574376984  -64.706852457
    0.583195608  -65.238153254
    0.592014233  -65.665851848
    0.600832857  -66.096457466
    0.609651481  -66.502309492
    0.618470106  -66.788179707
    0.627288730  -66.904942139
    0.636107354  -66.849788981
    0.644925979  -66.614621499
    0.653744603  -66.183871040
    0.662563228  -65.580547296
    0.671381852  -64.888680750
    0.680200476  -64.228347613
    0.689019101  -63.712972435
    0.697837725  -63.421624884
    0.706656349  -63.387088568
    0.715474974  -63.637648437
    0.724293598  -64.188704011
    0.733112222  -65.016532140
    0.741930847  -66.036485607
    0.750749471  -67.131461600
    0.759568095  -68.175541918
    0.768386720  -69.079304134
    0.777205344  -69.822532782
    0.786023968  -70.455936152
    0.794842593  -71.040244974
    0.803661217  -71.596922153
    0.812479841  -72.121887395
    0.821298466  -72.613540878
    0.830117090  -73.144375278
    0.838935714  -74.058998608
    0.847754339  -76.023921416
    0.856572963  -79.034145835
    0.865391587  -82.264447554
    0.874210212  -85.176869721
    0.883028836  -87.606952615
    0.891847460  -89.572276257
    0.900666085  -91.161431396
    0.909484709  -92.453492766
    0.918303333  -93.493697821
    0.927121958  -94.303780694
    0.935940582  -94.916056450
    0.944759206  -95.377921953
    0.953577831  -95.705656450
    0.962396455  -95.830051608
    0.971215079  -95.623338599
    0.980033704  -94.987182008
    0.988852328  -93.967904811
    0.997670952  -92.764796640
    1.006489577  -91.648186122
    1.015308201  -90.811096329
    1.024126825  -90.300373132
    1.032945450  -90.033589345
    1.041764074  -89.885929571
    1.050582698  -89.747260023
    1.059401323  -89.557220702
    1.068219947  -89.286037947
    1.077038571  -88.904904122
    1.085857196  -88.364772618
    1.094675820  -87.623358468
    1.103494444  -86.709534186
    1.112313069  -85.765194811
    1.121131693  -84.996064785
    1.129950317  -84.550064173
    1.138768942  -84.446316177
    1.147587566  -84.572921907
    1.156406190  -84.786495202
    1.165224815  -85.022545053
    1.174043439  -85.313721210
    1.182862063  -85.711184232
    1.191680688  -86.249342468
    1.200499312  -86.917761339
    1.209317937  -87.659852196
    1.218136561  -88.391910011
    1.226955185  -89.044497163
    1.235773810  -89.596868786
    1.244592434  -90.080517186
    1.253411058  -90.543051731
    1.262229683  -90.991172217
    1.271048307  -91.390136919
    1.279866931  -91.735106427
    1.288685556  -92.073922076
    1.297504180  -92.451780504
    1.306322804  -92.871084625
    1.315141429  -93.297806891
    1.323960053  -93.678848406
    1.332778677  -93.954502389
    1.341597302  -94.051066897
    1.350415926  -93.925247650
    1.359234550  -93.613190360
    1.368053175  -93.211488966
    1.376871799  -92.811748870
    1.385690423  -92.461595209
    1.394509048  -92.167279950
    1.403327672  -91.907395369
    1.412146296  -91.641898830
    1.420964921  -91.328780606
    1.429783545  -90.960036057
    1.438602169  -90.568431069
    1.447420794  -90.205685410
    1.456239418  -89.889698673
    1.465058042  -89.596781986
    1.473876667  -89.281301559
    1.482695291  -88.910864221
    1.491513915  -88.505204919
    1.500332540  -88.118653295
    1.509151164  -87.807249055
    1.517969788  -87.616962461
    1.526788413  -87.578679443
    1.535607037  -87.671510601
    1.544425661  -87.824753936
    1.553244286  -87.955658666
    1.562062910  -88.032318214
    1.570881534  -88.082069885
    1.579700159  -88.133386683
    1.588518783  -88.159494015
    1.597337407  -88.085912149
    1.606156032  -87.859541405
    1.614974656  -87.512445276
    1.623793280  -87.133454134
    1.632611905  -86.803281872
    1.641430529  -86.542763511
    1.650249153  -86.310358030
    1.659067778  -86.024863257
    1.667886402  -85.625579433
    1.676705026  -85.113496895
    1.685523651  -84.549397567
    1.694342275  -84.007563627
    1.703160899  -83.533337686
    1.711979524  -83.136923228
    1.720798148  -82.794520447
    1.729616772  -82.471948826
    1.738435397  -82.133290866
    1.747254021  -81.754188561
    1.756072646  -81.338494502
    1.764891270  -80.910242756
    1.773709894  -80.487593678
    1.782528519  -80.079135875
    1.791347143  -79.700578112
    1.800165767  -79.388125377
    1.808984392  -79.189165551
    1.817803016  -79.139847896
    1.826621640  -79.235297897
    1.835440265  -79.436623394
    1.844258889  -79.705702746
    1.853077513  -79.998774783
    1.861896138  -80.266881130
    1.870714762  -80.462586639
    1.879533386  -80.558047409
    1.888352011  -80.555162675
    1.897170635  -80.481851022
    1.905989259  -80.376618021
    1.914807884  -80.268074348
    1.923626508  -80.169083444
    1.932445132  -80.100167278
    1.941263757  -80.112135355
    1.950082381  -80.272399218
    1.958901005  -80.602637443
    1.967719630  -81.022673125
    1.976538254  -81.402209308
    1.985356878  -81.641374385
    1.994175503  -81.736635708
    2.002994127  -81.753619392
    2.011812751  -81.755660908
    2.020631376  -81.754540088
    2.029450000  -81.713865661
    2.038268624  -81.578377919
    2.047087249  -81.304291979
    2.055905873  -80.874621105
    2.064724497  -80.312063202
    2.073543122  -79.708815125
    2.082361746  -79.198789881
    2.091180370  -78.885948322
    2.099998995  -78.754577680
    2.108817619  -78.700827313
    2.117636243  -78.629215604
    2.126454868  -78.531390487
    2.135273492  -78.474537237
    2.144092116  -78.521524555
    2.152910741  -78.667120305
    2.161729365  -78.841958184
    2.170547989  -78.951593655
    2.179366614  -78.937806417
    2.188185238  -78.818358821
    2.197003862  -78.674332462
    2.205822487  -78.581658459
    2.214641111  -78.552824697
    2.223459735  -78.534015662
    2.232278360  -78.443510726
    2.241096984  -78.251311493
    2.249915608  -78.008799431
    2.258734233  -77.806269127
    2.267552857  -77.703750747
    2.276371481  -77.685152849
    2.285190106  -77.671408613
    2.294008730  -77.563608987
    2.302827354  -77.331745206
    2.311645979  -77.041429463
    2.320464603  -76.786434846
    2.329283228  -76.604804010
    2.338101852  -76.476147177
    2.346920476  -76.364811603
    2.355739101  -76.245488600
    2.364557725  -76.137900259
    2.373376349  -76.088522752
    2.382194974  -76.106967960
    2.391013598  -76.139608559
    2.399832222  -76.113195552
    2.408650847  -75.995769901
    2.417469471  -75.821089235
    2.426288095  -75.659866129
    2.435106720  -75.560376105
    2.443925344  -75.532753960
    2.452743968  -75.551250283
    2.461562593  -75.585540733
    2.470381217  -75.614026210
    2.479199841  -75.629188673
    2.488018466  -75.635086682
    2.496837090  -75.644846177
    2.505655714  -75.666665468
    2.514474339  -75.697909001
    2.523292963  -75.715625843
    2.532111587  -75.684601362
    2.540930212  -75.591225798
    2.549748836  -75.449067647
    2.558567460  -75.289712001
    2.567386085  -75.142027841
    2.576204709  -75.016715490
    2.585023333  -74.915184026
    2.593841958  -74.847984422
    2.602660582  -74.832212783
    2.611479206  -74.862804930
    2.620297831  -74.908970531
    2.629116455  -74.946190666
    2.637935079  -74.970676863
    2.646753704  -74.981361981
    2.655572328  -74.962042569
    2.664390952  -74.894237379
    2.673209577  -74.771746338
    2.682028201  -74.575944778
    2.690846825  -74.318418222
    2.699665450  -74.078529683
    2.708484074  -73.963063764
    2.717302698  -74.024328661
    2.726121323  -74.227336282
    2.734939947  -74.489252085
    2.743758571  -74.729268130
    2.752577196  -74.872724209
    2.761395820  -74.882295098
    2.770214444  -74.797788281
    2.779033069  -74.701834532
    2.787851693  -74.642209848
    2.796670317  -74.615993371
    2.805488942  -74.617152196
    2.814307566  -74.641598851
    2.823126190  -74.664163259
    2.831944815  -74.662602439
    2.840763439  -74.630974955
    2.849582063  -74.574914214
    2.858400688  -74.505082416
    2.867219312  -74.443502531
    2.876037937  -74.419408929
    2.884856561  -74.439657479
    2.893675185  -74.472230371
    2.902493810  -74.456410896
    2.911312434  -74.356566696
    2.920131058  -74.210059144
    2.928949683  -74.108958491
    2.937768307  -74.147532145
    2.946586931  -74.364176087
    2.955405556  -74.705056245
    2.964224180  -75.033545872
    2.973042804  -75.217471977
    2.981861429  -75.209994301
    2.990680053  -75.059262587
    2.999498677  -74.855373374
    3.008317302  -74.684561160
    3.017135926  -74.578957550
    3.025954550  -74.521122316
    3.034773175  -74.495052463
    3.043591799  -74.519207400
    3.052410423  -74.603869941
    3.061229048  -74.719096469
    3.070047672  -74.806537036
    3.078866296  -74.836561862
    3.087684921  -74.838568706
    3.096503545  -74.856681434
    3.105322169  -74.882801693
    3.114140794  -74.868434441
    3.122959418  -74.783372160
    3.131778042  -74.661051672
    3.140596667  -74.588092078
    3.149415291  -74.650397920
    3.158233915  -74.865060289
    3.167052540  -75.166881873
    3.175871164  -75.473634216
    3.184689788  -75.717684877
    3.193508413  -75.882339353
    3.202327037  -75.997142684
    3.211145661  -76.101564292
    3.219964286  -76.212559782
    3.228782910  -76.307568397
    3.237601534  -76.344153417
    3.246420159  -76.312069809
    3.255238783  -76.241024226
    3.264057407  -76.182268282
    3.272876032  -76.171705773
    3.281694656  -76.217535741
    3.290513280  -76.289404729
    3.299331905  -76.341594932
    3.308150529  -76.340600838
    3.316969153  -76.299873406
    3.325787778  -76.269906001
    3.334606402  -76.292476044
    3.343425026  -76.376432268
    3.352243651  -76.505629100
    3.361062275  -76.659228952
    3.369880899  -76.827175381
    3.378699524  -76.986197076
    3.387518148  -77.104368937
    3.396336772  -77.144632425
    3.405155397  -77.093361048
    3.413974021  -76.979097446
    3.422792646  -76.860042796
    3.431611270  -76.768341406
    3.440429894  -76.701794728
    3.449248519  -76.662964680
    3.458067143  -76.674230547
    3.466885767  -76.748129792
    3.475704392  -76.863656356
    3.484523016  -76.960142914
    3.493341640  -76.944834694
    3.502160265  -76.697740412
    3.510978889  -76.095299985
    3.519797513  -75.039699329
    3.528616138  -73.440409544
    3.537434762  -71.172323284
    3.546253386  -68.036938049
    3.555072011  -63.788485032
    3.563890635  -58.240935778
    3.572709259  -51.434340727
    3.581527884  -43.730091490
    3.590346508  -35.742001415
    3.599165132  -28.162844107
    3.607983757  -21.593037045
    3.616802381  -16.511847956
    3.625621005  -13.246524513
    3.634439630  -11.598359598
    3.643258254  -10.881964539
    3.652076878  -10.575839184
    3.660895503  -10.443943242
    3.669714127  -10.388438762
    3.678532751  -10.366790683
    3.687351376  -10.358917699
    3.696170000  -10.356444642
