#! FIELDS pp.proj projection
#! SET min_pp.proj 0.36273
#! SET max_pp.proj 3.69617
#! SET nbins_pp.proj  379
#! SET periodic_pp.proj false
    0.362730000  -10.355618878
    0.371548624  -10.355618878
    0.380367249  -10.355618878
    0.389185873  -10.355618878
    0.398004497  -10.355618878
    0.406823122  -10.355618878
    0.415641746  -10.355618878
    0.424460370  -10.355618878
    0.433278995  -10.355618878
    0.442097619  -10.355618878
    0.450916243  -10.355618878
    0.459734868  -10.355618878
    0.468553492  -10.355618878
    0.477372116  -10.355618878
    0.486190741  -10.355618878
    0.495009365  -10.355618878
    0.503827989  -10.355618878
    0.512646614  -10.355618878
    0.521465238  -10.355618878
    0.530283862  -10.355618878
    0.539102487  -10.355618878
    0.547921111  -10.355618878
    0.556739735  -10.355618878
    0.565558360  -10.355618878
    0.574376984  -10.355618878
    0.583195608  -10.355618878
    0.592014233  -10.355618878
    0.600832857  -10.355618878
    0.609651481  -10.355618878
    0.618470106  -10.355618878
    0.627288730  -10.355618878
    0.636107354  -10.355618878
    0.644925979  -10.355618878
    0.653744603  -10.355618878
    0.662563228  -10.355618878
    0.671381852  -10.355618878
    0.680200476  -10.355618878
    0.689019101  -10.355678044
    0.697837725  -10.355845211
    0.706656349  -10.356404820
    0.715474974  -10.357991072
    0.724293598  -10.362026756
    0.733112222  -10.371194702
    0.741930847  -10.389726291
    0.750749471  -10.424057965
    0.759568095  -10.483416161
    0.768386720  -10.582764840
    0.777205344  -10.748686335
    0.786023968  -11.036634025
    0.794842593  -11.564301866
    0.803661217  -12.553510004
    0.812479841  -14.285953866
    0.821298466  -16.851894314
    0.830117090  -19.981022777
    0.838935714  -23.243018427
    0.847754339  -26.262227549
    0.856572963  -28.787127929
    0.865391587  -30.692770090
    0.874210212  -31.961511375
    0.883028836  -32.648706098
    0.891847460  -32.841496257
    0.900666085  -32.629186536
    0.909484709  -32.105930258
    0.918303333  -31.415009125
    0.927121958  -30.810240606
    0.935940582  -30.708058395
    0.944759206  -31.384112249
    0.953577831  -32.513194987
    0.962396455  -33.612436123
    0.971215079  -34.497611710
    0.980033704  -35.176454002
    0.988852328  -35.671622143
    0.997670952  -35.958198006
    1.006489577  -35.981944922
    1.015308201  -35.725454769
    1.024126825  -35.240636531
    1.032945450  -34.629221566
    1.041764074  -33.985397847
    1.050582698  -33.320980947
    1.059401323  -32.535682952
    1.068219947  -31.536222015
    1.077038571  -30.358191578
    1.085857196  -29.122587539
    1.094675820  -27.906330827
    1.103494444  -26.708121962
    1.112313069  -25.534436561
    1.121131693  -24.457498389
    1.129950317  -23.579833851
    1.138768942  -22.956428216
    1.147587566  -22.558223368
    1.156406190  -22.277412025
    1.165224815  -21.976950061
    1.174043439  -21.547212259
    1.182862063  -20.927891260
    1.191680688  -20.122635594
    1.200499312  -19.196910918
    1.209317937  -18.282403550
    1.218136561  -17.565291612
    1.226955185  -17.206823027
    1.235773810  -17.218215343
    1.244592434  -17.446124117
    1.253411058  -17.692426077
    1.262229683  -17.828325487
    1.271048307  -17.851041364
    1.279866931  -17.866992369
    1.288685556  -18.007517222
    1.297504180  -18.334769846
    1.306322804  -18.803508956
    1.315141429  -19.289484125
    1.323960053  -19.658096146
    1.332778677  -19.834907267
    1.341597302  -19.829665797
    1.350415926  -19.684956902
    1.359234550  -19.427096633
    1.368053175  -19.041743114
    1.376871799  -18.506590383
    1.385690423  -17.841076125
    1.394509048  -17.110598819
    1.403327672  -16.400071944
    1.412146296  -15.785307460
    1.420964921  -15.334012548
    1.429783545  -15.136517363
    1.438602169  -15.299075015
    1.447420794  -15.873173480
    1.456239418  -16.784297114
    1.465058042  -17.866951327
    1.473876667  -18.954119728
    1.482695291  -19.927211038
    1.491513915  -20.708874018
    1.500332540  -21.242320420
    1.509151164  -21.515801828
    1.517969788  -21.606242020
    1.526788413  -21.685927525
    1.535607037  -21.898018207
    1.544425661  -22.216367606
    1.553244286  -22.446826951
    1.562062910  -22.401772006
    1.570881534  -22.039895752
    1.579700159  -21.456731412
    1.588518783  -20.790811135
    1.597337407  -20.140868846
    1.606156032  -19.552092216
    1.614974656  -19.065074176
    1.623793280  -18.769253774
    1.632611905  -18.769761722
    1.641430529  -19.100992373
    1.650249153  -19.678973187
    1.659067778  -20.335983898
    1.667886402  -20.903721420
    1.676705026  -21.276363279
    1.685523651  -21.435973747
    1.694342275  -21.424958207
    1.703160899  -21.306127447
    1.711979524  -21.136587268
    1.720798148  -20.974725078
    1.729616772  -20.892498851
    1.738435397  -20.961786996
    1.747254021  -21.212959250
    1.756072646  -21.593655896
    1.764891270  -22.000311344
    1.773709894  -22.385094880
    1.782528519  -22.781801624
    1.791347143  -23.192390092
    1.800165767  -23.568856263
    1.808984392  -23.921441107
    1.817803016  -24.319513508
    1.826621640  -24.797994548
    1.835440265  -25.339581998
    1.844258889  -25.883294730
    1.853077513  -26.362544147
    1.861896138  -26.758188479
    1.870714762  -27.135829528
    1.879533386  -27.604478016
    1.888352011  -28.220497706
    1.897170635  -28.928733329
    1.905989259  -29.557186908
    1.914807884  -29.901091164
    1.923626508  -29.834785343
    1.932445132  -29.395708354
    1.941263757  -28.770378291
    1.950082381  -28.191933761
    1.958901005  -27.815347983
    1.967719630  -27.640809083
    1.976538254  -27.536522401
    1.985356878  -27.321981819
    1.994175503  -26.869591077
    2.002994127  -26.150893402
    2.011812751  -25.243293455
    2.020631376  -24.295285347
    2.029450000  -23.460660041
    2.038268624  -22.829817473
    2.047087249  -22.356807485
    2.055905873  -21.929597762
    2.064724497  -21.531898576
    2.073543122  -21.274018712
    2.082361746  -21.297432469
    2.091180370  -21.646926446
    2.099998995  -22.241815265
    2.108817619  -22.924531543
    2.117636243  -23.519687578
    2.126454868  -23.911708601
    2.135273492  -24.099978218
    2.144092116  -24.178493395
    2.152910741  -24.249343593
    2.161729365  -24.347010843
    2.170547989  -24.426038183
    2.179366614  -24.434104859
    2.188185238  -24.397886818
    2.197003862  -24.445407112
    2.205822487  -24.738036686
    2.214641111  -25.352675382
    2.223459735  -26.191966018
    2.232278360  -27.001339195
    2.241096984  -27.513477292
    2.249915608  -27.621809723
    2.258734233  -27.428623654
    2.267552857  -27.130441155
    2.276371481  -26.875556377
    2.285190106  -26.709912209
    2.294008730  -26.600612173
    2.302827354  -26.512289211
    2.311645979  -26.455771390
    2.320464603  -26.488694017
    2.329283228  -26.663701095
    2.338101852  -26.959241561
    2.346920476  -27.262093059
    2.355739101  -27.413179735
    2.364557725  -27.304073123
    2.373376349  -26.933176547
    2.382194974  -26.381629179
    2.391013598  -25.749331807
    2.399832222  -25.108281960
    2.408650847  -24.520153630
    2.417469471  -24.057485091
    2.426288095  -23.793879678
    2.435106720  -23.775469442
    2.443925344  -23.993567293
    2.452743968  -24.330765912
    2.461562593  -24.607985576
    2.470381217  -24.705374812
    2.479199841  -24.632736855
    2.488018466  -24.480490727
    2.496837090  -24.334239554
    2.505655714  -24.210435521
    2.514474339  -24.074439577
    2.523292963  -23.875599915
    2.532111587  -23.577049785
    2.540930212  -23.171570670
    2.549748836  -22.683132006
    2.558567460  -22.175119245
    2.567386085  -21.725182953
    2.576204709  -21.375108117
    2.585023333  -21.112960994
    2.593841958  -20.909981256
    2.602660582  -20.753060761
    2.611479206  -20.646047653
    2.620297831  -20.601348204
    2.629116455  -20.618858543
    2.637935079  -20.667908109
    2.646753704  -20.684451126
    2.655572328  -20.604861780
    2.664390952  -20.400422606
    2.673209577  -20.115163726
    2.682028201  -19.847335527
    2.690846825  -19.699119980
    2.699665450  -19.713990360
    2.708484074  -19.837924332
    2.717302698  -19.928183208
    2.726121323  -19.817734455
    2.734939947  -19.398908096
    2.743758571  -18.685947523
    2.752577196  -17.814656564
    2.761395820  -16.979918188
    2.770214444  -16.346554533
    2.779033069  -15.989205209
    2.787851693  -15.890447009
    2.796670317  -15.964743207
    2.805488942  -16.083795397
    2.814307566  -16.108150876
    2.823126190  -15.954852389
    2.831944815  -15.669272437
    2.840763439  -15.391205677
    2.849582063  -15.264794824
    2.858400688  -15.358561130
    2.867219312  -15.641503348
    2.876037937  -15.995812659
    2.884856561  -16.268803346
    2.893675185  -16.374199328
    2.902493810  -16.366157483
    2.911312434  -16.402869413
    2.920131058  -16.614420435
    2.928949683  -16.993036360
    2.937768307  -17.391587930
    2.946586931  -17.603996267
    2.955405556  -17.486749667
    2.964224180  -17.061162347
    2.973042804  -16.532515691
    2.981861429  -16.170669978
    2.990680053  -16.126495745
    2.999498677  -16.338144141
    3.008317302  -16.607150679
    3.017135926  -16.753627582
    3.025954550  -16.716061924
    3.034773175  -16.540202097
    3.043591799  -16.307092827
    3.052410423  -16.108580740
    3.061229048  -16.045974836
    3.070047672  -16.185245166
    3.078866296  -16.509834759
    3.087684921  -16.915822995
    3.096503545  -17.257776908
    3.105322169  -17.419910621
    3.114140794  -17.382156325
    3.122959418  -17.210887585
    3.131778042  -17.007060764
    3.140596667  -16.845123699
    3.149415291  -16.760045749
    3.158233915  -16.750907785
    3.167052540  -16.790058120
    3.175871164  -16.838066853
    3.184689788  -16.859488355
    3.193508413  -16.844870470
    3.202327037  -16.822030899
    3.211145661  -16.847589996
    3.219964286  -16.974327027
    3.228782910  -17.199718047
    3.237601534  -17.428254390
    3.246420159  -17.500212990
    3.255238783  -17.289855743
    3.264057407  -16.800586006
    3.272876032  -16.168146363
    3.281694656  -15.565814915
    3.290513280  -15.101637583
    3.299331905  -14.786079225
    3.308150529  -14.578247017
    3.316969153  -14.424399484
    3.325787778  -14.275475292
    3.334606402  -14.120760063
    3.343425026  -14.008298815
    3.352243651  -14.015425126
    3.361062275  -14.192548981
    3.369880899  -14.537744517
    3.378699524  -15.007616764
    3.387518148  -15.529554087
    3.396336772  -16.001047830
    3.405155397  -16.294084051
    3.413974021  -16.313084854
    3.422792646  -16.067236642
    3.431611270  -15.685870247
    3.440429894  -15.348246434
    3.449248519  -15.180644494
    3.458067143  -15.213297471
    3.466885767  -15.380011672
    3.475704392  -15.539636813
    3.484523016  -15.514493494
    3.493341640  -15.173134405
    3.502160265  -14.497349743
    3.510978889  -13.591314175
    3.519797513  -12.636504512
    3.528616138  -11.812369505
    3.537434762  -11.212582625
    3.546253386  -10.828231453
    3.555072011  -10.601626698
    3.563890635  -10.475763462
    3.572709259  -10.410074322
    3.581527884  -10.378129605
    3.590346508  -10.363988172
    3.599165132  -10.358433250
    3.607983757  -10.356345097
    3.616802381  -10.355769130
    3.625621005  -10.355618878
    3.634439630  -10.355618878
    3.643258254  -10.355618878
    3.652076878  -10.355618878
    3.660895503  -10.355618878
    3.669714127  -10.355618878
    3.678532751  -10.355618878
    3.687351376  -10.355618878
    3.696170000  -10.355618878
