#! FIELDS pp.proj projection
#! SET min_pp.proj 0.36273
#! SET max_pp.proj 3.69617
#! SET nbins_pp.proj  379
#! SET periodic_pp.proj false
    0.362730000  -10.355618878
    0.371548624  -10.355618878
    0.380367249  -10.355618878
    0.389185873  -10.355618878
    0.398004497  -10.355618878
    0.406823122  -10.355618878
    0.415641746  -10.355618878
    0.424460370  -10.355618878
    0.433278995  -10.355618878
    0.442097619  -10.355618878
    0.450916243  -10.355618878
    0.459734868  -10.355618878
    0.468553492  -10.355618878
    0.477372116  -10.355618878
    0.486190741  -10.355618878
    0.495009365  -10.355618878
    0.503827989  -10.355618878
    0.512646614  -10.355618878
    0.521465238  -10.355618878
    0.530283862  -10.355618878
    0.539102487  -10.355618878
    0.547921111  -10.355618878
    0.556739735  -10.355618878
    0.565558360  -10.355618878
    0.574376984  -10.355618878
    0.583195608  -10.355618878
    0.592014233  -10.355618878
    0.600832857  -10.355618878
    0.609651481  -10.355618878
    0.618470106  -10.355618878
    0.627288730  -10.355654167
    0.636107354  -10.355853212
    0.644925979  -10.356492008
    0.653744603  -10.358723547
    0.662563228  -10.364955277
    0.671381852  -10.380770905
    0.680200476  -10.417086073
    0.689019101  -10.493578912
    0.697837725  -10.643926980
    0.706656349  -10.924643785
    0.715474974  -11.425996148
    0.724293598  -12.266120810
    0.733112222  -13.526981949
    0.741930847  -15.156049611
    0.750749471  -16.981531306
    0.759568095  -18.847297528
    0.768386720  -20.688637110
    0.777205344  -22.489844566
    0.786023968  -24.200680400
    0.794842593  -25.702053334
    0.803661217  -26.879191472
    0.812479841  -27.794069428
    0.821298466  -28.847871417
    0.830117090  -30.587633718
    0.838935714  -33.096352065
    0.847754339  -35.991940991
    0.856572963  -38.907132645
    0.865391587  -41.666964472
    0.874210212  -44.269998762
    0.883028836  -46.811455930
    0.891847460  -49.383997076
    0.900666085  -51.997387970
    0.909484709  -54.576430580
    0.918303333  -57.014430153
    0.927121958  -59.234793834
    0.935940582  -61.216957511
    0.944759206  -62.967532131
    0.953577831  -64.469838722
    0.962396455  -65.642203640
    0.971215079  -66.370995755
    0.980033704  -66.620418294
    0.988852328  -66.530991889
    0.997670952  -66.410588743
    1.006489577  -66.597501884
    1.015308201  -67.256061665
    1.024126825  -68.312569904
    1.032945450  -69.569066762
    1.041764074  -70.847857913
    1.050582698  -72.058857934
    1.059401323  -73.201166330
    1.068219947  -74.314419012
    1.077038571  -75.405040545
    1.085857196  -76.425050212
    1.094675820  -77.326574899
    1.103494444  -78.126202127
    1.112313069  -78.894440666
    1.121131693  -79.692643289
    1.129950317  -80.541528747
    1.138768942  -81.383869885
    1.147587566  -82.094361722
    1.156406190  -82.596453648
    1.165224815  -82.939301756
    1.174043439  -83.257770482
    1.182862063  -83.657790887
    1.191680688  -84.173679910
    1.200499312  -84.765062268
    1.209317937  -85.371742304
    1.218136561  -85.945888488
    1.226955185  -86.481197484
    1.235773810  -87.020860495
    1.244592434  -87.606575910
    1.253411058  -88.219551236
    1.262229683  -88.747472452
    1.271048307  -89.064242621
    1.279866931  -89.134513726
    1.288685556  -89.044364860
    1.297504180  -88.917034284
    1.306322804  -88.781491389
    1.315141429  -88.534285816
    1.323960053  -88.023483035
    1.332778677  -87.199497024
    1.341597302  -86.165017082
    1.350415926  -85.096898523
    1.359234550  -84.083181237
    1.368053175  -83.058417818
    1.376871799  -81.878579454
    1.385690423  -80.471737328
    1.394509048  -78.894129196
    1.403327672  -77.304501830
    1.412146296  -75.928536357
    1.420964921  -74.985359123
    1.429783545  -74.562601530
    1.438602169  -74.567465929
    1.447420794  -74.843141271
    1.456239418  -75.285247286
    1.465058042  -75.811579966
    1.473876667  -76.321848093
    1.482695291  -76.752598804
    1.491513915  -77.099855152
    1.500332540  -77.368156041
    1.509151164  -77.534383767
    1.517969788  -77.592221768
    1.526788413  -77.577930652
    1.535607037  -77.543331682
    1.544425661  -77.507320524
    1.553244286  -77.456510182
    1.562062910  -77.379650368
    1.570881534  -77.292631655
    1.579700159  -77.228348589
    1.588518783  -77.176426769
    1.597337407  -77.094410009
    1.606156032  -76.946226380
    1.614974656  -76.707110638
    1.623793280  -76.333807206
    1.632611905  -75.790540977
    1.641430529  -75.108558160
    1.650249153  -74.389959549
    1.659067778  -73.709233549
    1.667886402  -73.071006377
    1.676705026  -72.453738975
    1.685523651  -71.867982067
    1.694342275  -71.339697679
    1.703160899  -70.869637928
    1.711979524  -70.416357013
    1.720798148  -69.921163594
    1.729616772  -69.373455309
    1.738435397  -68.827168981
    1.747254021  -68.358813201
    1.756072646  -68.015935681
    1.764891270  -67.764381876
    1.773709894  -67.483200416
    1.782528519  -67.062289912
    1.791347143  -66.511155667
    1.800165767  -65.945723573
    1.808984392  -65.483425584
    1.817803016  -65.153066565
    1.826621640  -64.915642234
    1.835440265  -64.735328280
    1.844258889  -64.620096549
    1.853077513  -64.575712579
    1.861896138  -64.585050883
    1.870714762  -64.636235511
    1.879533386  -64.750674395
    1.888352011  -64.972794223
    1.897170635  -65.343202439
    1.905989259  -65.884152367
    1.914807884  -66.618051201
    1.923626508  -67.595609703
    1.932445132  -68.890231261
    1.941263757  -70.520469434
    1.950082381  -72.396298103
    1.958901005  -74.328800216
    1.967719630  -76.083325326
    1.976538254  -77.469039572
    1.985356878  -78.392863794
    1.994175503  -78.894139832
    2.002994127  -79.101227305
    2.011812751  -79.138859350
    2.020631376  -79.069818040
    2.029450000  -78.892903759
    2.038268624  -78.578485318
    2.047087249  -78.098974697
    2.055905873  -77.437479187
    2.064724497  -76.589445439
    2.073543122  -75.602893840
    2.082361746  -74.573591729
    2.091180370  -73.609371246
    2.099998995  -72.739573125
    2.108817619  -71.886165398
    2.117636243  -70.935651940
    2.126454868  -69.857474479
    2.135273492  -68.764301298
    2.144092116  -67.829351377
    2.152910741  -67.158786734
    2.161729365  -66.713832716
    2.170547989  -66.361981951
    2.179366614  -65.995670189
    2.188185238  -65.605659791
    2.197003862  -65.274178060
    2.205822487  -65.103348314
    2.214641111  -65.122238001
    2.223459735  -65.258834784
    2.232278360  -65.387908514
    2.241096984  -65.429968470
    2.249915608  -65.401920648
    2.258734233  -65.390748789
    2.267552857  -65.485652610
    2.276371481  -65.707412011
    2.285190106  -65.987761508
    2.294008730  -66.207231628
    2.302827354  -66.301470114
    2.311645979  -66.304931451
    2.320464603  -66.307919166
    2.329283228  -66.365778507
    2.338101852  -66.447612782
    2.346920476  -66.454688788
    2.355739101  -66.296580024
    2.364557725  -65.977230284
    2.373376349  -65.593988163
    2.382194974  -65.244451311
    2.391013598  -64.941749994
    2.399832222  -64.617970303
    2.408650847  -64.210023833
    2.417469471  -63.730804433
    2.426288095  -63.255648436
    2.435106720  -62.841355034
    2.443925344  -62.487235290
    2.452743968  -62.135354188
    2.461562593  -61.747731362
    2.470381217  -61.335253795
    2.479199841  -60.949496398
    2.488018466  -60.641147383
    2.496837090  -60.438050460
    2.505655714  -60.336757838
    2.514474339  -60.321805951
    2.523292963  -60.368002716
    2.532111587  -60.437516122
    2.540930212  -60.489742151
    2.549748836  -60.485340626
    2.558567460  -60.406044161
    2.567386085  -60.264657407
    2.576204709  -60.091340420
    2.585023333  -59.912067529
    2.593841958  -59.752536973
    2.602660582  -59.651395926
    2.611479206  -59.646886586
    2.620297831  -59.739000790
    2.629116455  -59.872068576
    2.637935079  -59.975383431
    2.646753704  -60.002947280
    2.655572328  -59.939830873
    2.664390952  -59.794904088
    2.673209577  -59.605283381
    2.682028201  -59.403315992
    2.690846825  -59.226728958
    2.699665450  -59.124782927
    2.708484074  -59.128350356
    2.717302698  -59.205549508
    2.726121323  -59.264657472
    2.734939947  -59.216721671
    2.743758571  -59.046711685
    2.752577196  -58.815726999
    2.761395820  -58.621642555
    2.770214444  -58.537631515
    2.779033069  -58.570868207
    2.787851693  -58.652948434
    2.796670317  -58.697459472
    2.805488942  -58.660611330
    2.814307566  -58.527256858
    2.823126190  -58.280136408
    2.831944815  -57.951273571
    2.840763439  -57.626039941
    2.849582063  -57.387456584
    2.858400688  -57.251489175
    2.867219312  -57.166181111
    2.876037937  -57.053703006
    2.884856561  -56.848728475
    2.893675185  -56.524755210
    2.902493810  -56.102284705
    2.911312434  -55.659288255
    2.920131058  -55.324795737
    2.928949683  -55.204191999
    2.937768307  -55.311978444
    2.946586931  -55.572348529
    2.955405556  -55.862498418
    2.964224180  -56.042497008
    2.973042804  -56.011099468
    2.981861429  -55.768351766
    2.990680053  -55.421131914
    2.999498677  -55.099070223
    3.008317302  -54.891936027
    3.017135926  -54.822297299
    3.025954550  -54.858572557
    3.034773175  -54.949360945
    3.043591799  -55.049771772
    3.052410423  -55.102791731
    3.061229048  -55.052200545
    3.070047672  -54.890185003
    3.078866296  -54.697505317
    3.087684921  -54.603306424
    3.096503545  -54.681647503
    3.105322169  -54.875943087
    3.114140794  -55.043268013
    3.122959418  -55.056760721
    3.131778042  -54.898602778
    3.140596667  -54.672339266
    3.149415291  -54.522583018
    3.158233915  -54.507978918
    3.167052540  -54.562372212
    3.175871164  -54.561160475
    3.184689788  -54.394553294
    3.193508413  -54.050775141
    3.202327037  -53.612983946
    3.211145661  -53.187772431
    3.219964286  -52.836861859
    3.228782910  -52.535248070
    3.237601534  -52.206334613
    3.246420159  -51.804035394
    3.255238783  -51.356044090
    3.264057407  -50.965953767
    3.272876032  -50.737072505
    3.281694656  -50.690459648
    3.290513280  -50.755143834
    3.299331905  -50.847738191
    3.308150529  -50.911600802
    3.316969153  -50.924569633
    3.325787778  -50.895704389
    3.334606402  -50.843496632
    3.343425026  -50.773132950
    3.352243651  -50.677540732
    3.361062275  -50.571345567
    3.369880899  -50.506535559
    3.378699524  -50.531359182
    3.387518148  -50.653476863
    3.396336772  -50.815319777
    3.405155397  -50.920609241
    3.413974021  -50.908942551
    3.422792646  -50.800845618
    3.431611270  -50.651571721
    3.440429894  -50.497800671
    3.449248519  -50.345553835
    3.458067143  -50.203421603
    3.466885767  -50.088525294
    3.475704392  -50.018551476
    3.484523016  -49.991526516
    3.493341640  -49.963716267
    3.502160265  -49.794347445
    3.510978889  -49.229279720
    3.519797513  -47.973287877
    3.528616138  -45.791981505
    3.537434762  -42.577525695
    3.546253386  -38.363505655
    3.555072011  -33.345893505
    3.563890635  -27.888561121
    3.572709259  -22.494348217
    3.581527884  -17.739006075
    3.590346508  -14.190319701
    3.599165132  -12.103290807
    3.607983757  -11.108444434
    3.616802381  -10.672974275
    3.625621005  -10.484225469
    3.634439630  -10.404163633
    3.643258254  -10.372462856
    3.652076878  -10.360636134
    3.660895503  -10.356751507
    3.669714127  -10.355674561
    3.678532751  -10.355618878
    3.687351376  -10.355618878
    3.696170000  -10.355618878
