#! FIELDS pp.proj projection
#! SET min_pp.proj 0.36273
#! SET max_pp.proj 3.69617
#! SET nbins_pp.proj  379
#! SET periodic_pp.proj false
    0.362730000  -10.355618878
    0.371548624  -10.355618878
    0.380367249  -10.355618878
    0.389185873  -10.355618878
    0.398004497  -10.355618878
    0.406823122  -10.355618878
    0.415641746  -10.355618878
    0.424460370  -10.355618878
    0.433278995  -10.355618878
    0.442097619  -10.355618878
    0.450916243  -10.355618878
    0.459734868  -10.355618878
    0.468553492  -10.355618878
    0.477372116  -10.355618878
    0.486190741  -10.355618878
    0.495009365  -10.355618878
    0.503827989  -10.355618878
    0.512646614  -10.355618878
    0.521465238  -10.355618878
    0.530283862  -10.355618878
    0.539102487  -10.355618878
    0.547921111  -10.355618878
    0.556739735  -10.355618878
    0.565558360  -10.355618878
    0.574376984  -10.355618878
    0.583195608  -10.355618878
    0.592014233  -10.355618878
    0.600832857  -10.355618878
    0.609651481  -10.355618878
    0.618470106  -10.355618878
    0.627288730  -10.355654167
    0.636107354  -10.355853212
    0.644925979  -10.356492008
    0.653744603  -10.358723547
    0.662563228  -10.364955277
    0.671381852  -10.380770905
    0.680200476  -10.417086073
    0.689019101  -10.493578912
    0.697837725  -10.643926980
    0.706656349  -10.924643785
    0.715474974  -11.425996148
    0.724293598  -12.266120810
    0.733112222  -13.526981949
    0.741930847  -15.156049611
    0.750749471  -16.981531306
    0.759568095  -18.847297528
    0.768386720  -20.688637110
    0.777205344  -22.489844566
    0.786023968  -24.200680400
    0.794842593  -25.702053334
    0.803661217  -26.879191472
    0.812479841  -27.794069428
    0.821298466  -28.847842659
    0.830117090  -30.587557122
    0.838935714  -33.096183235
    0.847754339  -35.991614564
    0.856572963  -38.906535855
    0.865391587  -41.665962721
    0.874210212  -44.268529068
    0.883028836  -46.809723228
    0.891847460  -49.382404441
    0.900666085  -51.996141356
    0.909484709  -54.575460778
    0.918303333  -57.013475815
    0.927121958  -59.233337761
    0.935940582  -61.213816689
    0.944759206  -62.960113918
    0.953577831  -64.452552485
    0.962396455  -65.603949878
    0.971215079  -66.291637803
    0.980033704  -66.465911325
    0.988852328  -66.246482378
    0.997670952  -65.910885698
    1.006489577  -65.765482890
    1.015308201  -65.971682955
    1.024126825  -66.478947482
    1.032945450  -67.076484526
    1.041764074  -67.517877085
    1.050582698  -67.613889260
    1.059401323  -67.287344729
    1.068219947  -66.569175114
    1.077038571  -65.564131284
    1.085857196  -64.390119293
    1.094675820  -63.135237039
    1.103494444  -61.880012200
    1.112313069  -60.751828650
    1.121131693  -59.934940603
    1.129950317  -59.544553141
    1.138768942  -59.526153470
    1.147587566  -59.710243189
    1.156406190  -59.951803665
    1.165224815  -60.205366098
    1.174043439  -60.522198702
    1.182862063  -60.957566690
    1.191680688  -61.497214728
    1.200499312  -62.074637596
    1.209317937  -62.643917238
    1.218136561  -63.190868905
    1.226955185  -63.673200240
    1.235773810  -63.993607571
    1.244592434  -64.060536910
    1.253411058  -63.850814641
    1.262229683  -63.433179505
    1.271048307  -62.935051084
    1.279866931  -62.483191109
    1.288685556  -62.138100522
    1.297504180  -61.887009192
    1.306322804  -61.689045884
    1.315141429  -61.516274357
    1.323960053  -61.333173637
    1.332778677  -61.101418334
    1.341597302  -60.785078844
    1.350415926  -60.374956513
    1.359234550  -59.901557376
    1.368053175  -59.414700777
    1.376871799  -58.942329431
    1.385690423  -58.471746935
    1.394509048  -57.965113529
    1.403327672  -57.375400149
    1.412146296  -56.658831368
    1.420964921  -55.797176739
    1.429783545  -54.838380309
    1.438602169  -53.885819721
    1.447420794  -53.049966541
    1.456239418  -52.378703808
    1.465058042  -51.836316380
    1.473876667  -51.321945170
    1.482695291  -50.732203955
    1.491513915  -50.032653324
    1.500332540  -49.254482260
    1.509151164  -48.450530388
    1.517969788  -47.668849876
    1.526788413  -46.943039677
    1.535607037  -46.282544256
    1.544425661  -45.677372095
    1.553244286  -45.115416452
    1.562062910  -44.596291637
    1.570881534  -44.097281153
    1.579700159  -43.517180889
    1.588518783  -42.722895742
    1.597337407  -41.678561904
    1.606156032  -40.540356884
    1.614974656  -39.597348994
    1.623793280  -39.058544831
    1.632611905  -38.917871665
    1.641430529  -39.032841990
    1.650249153  -39.241313281
    1.659067778  -39.400983025
    1.667886402  -39.404281477
    1.676705026  -39.212643188
    1.685523651  -38.887820620
    1.694342275  -38.566919921
    1.703160899  -38.382723698
    1.711979524  -38.389747050
    1.720798148  -38.548618750
    1.729616772  -38.782161342
    1.738435397  -39.019371800
    1.747254021  -39.231224925
    1.756072646  -39.445917445
    1.764891270  -39.701872051
    1.773709894  -39.959473549
    1.782528519  -40.083341787
    1.791347143  -39.948641921
    1.800165767  -39.560801976
    1.808984392  -39.072015233
    1.817803016  -38.688966869
    1.826621640  -38.492699471
    1.835440265  -38.379891948
    1.844258889  -38.173190827
    1.853077513  -37.760436463
    1.861896138  -37.151702674
    1.870714762  -36.482482876
    1.879533386  -35.949748357
    1.888352011  -35.671452500
    1.897170635  -35.602994594
    1.905989259  -35.596791230
    1.914807884  -35.531532557
    1.923626508  -35.390619415
    1.932445132  -35.274698445
    1.941263757  -35.311306062
    1.950082381  -35.539507759
    1.958901005  -35.877064024
    1.967719630  -36.157828349
    1.976538254  -36.226033596
    1.985356878  -36.039632766
    1.994175503  -35.705707165
    2.002994127  -35.412584294
    2.011812751  -35.352432297
    2.020631376  -35.618475660
    2.029450000  -36.120364546
    2.038268624  -36.624953890
    2.047087249  -36.882005750
    2.055905873  -36.736733592
    2.064724497  -36.189217916
    2.073543122  -35.406319047
    2.082361746  -34.642157263
    2.091180370  -34.109363032
    2.099998995  -33.850277708
    2.108817619  -33.734749008
    2.117636243  -33.557286850
    2.126454868  -33.163822155
    2.135273492  -32.540153581
    2.144092116  -31.784666032
    2.152910741  -31.014597871
    2.161729365  -30.272294541
    2.170547989  -29.507559331
    2.179366614  -28.663104689
    2.188185238  -27.772930439
    2.197003862  -26.995775810
    2.205822487  -26.541136636
    2.214641111  -26.530692344
    2.223459735  -26.894777168
    2.232278360  -27.380821322
    2.241096984  -27.697251060
    2.249915608  -27.701669429
    2.258734233  -27.459515529
    2.267552857  -27.140665533
    2.276371481  -26.878692710
    2.285190106  -26.710664296
    2.294008730  -26.600612173
    2.302827354  -26.512289211
    2.311645979  -26.455771390
    2.320464603  -26.488694017
    2.329283228  -26.663701095
    2.338101852  -26.959241561
    2.346920476  -27.262093059
    2.355739101  -27.413179735
    2.364557725  -27.304073123
    2.373376349  -26.933176547
    2.382194974  -26.381629179
    2.391013598  -25.749331807
    2.399832222  -25.108281960
    2.408650847  -24.520153630
    2.417469471  -24.057485091
    2.426288095  -23.793879678
    2.435106720  -23.775469442
    2.443925344  -23.993567293
    2.452743968  -24.330765912
    2.461562593  -24.607985576
    2.470381217  -24.705374812
    2.479199841  -24.632736855
    2.488018466  -24.480490727
    2.496837090  -24.334239554
    2.505655714  -24.210435521
    2.514474339  -24.074439577
    2.523292963  -23.875599915
    2.532111587  -23.577049785
    2.540930212  -23.171570670
    2.549748836  -22.683132006
    2.558567460  -22.175119245
    2.567386085  -21.725182953
    2.576204709  -21.375108117
    2.585023333  -21.112960994
    2.593841958  -20.909981256
    2.602660582  -20.753060761
    2.611479206  -20.646047653
    2.620297831  -20.601348204
    2.629116455  -20.618858543
    2.637935079  -20.667908109
    2.646753704  -20.684451126
    2.655572328  -20.604861780
    2.664390952  -20.400422606
    2.673209577  -20.115163726
    2.682028201  -19.847335527
    2.690846825  -19.699119980
    2.699665450  -19.713990360
    2.708484074  -19.837924332
    2.717302698  -19.928183208
    2.726121323  -19.817734455
    2.734939947  -19.398908096
    2.743758571  -18.685947523
    2.752577196  -17.814656564
    2.761395820  -16.979918188
    2.770214444  -16.346554533
    2.779033069  -15.989205209
    2.787851693  -15.890447009
    2.796670317  -15.964743207
    2.805488942  -16.083795397
    2.814307566  -16.108150876
    2.823126190  -15.954852389
    2.831944815  -15.669272437
    2.840763439  -15.391205677
    2.849582063  -15.264794824
    2.858400688  -15.358561130
    2.867219312  -15.641503348
    2.876037937  -15.995812659
    2.884856561  -16.268803346
    2.893675185  -16.374199328
    2.902493810  -16.366157483
    2.911312434  -16.402869413
    2.920131058  -16.614420435
    2.928949683  -16.993036360
    2.937768307  -17.391587930
    2.946586931  -17.603996267
    2.955405556  -17.486749667
    2.964224180  -17.061162347
    2.973042804  -16.532515691
    2.981861429  -16.170669978
    2.990680053  -16.126495745
    2.999498677  -16.338144141
    3.008317302  -16.607150679
    3.017135926  -16.753627582
    3.025954550  -16.716061924
    3.034773175  -16.540202097
    3.043591799  -16.307092827
    3.052410423  -16.108580740
    3.061229048  -16.045974836
    3.070047672  -16.185245166
    3.078866296  -16.509834759
    3.087684921  -16.915822995
    3.096503545  -17.257776908
    3.105322169  -17.419910621
    3.114140794  -17.382156325
    3.122959418  -17.210887585
    3.131778042  -17.007060764
    3.140596667  -16.845123699
    3.149415291  -16.760045749
    3.158233915  -16.750907785
    3.167052540  -16.790058120
    3.175871164  -16.838066853
    3.184689788  -16.859488355
    3.193508413  -16.844870470
    3.202327037  -16.822030899
    3.211145661  -16.847589996
    3.219964286  -16.974327027
    3.228782910  -17.199718047
    3.237601534  -17.428254390
    3.246420159  -17.500212990
    3.255238783  -17.289855743
    3.264057407  -16.800586006
    3.272876032  -16.168146363
    3.281694656  -15.565814915
    3.290513280  -15.101637583
    3.299331905  -14.786079225
    3.308150529  -14.578247017
    3.316969153  -14.424399484
    3.325787778  -14.275475292
    3.334606402  -14.120760063
    3.343425026  -14.008298815
    3.352243651  -14.015425126
    3.361062275  -14.192548981
    3.369880899  -14.537744517
    3.378699524  -15.007616764
    3.387518148  -15.529554087
    3.396336772  -16.001047830
    3.405155397  -16.294084051
    3.413974021  -16.313084854
    3.422792646  -16.067236642
    3.431611270  -15.685870247
    3.440429894  -15.348246434
    3.449248519  -15.180644494
    3.458067143  -15.213297471
    3.466885767  -15.380011672
    3.475704392  -15.539636813
    3.484523016  -15.514493494
    3.493341640  -15.173134405
    3.502160265  -14.497349743
    3.510978889  -13.591314175
    3.519797513  -12.636504512
    3.528616138  -11.812369505
    3.537434762  -11.212582625
    3.546253386  -10.828231453
    3.555072011  -10.601626698
    3.563890635  -10.475763462
    3.572709259  -10.410074322
    3.581527884  -10.378129605
    3.590346508  -10.363988172
    3.599165132  -10.358433250
    3.607983757  -10.356345097
    3.616802381  -10.355769130
    3.625621005  -10.355618878
    3.634439630  -10.355618878
    3.643258254  -10.355618878
    3.652076878  -10.355618878
    3.660895503  -10.355618878
    3.669714127  -10.355618878
    3.678532751  -10.355618878
    3.687351376  -10.355618878
    3.696170000  -10.355618878
