#! FIELDS pp.proj projection
#! SET min_pp.proj 0.36273
#! SET max_pp.proj 3.69617
#! SET nbins_pp.proj  379
#! SET periodic_pp.proj false
    0.362730000  -10.355618878
    0.371548624  -10.355618878
    0.380367249  -10.355618878
    0.389185873  -10.355618878
    0.398004497  -10.355618878
    0.406823122  -10.355618878
    0.415641746  -10.355618878
    0.424460370  -10.355618878
    0.433278995  -10.355618878
    0.442097619  -10.355618878
    0.450916243  -10.355618878
    0.459734868  -10.355618878
    0.468553492  -10.355618878
    0.477372116  -10.355618878
    0.486190741  -10.355618878
    0.495009365  -10.355618878
    0.503827989  -10.355618878
    0.512646614  -10.355618878
    0.521465238  -10.355618878
    0.530283862  -10.355618878
    0.539102487  -10.355618878
    0.547921111  -10.355618878
    0.556739735  -10.355618878
    0.565558360  -10.355618878
    0.574376984  -10.355618878
    0.583195608  -10.355618878
    0.592014233  -10.355618878
    0.600832857  -10.355618878
    0.609651481  -10.355618878
    0.618470106  -10.355618878
    0.627288730  -10.355654167
    0.636107354  -10.355853212
    0.644925979  -10.356492008
    0.653744603  -10.358723547
    0.662563228  -10.364955277
    0.671381852  -10.380770905
    0.680200476  -10.417086073
    0.689019101  -10.493578912
    0.697837725  -10.643926980
    0.706656349  -10.924643785
    0.715474974  -11.425996148
    0.724293598  -12.266120810
    0.733112222  -13.526981949
    0.741930847  -15.156049611
    0.750749471  -16.981531306
    0.759568095  -18.847297528
    0.768386720  -20.688637110
    0.777205344  -22.489844566
    0.786023968  -24.200680400
    0.794842593  -25.702053334
    0.803661217  -26.879191472
    0.812479841  -27.794069428
    0.821298466  -28.847871417
    0.830117090  -30.587633718
    0.838935714  -33.096352065
    0.847754339  -35.991940991
    0.856572963  -38.907132645
    0.865391587  -41.666964472
    0.874210212  -44.269998762
    0.883028836  -46.811455930
    0.891847460  -49.383997076
    0.900666085  -51.997387970
    0.909484709  -54.576430580
    0.918303333  -57.014430153
    0.927121958  -59.234793834
    0.935940582  -61.216957511
    0.944759206  -62.967532131
    0.953577831  -64.469838722
    0.962396455  -65.642203640
    0.971215079  -66.370995755
    0.980033704  -66.620418294
    0.988852328  -66.530991889
    0.997670952  -66.410588743
    1.006489577  -66.597501884
    1.015308201  -67.256061665
    1.024126825  -68.312569904
    1.032945450  -69.569066762
    1.041764074  -70.847857913
    1.050582698  -72.058857934
    1.059401323  -73.201166330
    1.068219947  -74.314419012
    1.077038571  -75.405040545
    1.085857196  -76.425050212
    1.094675820  -77.326574899
    1.103494444  -78.126202127
    1.112313069  -78.894440666
    1.121131693  -79.692643289
    1.129950317  -80.541528747
    1.138768942  -81.383869885
    1.147587566  -82.094361722
    1.156406190  -82.596453648
    1.165224815  -82.939301756
    1.174043439  -83.257770482
    1.182862063  -83.657790887
    1.191680688  -84.173679910
    1.200499312  -84.765062268
    1.209317937  -85.371742304
    1.218136561  -85.945888488
    1.226955185  -86.481197484
    1.235773810  -87.020860495
    1.244592434  -87.606575910
    1.253411058  -88.219551236
    1.262229683  -88.747472452
    1.271048307  -89.064242621
    1.279866931  -89.134513726
    1.288685556  -89.044364860
    1.297504180  -88.917034284
    1.306322804  -88.781491389
    1.315141429  -88.534285816
    1.323960053  -88.023483035
    1.332778677  -87.199497024
    1.341597302  -86.165017082
    1.350415926  -85.096898523
    1.359234550  -84.083181237
    1.368053175  -83.058417818
    1.376871799  -81.878579454
    1.385690423  -80.471737328
    1.394509048  -78.894129196
    1.403327672  -77.304501830
    1.412146296  -75.928536357
    1.420964921  -74.985359123
    1.429783545  -74.562601530
    1.438602169  -74.567465929
    1.447420794  -74.843141271
    1.456239418  -75.285247286
    1.465058042  -75.811579966
    1.473876667  -76.321848093
    1.482695291  -76.752598804
    1.491513915  -77.099855152
    1.500332540  -77.368156041
    1.509151164  -77.534383767
    1.517969788  -77.592221768
    1.526788413  -77.577930652
    1.535607037  -77.543331682
    1.544425661  -77.507320524
    1.553244286  -77.456510182
    1.562062910  -77.379650368
    1.570881534  -77.292631655
    1.579700159  -77.228348589
    1.588518783  -77.176426769
    1.597337407  -77.094410009
    1.606156032  -76.946226380
    1.614974656  -76.707110638
    1.623793280  -76.333807206
    1.632611905  -75.790540977
    1.641430529  -75.108558160
    1.650249153  -74.389959549
    1.659067778  -73.709233549
    1.667886402  -73.071006377
    1.676705026  -72.453738975
    1.685523651  -71.867982067
    1.694342275  -71.339732206
    1.703160899  -70.869805630
    1.711979524  -70.417012769
    1.720798148  -69.923378513
    1.729616772  -69.379843705
    1.738435397  -68.843176086
    1.747254021  -68.393979534
    1.756072646  -68.084673822
    1.764891270  -67.886612763
    1.773709894  -67.685563539
    1.782528519  -67.376507306
    1.791347143  -66.961366548
    1.800165767  -66.529203301
    1.808984392  -66.171364604
    1.817803016  -65.921226999
    1.826621640  -65.769235845
    1.835440265  -65.713073074
    1.844258889  -65.773539407
    1.853077513  -65.938472055
    1.861896138  -66.144960774
    1.870714762  -66.325241710
    1.879533386  -66.474899463
    1.888352011  -66.650703836
    1.897170635  -66.918853352
    1.905989259  -67.299836621
    1.914807884  -67.795661840
    1.923626508  -68.459254381
    1.932445132  -69.428679525
    1.941263757  -70.811131551
    1.950082381  -72.544410287
    1.958901005  -74.408362106
    1.967719630  -76.131948354
    1.976538254  -77.503568993
    1.985356878  -78.421201664
    1.994175503  -78.920568308
    2.002994127  -79.128412074
    2.011812751  -79.168571617
    2.020631376  -79.103113887
    2.029450000  -78.930218448
    2.038268624  -78.619964752
    2.047087249  -78.145259726
    2.055905873  -77.490839513
    2.064724497  -76.654469901
    2.073543122  -75.685769380
    2.082361746  -74.680136654
    2.091180370  -73.742195379
    2.099998995  -72.896439886
    2.108817619  -72.062795661
    2.117636243  -71.132547530
    2.126454868  -70.087299508
    2.135273492  -69.054026239
    2.144092116  -68.213827111
    2.152910741  -67.663598545
    2.161729365  -67.342085268
    2.170547989  -67.099208801
    2.179366614  -66.823600811
    2.188185238  -66.509124951
    2.197003862  -66.238852045
    2.205822487  -66.108765331
    2.214641111  -66.141610892
    2.223459735  -66.265405510
    2.232278360  -66.359780025
    2.241096984  -66.352022395
    2.249915608  -66.266967991
    2.258734233  -66.199501014
    2.267552857  -66.242242833
    2.276371481  -66.416886778
    2.285190106  -66.660509244
    2.294008730  -66.857388838
    2.302827354  -66.937976952
    2.311645979  -66.925400777
    2.320464603  -66.899177692
    2.329283228  -66.909402247
    2.338101852  -66.928835482
    2.346920476  -66.872196183
    2.355739101  -66.664628023
    2.364557725  -66.320803278
    2.373376349  -65.942073323
    2.382194974  -65.623704531
    2.391013598  -65.373689605
    2.399832222  -65.121401827
    2.408650847  -64.803261055
    2.417469471  -64.428219024
    2.426288095  -64.060049388
    2.435106720  -63.742364541
    2.443925344  -63.469763795
    2.452743968  -63.194346956
    2.461562593  -62.893941046
    2.470381217  -62.589614267
    2.479199841  -62.325829703
    2.488018466  -62.135321145
    2.496837090  -62.030131999
    2.505655714  -61.997622480
    2.514474339  -62.010021725
    2.523292963  -62.028755577
    2.532111587  -62.014985005
    2.540930212  -61.948331415
    2.549748836  -61.820638133
    2.558567460  -61.637658341
    2.567386085  -61.419140294
    2.576204709  -61.191266792
    2.585023333  -60.976498517
    2.593841958  -60.800577609
    2.602660582  -60.703874559
    2.611479206  -60.722508786
    2.620297831  -60.848092139
    2.629116455  -61.020817142
    2.637935079  -61.165699273
    2.646753704  -61.226465116
    2.655572328  -61.174737890
    2.664390952  -61.012004704
    2.673209577  -60.783275207
    2.682028201  -60.542954920
    2.690846825  -60.353765592
    2.699665450  -60.281584259
    2.708484074  -60.359835185
    2.717302698  -60.544224236
    2.726121323  -60.719251752
    2.734939947  -60.771911607
    2.743758571  -60.677378985
    2.752577196  -60.505769228
    2.761395820  -60.371967489
    2.770214444  -60.355705257
    2.779033069  -60.449533386
    2.787851693  -60.554841127
    2.796670317  -60.561487226
    2.805488942  -60.436935971
    2.814307566  -60.219163810
    2.823126190  -59.944192098
    2.831944815  -59.652494118
    2.840763439  -59.394767167
    2.849582063  -59.207535042
    2.858400688  -59.082711392
    2.867219312  -58.984506061
    2.876037937  -58.883682539
    2.884856561  -58.759410307
    2.893675185  -58.587066812
    2.902493810  -58.337040569
    2.911312434  -58.014197817
    2.920131058  -57.696102249
    2.928949683  -57.492844967
    2.937768307  -57.468407227
    2.946586931  -57.594861043
    2.955405556  -57.776895817
    2.964224180  -57.896223174
    2.973042804  -57.872657289
    2.981861429  -57.711106236
    2.990680053  -57.498662350
    2.999498677  -57.329379983
    3.008317302  -57.259064576
    3.017135926  -57.295359363
    3.025954550  -57.411121393
    3.034773175  -57.564286313
    3.043591799  -57.718003003
    3.052410423  -57.824063386
    3.061229048  -57.829821986
    3.070047672  -57.719694315
    3.078866296  -57.563138686
    3.087684921  -57.482700001
    3.096503545  -57.549419818
    3.105322169  -57.704180897
    3.114140794  -57.819049532
    3.122959418  -57.803000540
    3.131778042  -57.665958943
    3.140596667  -57.507503158
    3.149415291  -57.449634156
    3.158233915  -57.543393733
    3.167052540  -57.737603686
    3.175871164  -57.916848065
    3.184689788  -57.951019718
    3.193508413  -57.808369422
    3.202327037  -57.579878247
    3.211145661  -57.388874436
    3.219964286  -57.306947867
    3.228782910  -57.317184323
    3.237601534  -57.342120405
    3.246420159  -57.313435747
    3.255238783  -57.214267183
    3.264057407  -57.094345687
    3.272876032  -57.026755463
    3.281694656  -57.046911849
    3.290513280  -57.119527869
    3.299331905  -57.172271996
    3.308150529  -57.145538583
    3.316969153  -57.036671235
    3.325787778  -56.897267005
    3.334606402  -56.793209204
    3.343425026  -56.776263405
    3.352243651  -56.872297466
    3.361062275  -57.070556180
    3.369880899  -57.321124267
    3.378699524  -57.546231897
    3.387518148  -57.693218790
    3.396336772  -57.739366641
    3.405155397  -57.672836895
    3.413974021  -57.506494586
    3.422792646  -57.289939860
    3.431611270  -57.065639429
    3.440429894  -56.835177068
    3.449248519  -56.595315489
    3.458067143  -56.388785600
    3.466885767  -56.283999386
    3.475704392  -56.316378421
    3.484523016  -56.450076910
    3.493341640  -56.576397294
    3.502160265  -56.505902488
    3.510978889  -55.994475176
    3.519797513  -54.801593698
    3.528616138  -52.733529013
    3.537434762  -49.660959934
    3.546253386  -45.523436011
    3.555072011  -40.370389391
    3.563890635  -34.433454207
    3.572709259  -28.165694003
    3.581527884  -22.179073395
    3.590346508  -17.135030143
    3.599165132  -13.628378089
    3.607983757  -11.753922072
    3.616802381  -10.931378258
    3.625621005  -10.588422247
    3.634439630  -10.445628369
    3.643258254  -10.388048602
    3.652076878  -10.365979834
    3.660895503  -10.358269411
    3.669714127  -10.356044582
    3.678532751  -10.355618878
    3.687351376  -10.355618878
    3.696170000  -10.355618878
