#! FIELDS pp.proj projection
#! SET min_pp.proj 0.36273
#! SET max_pp.proj 3.69617
#! SET nbins_pp.proj  379
#! SET periodic_pp.proj false
    0.362730000  -10.355618878
    0.371548624  -10.355618878
    0.380367249  -10.355618878
    0.389185873  -10.355618878
    0.398004497  -10.355618878
    0.406823122  -10.355618878
    0.415641746  -10.355618878
    0.424460370  -10.355618878
    0.433278995  -10.355618878
    0.442097619  -10.355618878
    0.450916243  -10.355618878
    0.459734868  -10.355618878
    0.468553492  -10.355618878
    0.477372116  -10.355618878
    0.486190741  -10.355618878
    0.495009365  -10.355618878
    0.503827989  -10.355618878
    0.512646614  -10.355618878
    0.521465238  -10.355618878
    0.530283862  -10.355618878
    0.539102487  -10.355618878
    0.547921111  -10.355618878
    0.556739735  -10.355618878
    0.565558360  -10.355618878
    0.574376984  -10.355618878
    0.583195608  -10.355618878
    0.592014233  -10.355618878
    0.600832857  -10.355618878
    0.609651481  -10.355618878
    0.618470106  -10.355618878
    0.627288730  -10.355654167
    0.636107354  -10.355853212
    0.644925979  -10.356492008
    0.653744603  -10.358723547
    0.662563228  -10.364955277
    0.671381852  -10.380770905
    0.680200476  -10.417086073
    0.689019101  -10.493578912
    0.697837725  -10.643926980
    0.706656349  -10.924643785
    0.715474974  -11.425996148
    0.724293598  -12.266120810
    0.733112222  -13.526981949
    0.741930847  -15.156049611
    0.750749471  -16.981531306
    0.759568095  -18.847297528
    0.768386720  -20.688637110
    0.777205344  -22.489844566
    0.786023968  -24.200680400
    0.794842593  -25.702053334
    0.803661217  -26.879191472
    0.812479841  -27.794069428
    0.821298466  -28.847842659
    0.830117090  -30.587557122
    0.838935714  -33.096183235
    0.847754339  -35.991615629
    0.856572963  -38.906538274
    0.865391587  -41.665968574
    0.874210212  -44.268542508
    0.883028836  -46.809751076
    0.891847460  -49.382451842
    0.900666085  -51.996208999
    0.909484709  -54.575543062
    0.918303333  -57.013580650
    0.927121958  -59.233473665
    0.935940582  -61.214037535
    0.944759206  -62.960547518
    0.953577831  -64.453446266
    0.962396455  -65.605709655
    0.971215079  -66.294835650
    0.980033704  -66.471257515
    0.988852328  -66.254731492
    0.997670952  -65.922614599
    1.006489577  -65.780694409
    1.015308201  -65.989498536
    1.024126825  -66.497919773
    1.032945450  -67.095360063
    1.041764074  -67.536122625
    1.050582698  -67.632114363
    1.059401323  -67.308127165
    1.068219947  -66.599259191
    1.077038571  -65.620475365
    1.085857196  -64.515329915
    1.094675820  -63.426064248
    1.103494444  -62.504287436
    1.112313069  -61.870008618
    1.121131693  -61.517563888
    1.129950317  -61.340152327
    1.138768942  -61.247117685
    1.147587566  -61.188796949
    1.156406190  -61.148492091
    1.165224815  -61.156355710
    1.174043439  -61.289829665
    1.182862063  -61.602645758
    1.191680688  -62.057853812
    1.200499312  -62.553611695
    1.209317937  -63.016926719
    1.218136561  -63.446642494
    1.226955185  -63.838092315
    1.235773810  -64.108750045
    1.244592434  -64.157421449
    1.253411058  -63.949214851
    1.262229683  -63.543905225
    1.271048307  -63.060240137
    1.279866931  -62.618820032
    1.288685556  -62.282036446
    1.297504180  -62.044931704
    1.306322804  -61.872748512
    1.315141429  -61.735526724
    1.323960053  -61.586182981
    1.332778677  -61.373266046
    1.341597302  -61.059867796
    1.350415926  -60.648028075
    1.359234550  -60.178480327
    1.368053175  -59.702301544
    1.376871799  -59.241608365
    1.385690423  -58.780275462
    1.394509048  -58.285250596
    1.403327672  -57.721770699
    1.412146296  -57.063434267
    1.420964921  -56.307662037
    1.429783545  -55.502007021
    1.438602169  -54.723935130
    1.447420794  -54.040385928
    1.456239418  -53.472346152
    1.465058042  -52.995870787
    1.473876667  -52.550681414
    1.482695291  -52.072541364
    1.491513915  -51.538381152
    1.500332540  -50.963075699
    1.509151164  -50.368936547
    1.517969788  -49.765475888
    1.526788413  -49.148123611
    1.535607037  -48.505016028
    1.544425661  -47.834303185
    1.553244286  -47.164436304
    1.562062910  -46.547767799
    1.570881534  -45.999021814
    1.579700159  -45.431105700
    1.588518783  -44.709089121
    1.597337407  -43.784691108
    1.606156032  -42.766298682
    1.614974656  -41.845466600
    1.623793280  -41.159387409
    1.632611905  -40.747932890
    1.641430529  -40.583501956
    1.650249153  -40.584480381
    1.659067778  -40.622743031
    1.667886402  -40.571677130
    1.676705026  -40.372674742
    1.685523651  -40.070152352
    1.694342275  -39.770290389
    1.703160899  -39.563733393
    1.711979524  -39.484966545
    1.720798148  -39.517753745
    1.729616772  -39.628229873
    1.738435397  -39.777597689
    1.747254021  -39.947382496
    1.756072646  -40.167108696
    1.764891270  -40.468609683
    1.773709894  -40.796261673
    1.782528519  -41.021414498
    1.791347143  -41.067171634
    1.800165767  -41.003001895
    1.808984392  -41.004293730
    1.817803016  -41.184197638
    1.826621640  -41.459785798
    1.835440265  -41.643077876
    1.844258889  -41.622801916
    1.853077513  -41.415341722
    1.861896138  -41.125045983
    1.870714762  -40.874466487
    1.879533386  -40.735298907
    1.888352011  -40.701635312
    1.897170635  -40.716074587
    1.905989259  -40.715748937
    1.914807884  -40.652260532
    1.923626508  -40.506535752
    1.932445132  -40.321566184
    1.941263757  -40.185179345
    1.950082381  -40.138845941
    1.958901005  -40.126076576
    1.967719630  -40.031600811
    1.976538254  -39.773314607
    1.985356878  -39.353156268
    1.994175503  -38.855205286
    2.002994127  -38.417220796
    2.011812751  -38.210295653
    2.020631376  -38.340617881
    2.029450000  -38.731705969
    2.038268624  -39.148588828
    2.047087249  -39.333957105
    2.055905873  -39.140276265
    2.064724497  -38.593605902
    2.073543122  -37.893045465
    2.082361746  -37.310870320
    2.091180370  -37.048362727
    2.099998995  -37.116034754
    2.108817619  -37.363569256
    2.117636243  -37.597654947
    2.126454868  -37.690410121
    2.135273492  -37.627374984
    2.144092116  -37.463126030
    2.152910741  -37.250637023
    2.161729365  -36.994719396
    2.170547989  -36.653024571
    2.179366614  -36.185921555
    2.188185238  -35.611656594
    2.197003862  -35.026989301
    2.205822487  -34.552829842
    2.214641111  -34.248539673
    2.223459735  -34.055112585
    2.232278360  -33.799468447
    2.241096984  -33.302429258
    2.249915608  -32.524450820
    2.258734233  -31.598060374
    2.267552857  -30.723872279
    2.276371481  -30.040052802
    2.285190106  -29.579196803
    2.294008730  -29.294133710
    2.302827354  -29.126606284
    2.311645979  -29.039787293
    2.320464603  -29.019422798
    2.329283228  -29.055960572
    2.338101852  -29.116278801
    2.346920476  -29.136142452
    2.355739101  -29.033767329
    2.364557725  -28.762210533
    2.373376349  -28.338358024
    2.382194974  -27.810521914
    2.391013598  -27.211405272
    2.399832222  -26.549247103
    2.408650847  -25.867197208
    2.417469471  -25.272818526
    2.426288095  -24.894402442
    2.435106720  -24.811491759
    2.443925344  -25.022967172
    2.452743968  -25.406884341
    2.461562593  -25.770644330
    2.470381217  -25.956403714
    2.479199841  -25.919590452
    2.488018466  -25.709075874
    2.496837090  -25.412989932
    2.505655714  -25.095686949
    2.514474339  -24.789911776
    2.523292963  -24.495048747
    2.532111587  -24.188444305
    2.540930212  -23.841824406
    2.549748836  -23.429621478
    2.558567460  -22.960915784
    2.567386085  -22.485876792
    2.576204709  -22.063501452
    2.585023333  -21.723547563
    2.593841958  -21.471883299
    2.602660582  -21.308642353
    2.611479206  -21.232045084
    2.620297831  -21.237049635
    2.629116455  -21.310782852
    2.637935079  -21.426393645
    2.646753704  -21.534333905
    2.655572328  -21.583370101
    2.664390952  -21.552657595
    2.673209577  -21.490827714
    2.682028201  -21.489254936
    2.690846825  -21.623602743
    2.699665450  -21.904216708
    2.708484074  -22.269604233
    2.717302698  -22.607808689
    2.726121323  -22.784919649
    2.734939947  -22.678751110
    2.743758571  -22.257067655
    2.752577196  -21.640480312
    2.761395820  -21.062136003
    2.770214444  -20.751686887
    2.779033069  -20.825596939
    2.787851693  -21.245445716
    2.796670317  -21.846318803
    2.805488942  -22.421880269
    2.814307566  -22.802399114
    2.823126190  -22.907004810
    2.831944815  -22.781404860
    2.840763439  -22.558908925
    2.849582063  -22.379263297
    2.858400688  -22.309223217
    2.867219312  -22.328508864
    2.876037937  -22.365563499
    2.884856561  -22.345218048
    2.893675185  -22.235394099
    2.902493810  -22.075690743
    2.911312434  -21.969651087
    2.920131058  -22.024598825
    2.928949683  -22.273081564
    2.937768307  -22.632954546
    2.946586931  -22.924694628
    2.955405556  -22.963936089
    2.964224180  -22.683476219
    2.973042804  -22.198460327
    2.981861429  -21.737962594
    2.990680053  -21.492250082
    2.999498677  -21.505332244
    3.008317302  -21.685625463
    3.017135926  -21.892916458
    3.025954550  -22.022414723
    3.034773175  -22.037769121
    3.043591799  -21.954380646
    3.052410423  -21.820000054
    3.061229048  -21.704812775
    3.070047672  -21.673679612
    3.078866296  -21.749182660
    3.087684921  -21.888758917
    3.096503545  -22.002571734
    3.105322169  -22.016716151
    3.114140794  -21.936308478
    3.122959418  -21.833834749
    3.131778042  -21.803994261
    3.140596667  -21.908043190
    3.149415291  -22.142713898
    3.158233915  -22.425008381
    3.167052540  -22.630051932
    3.175871164  -22.651842655
    3.184689788  -22.450427014
    3.193508413  -22.068746381
    3.202327037  -21.635514653
    3.211145661  -21.325883292
    3.219964286  -21.274556485
    3.228782910  -21.499750143
    3.237601534  -21.894748121
    3.246420159  -22.285437118
    3.255238783  -22.511692870
    3.264057407  -22.496962110
    3.272876032  -22.275844084
    3.281694656  -21.956648556
    3.290513280  -21.649204220
    3.299331905  -21.428940092
    3.308150529  -21.327005201
    3.316969153  -21.298309792
    3.325787778  -21.202566795
    3.334606402  -20.902293950
    3.343425026  -20.374172601
    3.352243651  -19.730985150
    3.361062275  -19.152819273
    3.369880899  -18.792108315
    3.378699524  -18.702407192
    3.387518148  -18.825419722
    3.396336772  -19.027740775
    3.405155397  -19.159822493
    3.413974021  -19.131245721
    3.422792646  -18.956082990
    3.431611270  -18.737540466
    3.440429894  -18.609232583
    3.449248519  -18.664316881
    3.458067143  -18.907183626
    3.466885767  -19.229282004
    3.475704392  -19.435120363
    3.484523016  -19.302959930
    3.493341640  -18.671494383
    3.502160265  -17.506182091
    3.510978889  -15.938928626
    3.519797513  -14.255788580
    3.528616138  -12.794690046
    3.537434762  -11.752422164
    3.546253386  -11.108703387
    3.555072011  -10.742592704
    3.563890635  -10.543870784
    3.572709259  -10.441217833
    3.581527884  -10.391353027
    3.590346508  -10.368976019
    3.599165132  -10.360129355
    3.607983757  -10.356863782
    3.616802381  -10.355916958
    3.625621005  -10.355618878
    3.634439630  -10.355618878
    3.643258254  -10.355618878
    3.652076878  -10.355618878
    3.660895503  -10.355618878
    3.669714127  -10.355618878
    3.678532751  -10.355618878
    3.687351376  -10.355618878
    3.696170000  -10.355618878
