#! FIELDS pp.proj projection
#! SET min_pp.proj 0.379861
#! SET max_pp.proj 3.69942
#! SET nbins_pp.proj  377
#! SET periodic_pp.proj false
    0.379861000  -10.356107796
    0.388689614  -10.357534145
    0.397518229  -10.361899641
    0.406346843  -10.374052061
    0.415175457  -10.404936451
    0.424004072  -10.478507466
    0.432832686  -10.650126580
    0.441661301  -11.060873462
    0.450489915  -12.073443655
    0.459318529  -14.335548586
    0.468147144  -18.153811775
    0.476975758  -23.020961626
    0.485804372  -28.269921630
    0.494632987  -33.387392982
    0.503461601  -38.015707300
    0.512290215  -41.977755032
    0.521118830  -45.278771670
    0.529947444  -48.063507392
    0.538776059  -50.524681381
    0.547604673  -52.802567542
    0.556433287  -54.954474883
    0.565261902  -56.990050756
    0.574090516  -58.921389633
    0.582919130  -60.761433729
    0.591747745  -62.478998571
    0.600576359  -64.002837530
    0.609404973  -65.270954942
    0.618233588  -66.314091115
    0.627062202  -67.278395528
    0.635890816  -68.334431515
    0.644719431  -69.566427335
    0.653548045  -70.906425217
    0.662376660  -72.204061764
    0.671205274  -73.321164764
    0.680033888  -74.238996422
    0.688862503  -75.056332489
    0.697691117  -75.901167452
    0.706519731  -76.838998782
    0.715348346  -77.811684348
    0.724176960  -78.719909053
    0.733005574  -79.504740984
    0.741834189  -80.188560614
    0.750662803  -80.829342713
    0.759491418  -81.432553729
    0.768320032  -81.936266332
    0.777148646  -82.274185799
    0.785977261  -82.451992287
    0.794805875  -82.553447285
    0.803634489  -82.666962505
    0.812463104  -82.810863289
    0.821291718  -82.930148538
    0.830120332  -82.961367781
    0.838948947  -82.906272527
    0.847777561  -82.850999311
    0.856606176  -82.886155136
    0.865434790  -83.024806545
    0.874263404  -83.190469104
    0.883092019  -83.277143723
    0.891920633  -83.246152204
    0.900749247  -83.142154376
    0.909577862  -83.044037642
    0.918406476  -82.995533847
    0.927235090  -83.005469778
    0.936063705  -83.118522502
    0.944892319  -83.618277196
    0.953720934  -85.335022221
    0.962549548  -88.611488753
    0.971378162  -92.321554963
    0.980206777  -95.635512459
    0.989035391  -98.342219095
    0.997864005 -100.508029414
    1.006692620 -102.289426014
    1.015521234 -103.818729947
    1.024349848 -105.151273809
    1.033178463 -106.301265908
    1.042007077 -107.263143731
    1.050835691 -108.037481862
    1.059664306 -108.614516988
    1.068492920 -108.963492472
    1.077321535 -109.084668549
    1.086150149 -109.032923839
    1.094978763 -108.896389735
    1.103807378 -108.711308949
    1.112635992 -108.431382873
    1.121464606 -107.952590763
    1.130293221 -107.207256464
    1.139121835 -106.225503638
    1.147950449 -105.085313093
    1.156779064 -103.827456378
    1.165607678 -102.390185393
    1.174436293 -100.660836691
    1.183264907  -98.569751475
    1.192093521  -96.191576451
    1.200922136  -93.763995118
    1.209750750  -91.623962331
    1.218579364  -90.061771804
    1.227407979  -89.169044288
    1.236236593  -88.793651697
    1.245065207  -88.687732054
    1.253893822  -88.676925675
    1.262722436  -88.692267523
    1.271551051  -88.711020278
    1.280379665  -88.682442721
    1.289208279  -88.502909296
    1.298036894  -88.072464913
    1.306865508  -87.374655213
    1.315694122  -86.510366362
    1.324522737  -85.634932972
    1.333351351  -84.868679370
    1.342179965  -84.242791872
    1.351008580  -83.732331784
    1.359837194  -83.298434754
    1.368665809  -82.923481939
    1.377494423  -82.589253938
    1.386323037  -82.276595198
    1.395151652  -81.964354966
    1.403980266  -81.655922621
    1.412808880  -81.358643060
    1.421637495  -81.068447114
    1.430466109  -80.757029227
    1.439294723  -80.393843819
    1.448123338  -79.954410394
    1.456951952  -79.440474244
    1.465780566  -78.897033358
    1.474609181  -78.401914485
    1.483437795  -78.027078073
    1.492266410  -77.796173288
    1.501095024  -77.679260686
    1.509923638  -77.596509440
    1.518752253  -77.459639961
    1.527580867  -77.226214645
    1.536409481  -76.917314607
    1.545238096  -76.605706406
    1.554066710  -76.380743390
    1.562895324  -76.287204936
    1.571723939  -76.270251188
    1.580552553  -76.213801956
    1.589381168  -76.066563632
    1.598209782  -75.881726987
    1.607038396  -75.749826890
    1.615867011  -75.737843169
    1.624695625  -75.877660087
    1.633524239  -76.144801736
    1.642352854  -76.453388155
    1.651181468  -76.708355016
    1.660010082  -76.859750215
    1.668838697  -76.906800822
    1.677667311  -76.888700235
    1.686495926  -76.861512710
    1.695324540  -76.870032918
    1.704153154  -76.930687506
    1.712981769  -77.010205210
    1.721810383  -77.047756326
    1.730638997  -76.981559746
    1.739467612  -76.786022717
    1.748296226  -76.503374888
    1.757124840  -76.238457721
    1.765953455  -76.089682242
    1.774782069  -76.081581064
    1.783610684  -76.170090738
    1.792439298  -76.287458185
    1.801267912  -76.394891446
    1.810096527  -76.498501742
    1.818925141  -76.629127486
    1.827753755  -76.850979249
    1.836582370  -77.265612922
    1.845410984  -77.945254474
    1.854239598  -78.823580209
    1.863068213  -79.756907679
    1.871896827  -80.674560932
    1.880725441  -81.604068583
    1.889554056  -82.572194183
    1.898382670  -83.536489665
    1.907211285  -84.418189095
    1.916039899  -85.184342437
    1.924868513  -85.855107606
    1.933697128  -86.473542868
    1.942525742  -87.045197220
    1.951354356  -87.522865897
    1.960182971  -87.851833772
    1.969011585  -88.003601244
    1.977840199  -88.002850333
    1.986668814  -87.874867307
    1.995497428  -87.619109425
    2.004326043  -87.228451008
    2.013154657  -86.727168539
    2.021983271  -86.171317318
    2.030811886  -85.584072338
    2.039640500  -84.887157141
    2.048469114  -83.903316651
    2.057297729  -82.515718135
    2.066126343  -80.812464761
    2.074954957  -79.130467004
    2.083783572  -77.854378061
    2.092612186  -77.133368567
    2.101440801  -76.875394333
    2.110269415  -76.892619542
    2.119098029  -76.979030185
    2.127926644  -76.990013290
    2.136755258  -76.885084393
    2.145583872  -76.691396365
    2.154412487  -76.455463558
    2.163241101  -76.217975905
    2.172069715  -76.003000105
    2.180898330  -75.817904530
    2.189726944  -75.643504181
    2.198555559  -75.445679306
    2.207384173  -75.193842262
    2.216212787  -74.884565094
    2.225041402  -74.546421475
    2.233870016  -74.215229275
    2.242698630  -73.906968368
    2.251527245  -73.616573823
    2.260355859  -73.333035523
    2.269184473  -73.063030269
    2.278013088  -72.832682601
    2.286841702  -72.651572748
    2.295670316  -72.487492567
    2.304498931  -72.276411554
    2.313327545  -71.973833378
    2.322156160  -71.589621414
    2.330984774  -71.183499349
    2.339813388  -70.828568314
    2.348642003  -70.546687785
    2.357470617  -70.294951756
    2.366299231  -70.018417172
    2.375127846  -69.706532441
    2.383956460  -69.404849196
    2.392785074  -69.177483903
    2.401613689  -69.042268307
    2.410442303  -68.952487872
    2.419270918  -68.839646053
    2.428099532  -68.655369498
    2.436928146  -68.402679449
    2.445756761  -68.133033405
    2.454585375  -67.924333757
    2.463413989  -67.830926126
    2.472242604  -67.840346924
    2.481071218  -67.882985410
    2.489899832  -67.876952812
    2.498728447  -67.769907595
    2.507557061  -67.567314905
    2.516385676  -67.325103387
    2.525214290  -67.123686339
    2.534042904  -67.018798760
    2.542871519  -67.020512916
    2.551700133  -67.115557942
    2.560528747  -67.289112037
    2.569357362  -67.506843615
    2.578185976  -67.688394795
    2.587014590  -67.757663529
    2.595843205  -67.708610540
    2.604671819  -67.592009973
    2.613500434  -67.468719342
    2.622329048  -67.375778916
    2.631157662  -67.316738210
    2.639986277  -67.285702578
    2.648814891  -67.278707541
    2.657643505  -67.297598382
    2.666472120  -67.326295965
    2.675300734  -67.338804106
    2.684129348  -67.317226605
    2.692957963  -67.271469366
    2.701786577  -67.238656146
    2.710615191  -67.254187365
    2.719443806  -67.321490399
    2.728272420  -67.404974863
    2.737101035  -67.466593028
    2.745929649  -67.482191989
    2.754758263  -67.445581210
    2.763586878  -67.361519861
    2.772415492  -67.224832256
    2.781244106  -67.039657298
    2.790072721  -66.866740979
    2.798901335  -66.786643671
    2.807729949  -66.840012145
    2.816558564  -67.005929291
    2.825387178  -67.225919314
    2.834215793  -67.401037296
    2.843044407  -67.443813511
    2.851873021  -67.356942810
    2.860701636  -67.230431176
    2.869530250  -67.176012426
    2.878358864  -67.253624030
    2.887187479  -67.432306854
    2.896016093  -67.612972119
    2.904844707  -67.711634410
    2.913673322  -67.715240732
    2.922501936  -67.669348047
    2.931330551  -67.628993285
    2.940159165  -67.628640318
    2.948987779  -67.672827137
    2.957816394  -67.737407288
    2.966645008  -67.789324093
    2.975473622  -67.809981634
    2.984302237  -67.806879393
    2.993130851  -67.803539114
    3.001959465  -67.823137942
    3.010788080  -67.873823644
    3.019616694  -67.973550872
    3.028445309  -68.135089421
    3.037273923  -68.320734799
    3.046102537  -68.425568668
    3.054931152  -68.344178191
    3.063759766  -68.059434005
    3.072588380  -67.684224910
    3.081416995  -67.389321603
    3.090245609  -67.305149242
    3.099074223  -67.425125878
    3.107902838  -67.619831122
    3.116731452  -67.736448143
    3.125560066  -67.704824261
    3.134388681  -67.546160335
    3.143217295  -67.351575331
    3.152045910  -67.224974679
    3.160874524  -67.239709392
    3.169703138  -67.391167812
    3.178531753  -67.601321832
    3.187360367  -67.760771455
    3.196188981  -67.784088142
    3.205017596  -67.653966592
    3.213846210  -67.421406108
    3.222674824  -67.172892276
    3.231503439  -66.971035490
    3.240332053  -66.836009233
    3.249160668  -66.765312093
    3.257989282  -66.743359038
    3.266817896  -66.751771173
    3.275646511  -66.779304425
    3.284475125  -66.801808423
    3.293303739  -66.782333591
    3.302132354  -66.704862917
    3.310960968  -66.592408267
    3.319789582  -66.486737743
    3.328618197  -66.418238234
    3.337446811  -66.370129826
    3.346275426  -66.292647242
    3.355104040  -66.148408934
    3.363932654  -65.956660165
    3.372761269  -65.777180960
    3.381589883  -65.659079999
    3.390418497  -65.616405415
    3.399247112  -65.636198041
    3.408075726  -65.695998886
    3.416904340  -65.775056003
    3.425732955  -65.840319243
    3.434561569  -65.863423272
    3.443390184  -65.834805039
    3.452218798  -65.782873591
    3.461047412  -65.760357725
    3.469876027  -65.805334780
    3.478704641  -65.906670841
    3.487533255  -66.005997487
    3.496361870  -66.009043842
    3.505190484  -65.788134037
    3.514019098  -65.175280382
    3.522847713  -63.987621063
    3.531676327  -62.024963064
    3.540504941  -59.094749212
    3.549333556  -55.079562696
    3.558162170  -49.997672658
    3.566990785  -44.009241747
    3.575819399  -37.401668966
    3.584648013  -30.601197609
    3.593476628  -24.141125564
    3.602305242  -18.596909203
    3.611133856  -14.525380223
    3.619962471  -12.184083091
    3.628791085  -11.115813046
    3.637619699  -10.668598689
    3.646448314  -10.481324471
    3.655276928  -10.403196133
    3.664105543  -10.372038239
    3.672934157  -10.360572655
    3.681762771  -10.356867723
    3.690591386  -10.355780996
    3.699420000  -10.355618878
