#! FIELDS pp.proj projection
#! SET min_pp.proj 0.379861
#! SET max_pp.proj 3.69942
#! SET nbins_pp.proj  377
#! SET periodic_pp.proj false
    0.379861000  -10.356107796
    0.388689614  -10.357534145
    0.397518229  -10.361899641
    0.406346843  -10.374052061
    0.415175457  -10.404936451
    0.424004072  -10.478507466
    0.432832686  -10.650126580
    0.441661301  -11.060873462
    0.450489915  -12.073443655
    0.459318529  -14.335548586
    0.468147144  -18.153811775
    0.476975758  -23.020961626
    0.485804372  -28.269921630
    0.494632987  -33.387392982
    0.503461601  -38.015707300
    0.512290215  -41.977755032
    0.521118830  -45.278771670
    0.529947444  -48.063507392
    0.538776059  -50.524681381
    0.547604673  -52.802567542
    0.556433287  -54.954474883
    0.565261902  -56.990050756
    0.574090516  -58.921389633
    0.582919130  -60.761433729
    0.591747745  -62.478998571
    0.600576359  -64.002837530
    0.609404973  -65.270954942
    0.618233588  -66.314091115
    0.627062202  -67.278395528
    0.635890816  -68.334431515
    0.644719431  -69.566427335
    0.653548045  -70.906425217
    0.662376660  -72.204061764
    0.671205274  -73.321164764
    0.680033888  -74.238996422
    0.688862503  -75.056332489
    0.697691117  -75.901167452
    0.706519731  -76.838998782
    0.715348346  -77.811684348
    0.724176960  -78.719909053
    0.733005574  -79.504740984
    0.741834189  -80.188560614
    0.750662803  -80.829342713
    0.759491418  -81.432553729
    0.768320032  -81.936266332
    0.777148646  -82.274185799
    0.785977261  -82.451992287
    0.794805875  -82.553447285
    0.803634489  -82.666962505
    0.812463104  -82.810863289
    0.821291718  -82.930148539
    0.830120332  -82.961367787
    0.838948947  -82.906272552
    0.847777561  -82.850999403
    0.856606176  -82.886155430
    0.865434790  -83.024807410
    0.874263404  -83.190471631
    0.883092019  -83.277152287
    0.891920633  -83.246189008
    0.900749247  -83.142349118
    0.909577862  -83.045150737
    0.918406476  -83.001582435
    0.927235090  -83.035861645
    0.936063705  -83.268207523
    0.944892319  -84.280407562
    0.953720934  -87.053853194
    0.962549548  -91.011193789
    0.971378162  -94.903722926
    0.980206777  -98.229208620
    0.989035391 -100.904474172
    0.997864005 -103.030693381
    1.006692620 -104.771273623
    1.015521234 -106.259188069
    1.024349848 -107.552613912
    1.033178463 -108.674895763
    1.042007077 -109.633564515
    1.050835691 -110.441179546
    1.059664306 -111.094141567
    1.068492920 -111.561291277
    1.077321535 -111.840224734
    1.086150149 -111.983471952
    1.094978763 -112.076699684
    1.103807378 -112.151697759
    1.112635992 -112.152608707
    1.121464606 -111.962721563
    1.130293221 -111.500882781
    1.139121835 -110.787070435
    1.147950449 -109.895970823
    1.156779064 -108.874464154
    1.165607678 -107.676141986
    1.174436293 -106.206186221
    1.183264907 -104.403982101
    1.192093521 -102.332582008
    1.200922136 -100.190045602
    1.209750750  -98.248628328
    1.218579364  -96.750920786
    1.227407979  -95.842689597
    1.236236593  -95.507980298
    1.245065207  -95.556174073
    1.253893822  -95.756532028
    1.262722436  -95.974616838
    1.271551051  -96.166254921
    1.280379665  -96.282603288
    1.289208279  -96.214817040
    1.298036894  -95.834940856
    1.306865508  -95.074668436
    1.315694122  -93.968550630
    1.324522737  -92.621578336
    1.333351351  -91.152954397
    1.342179965  -89.647347261
    1.351008580  -88.170206723
    1.359837194  -86.788594328
    1.368665809  -85.584599533
    1.377494423  -84.604395486
    1.386323037  -83.841077083
    1.395151652  -83.245753648
    1.403980266  -82.778658557
    1.412808880  -82.405052208
    1.421637495  -82.096738059
    1.430466109  -81.823206896
    1.439294723  -81.556391954
    1.448123338  -81.249900519
    1.456951952  -80.861874451
    1.465780566  -80.414940678
    1.474609181  -79.999708861
    1.483437795  -79.700119937
    1.492266410  -79.525031223
    1.501095024  -79.417983763
    1.509923638  -79.297971030
    1.518752253  -79.105807592
    1.527580867  -78.819231099
    1.536409481  -78.452965295
    1.545238096  -78.062012516
    1.554066710  -77.729453536
    1.562895324  -77.509919552
    1.571723939  -77.379158464
    1.580552553  -77.259142782
    1.589381168  -77.115513699
    1.598209782  -76.983429138
    1.607038396  -76.914020016
    1.615867011  -76.931731762
    1.624695625  -77.034200643
    1.633524239  -77.195688925
    1.642352854  -77.366476153
    1.651181468  -77.494906258
    1.660010082  -77.552870894
    1.668838697  -77.543354038
    1.677667311  -77.495447830
    1.686495926  -77.450255895
    1.695324540  -77.440495181
    1.704153154  -77.477331941
    1.712981769  -77.527531866
    1.721810383  -77.529519563
    1.730638997  -77.422038829
    1.739467612  -77.182296807
    1.748296226  -76.853220376
    1.757124840  -76.537019835
    1.765953455  -76.331953824
    1.774782069  -76.267333724
    1.783610684  -76.306606028
    1.792439298  -76.385584288
    1.801267912  -76.464128104
    1.810096527  -76.545737749
    1.818925141  -76.661314316
    1.827753755  -76.877051855
    1.836582370  -77.296272841
    1.845410984  -77.991093263
    1.854239598  -78.894861931
    1.863068213  -79.863048915
    1.871896827  -80.820951160
    1.880725441  -81.788970607
    1.889554056  -82.790339061
    1.898382670  -83.785167274
    1.907211285  -84.698532703
    1.916039899  -85.498812236
    1.924868513  -86.205110421
    1.933697128  -86.856814001
    1.942525742  -87.452848484
    1.951354356  -87.938995072
    1.960182971  -88.260172952
    1.969011585  -88.397381633
    1.977840199  -88.390045643
    1.986668814  -88.276293545
    1.995497428  -88.064821618
    2.004326043  -87.757003894
    2.013154657  -87.386701215
    2.021983271  -87.019211231
    2.030811886  -86.686689983
    2.039640500  -86.327500343
    2.048469114  -85.801276935
    2.057297729  -85.043517795
    2.066126343  -84.168877094
    2.074954957  -83.418694556
    2.083783572  -82.961592234
    2.092612186  -82.835774574
    2.101440801  -83.005194575
    2.110269415  -83.365269166
    2.119098029  -83.746135552
    2.127926644  -84.003145611
    2.136755258  -84.093246835
    2.145583872  -84.065942884
    2.154412487  -84.000799893
    2.163241101  -83.936566597
    2.172069715  -83.854224796
    2.180898330  -83.730281975
    2.189726944  -83.578926826
    2.198555559  -83.435497907
    2.207384173  -83.317498573
    2.216212787  -83.203764248
    2.225041402  -83.065743745
    2.233870016  -82.894493722
    2.242698630  -82.696765700
    2.251527245  -82.484651222
    2.260355859  -82.259540241
    2.269184473  -82.034302297
    2.278013088  -81.842424149
    2.286841702  -81.715343115
    2.295670316  -81.647168367
    2.304498931  -81.581169509
    2.313327545  -81.459183791
    2.322156160  -81.267025624
    2.330984774  -81.043533097
    2.339813388  -80.848240839
    2.348642003  -80.701968427
    2.357470617  -80.566456813
    2.366299231  -80.383605930
    2.375127846  -80.125538295
    2.383956460  -79.815196302
    2.392785074  -79.510952033
    2.401613689  -79.257031314
    2.410442303  -79.061354962
    2.419270918  -78.908975171
    2.428099532  -78.770567605
    2.436928146  -78.620111966
    2.445756761  -78.450454571
    2.454585375  -78.281355258
    2.463413989  -78.138938745
    2.472242604  -78.023124319
    2.481071218  -77.910115663
    2.489899832  -77.773117190
    2.498728447  -77.603409863
    2.507557061  -77.426307952
    2.516385676  -77.289750685
    2.525214290  -77.240944338
    2.534042904  -77.288647117
    2.542871519  -77.400543978
    2.551700133  -77.528626098
    2.560528747  -77.623846466
    2.569357362  -77.636121606
    2.578185976  -77.515251849
    2.587014590  -77.245956167
    2.595843205  -76.882195584
    2.604671819  -76.518191016
    2.613500434  -76.243881877
    2.622329048  -76.105625485
    2.631157662  -76.088506771
    2.639986277  -76.139058625
    2.648814891  -76.197131399
    2.657643505  -76.226110005
    2.666472120  -76.200710737
    2.675300734  -76.107432438
    2.684129348  -75.949049152
    2.692957963  -75.765697980
    2.701786577  -75.625003729
    2.710615191  -75.566041656
    2.719443806  -75.569282101
    2.728272420  -75.588583942
    2.737101035  -75.610901767
    2.745929649  -75.651078258
    2.754758263  -75.715499869
    2.763586878  -75.790125769
    2.772415492  -75.838774300
    2.781244106  -75.832806908
    2.790072721  -75.809466113
    2.798901335  -75.849509399
    2.807729949  -76.005802113
    2.816558564  -76.248047807
    2.825387178  -76.485870604
    2.834215793  -76.603686678
    2.843044407  -76.527239993
    2.851873021  -76.282948301
    2.860701636  -75.974151971
    2.869530250  -75.724861836
    2.878358864  -75.615939886
    2.887187479  -75.640477360
    2.896016093  -75.718400554
    2.904844707  -75.776693306
    2.913673322  -75.805595716
    2.922501936  -75.844054102
    2.931330551  -75.923036580
    2.940159165  -76.035728811
    2.948987779  -76.150442237
    2.957816394  -76.237377282
    2.966645008  -76.281559804
    2.975473622  -76.281840382
    2.984302237  -76.251061634
    2.993130851  -76.210589254
    3.001959465  -76.177560707
    3.010788080  -76.150891676
    3.019616694  -76.142780151
    3.028445309  -76.179270778
    3.037273923  -76.263269281
    3.046102537  -76.338683565
    3.054931152  -76.320484435
    3.063759766  -76.171979126
    3.072588380  -75.958974209
    3.081416995  -75.801402033
    3.090245609  -75.793700431
    3.099074223  -75.919529551
    3.107902838  -76.065282461
    3.116731452  -76.108280574
    3.125560066  -76.011394851
    3.134388681  -75.821813452
    3.143217295  -75.633956611
    3.152045910  -75.524321315
    3.160874524  -75.518184658
    3.169703138  -75.584790936
    3.178531753  -75.671952001
    3.187360367  -75.734505231
    3.196188981  -75.745824054
    3.205017596  -75.711579638
    3.213846210  -75.667041396
    3.222674824  -75.657064189
    3.231503439  -75.699227671
    3.240332053  -75.782260306
    3.249160668  -75.883224734
    3.257989282  -75.972175949
    3.266817896  -76.030154164
    3.275646511  -76.065594246
    3.284475125  -76.086697744
    3.293303739  -76.077665206
    3.302132354  -76.018536581
    3.310960968  -75.919146071
    3.319789582  -75.823942712
    3.328618197  -75.778827953
    3.337446811  -75.780620662
    3.346275426  -75.793356596
    3.355104040  -75.792331667
    3.363932654  -75.796900413
    3.372761269  -75.845529756
    3.381589883  -75.947796044
    3.390418497  -76.071354207
    3.399247112  -76.169239363
    3.408075726  -76.217610250
    3.416904340  -76.232048586
    3.425732955  -76.235561745
    3.434561569  -76.244331085
    3.443390184  -76.262677662
    3.452218798  -76.293863621
    3.461047412  -76.347303506
    3.469876027  -76.428539965
    3.478704641  -76.519156595
    3.487533255  -76.566224005
    3.496361870  -76.473455532
    3.505190484  -76.092484995
    3.514019098  -75.229956466
    3.522847713  -73.720035925
    3.531676327  -71.458026392
    3.540504941  -68.361999884
    3.549333556  -64.323788687
    3.558162170  -59.235292804
    3.566990785  -53.071514337
    3.575819399  -45.967406302
    3.584648013  -38.282196229
    3.593476628  -30.581632501
    3.602305242  -23.530566286
    3.611133856  -17.766025938
    3.619962471  -13.836767066
    3.628791085  -11.793753096
    3.637619699  -10.931422928
    3.646448314  -10.584328189
    3.655276928  -10.443021678
    3.664105543  -10.386446195
    3.672934157  -10.365315191
    3.681762771  -10.358271445
    3.690591386  -10.356033171
    3.699420000  -10.355618878
