#! FIELDS pp.proj projection
#! SET min_pp.proj 0.379861
#! SET max_pp.proj 3.69942
#! SET nbins_pp.proj  377
#! SET periodic_pp.proj false
    0.379861000  -10.355618878
    0.388689614  -10.355618878
    0.397518229  -10.355618878
    0.406346843  -10.355659439
    0.415175457  -10.355811544
    0.424004072  -10.356305151
    0.432832686  -10.357856488
    0.441661301  -10.361993250
    0.450489915  -10.372095343
    0.459318529  -10.393967572
    0.468147144  -10.437646904
    0.476975758  -10.519750377
    0.485804372  -10.669363067
    0.494632987  -10.940830317
    0.503461601  -11.435980492
    0.512290215  -12.325556096
    0.521118830  -13.801263260
    0.529947444  -15.917303169
    0.538776059  -18.511544142
    0.547604673  -21.356704380
    0.556433287  -24.336095881
    0.565261902  -27.474922989
    0.574090516  -30.852343663
    0.582919130  -34.458567177
    0.591747745  -38.108104566
    0.600576359  -41.490999529
    0.609404973  -44.339323212
    0.618233588  -46.596569416
    0.627062202  -48.457774629
    0.635890816  -50.249165039
    0.644719431  -52.236686411
    0.653548045  -54.488577784
    0.662376660  -56.892939584
    0.671205274  -59.265077071
    0.680033888  -61.501966244
    0.688862503  -63.628975705
    0.697691117  -65.722484019
    0.706519731  -67.801500865
    0.715348346  -69.790742091
    0.724176960  -71.604998152
    0.733005574  -73.215767971
    0.741834189  -74.668938977
    0.750662803  -76.019624394
    0.759491418  -77.249032595
    0.768320032  -78.266934441
    0.777148646  -78.987373424
    0.785977261  -79.405087202
    0.794805875  -79.596308417
    0.803634489  -79.640140551
    0.812463104  -79.562967056
    0.821291718  -79.345536729
    0.830120332  -78.979991559
    0.838948947  -78.517897539
    0.847777561  -78.057284549
    0.856606176  -77.658523288
    0.865434790  -77.280562480
    0.874263404  -76.803098240
    0.883092019  -76.125403815
    0.891920633  -75.266197204
    0.900749247  -74.372105277
    0.909577862  -73.671237277
    0.918406476  -73.379205088
    0.927235090  -73.484224511
    0.936063705  -73.753701021
    0.944892319  -74.083980743
    0.953720934  -74.555711271
    0.962549548  -75.239188567
    0.971378162  -76.084999993
    0.980206777  -76.976597337
    0.989035391  -77.842583798
    0.997864005  -78.688595150
    1.006692620  -79.522151566
    1.015521234  -80.271894145
    1.024349848  -80.789050740
    1.033178463  -80.934926094
    1.042007077  -80.683927942
    1.050835691  -80.148838762
    1.059664306  -79.536705592
    1.068492920  -79.010709651
    1.077321535  -78.624220268
    1.086150149  -78.362081555
    1.094978763  -78.191290286
    1.103807378  -78.067789861
    1.112635992  -77.957701795
    1.121464606  -77.870127504
    1.130293221  -77.850256186
    1.139121835  -77.916588978
    1.147950449  -77.986016121
    1.156779064  -77.945824857
    1.165607678  -77.732578760
    1.174436293  -77.361522292
    1.183264907  -76.892340814
    1.192093521  -76.381003298
    1.200922136  -75.841165163
    1.209750750  -75.259456365
    1.218579364  -74.625306076
    1.227407979  -73.972895996
    1.236236593  -73.369427666
    1.245065207  -72.902528444
    1.253893822  -72.651365558
    1.262722436  -72.647941587
    1.271551051  -72.852849668
    1.280379665  -73.168784706
    1.289208279  -73.475397391
    1.298036894  -73.680777065
    1.306865508  -73.740529758
    1.315694122  -73.651138008
    1.324522737  -73.415185075
    1.333351351  -73.031654296
    1.342179965  -72.492492596
    1.351008580  -71.804303106
    1.359837194  -70.982356806
    1.368665809  -70.058781199
    1.377494423  -69.060429454
    1.386323037  -68.035348576
    1.395151652  -67.050498044
    1.403980266  -66.214903839
    1.412808880  -65.655615764
    1.421637495  -65.499792212
    1.430466109  -65.801970181
    1.439294723  -66.391866338
    1.448123338  -66.894004763
    1.456951952  -67.052307423
    1.465780566  -66.917270012
    1.474609181  -66.733122827
    1.483437795  -66.694128221
    1.492266410  -66.802122235
    1.501095024  -66.906638365
    1.509923638  -66.858878179
    1.518752253  -66.650976706
    1.527580867  -66.410905313
    1.536409481  -66.288629857
    1.545238096  -66.333075036
    1.554066710  -66.474046694
    1.562895324  -66.567068001
    1.571723939  -66.517166008
    1.580552553  -66.308945634
    1.589381168  -66.023877538
    1.598209782  -65.782219036
    1.607038396  -65.646792258
    1.615867011  -65.576893459
    1.624695625  -65.467658710
    1.633524239  -65.228989745
    1.642352854  -64.827746293
    1.651181468  -64.299956114
    1.660010082  -63.715832450
    1.668838697  -63.148173143
    1.677667311  -62.631076256
    1.686495926  -62.160724752
    1.695324540  -61.714927294
    1.704153154  -61.318816193
    1.712981769  -61.065159332
    1.721810383  -61.030088962
    1.730638997  -61.170882885
    1.739467612  -61.388573634
    1.748296226  -61.632076543
    1.757124840  -61.908570450
    1.765953455  -62.250435058
    1.774782069  -62.701478424
    1.783610684  -63.353826911
    1.792439298  -64.299288716
    1.801267912  -65.537685467
    1.810096527  -66.997490110
    1.818925141  -68.653028193
    1.827753755  -70.537910652
    1.836582370  -72.621284204
    1.845410984  -74.745550524
    1.854239598  -76.696540758
    1.863068213  -78.360017880
    1.871896827  -79.769496390
    1.880725441  -81.032943754
    1.889554056  -82.217909576
    1.898382670  -83.312922825
    1.907211285  -84.269427428
    1.916039899  -85.078911082
    1.924868513  -85.776453145
    1.933697128  -86.412630516
    1.942525742  -86.996376280
    1.951354356  -87.481898591
    1.960182971  -87.815764999
    1.969011585  -87.971080170
    1.977840199  -87.974288485
    1.986668814  -87.851268322
    1.995497428  -87.600485096
    2.004326043  -87.213470993
    2.013154657  -86.713896949
    2.021983271  -86.157768058
    2.030811886  -85.567972400
    2.039640500  -84.865075431
    2.048469114  -83.868833173
    2.057297729  -82.455427020
    2.066126343  -80.697386435
    2.074954957  -78.910523350
    2.083783572  -77.487138858
    2.092612186  -76.627198657
    2.101440801  -76.270807264
    2.110269415  -76.219834837
    2.119098029  -76.252900343
    2.127926644  -76.222623233
    2.136755258  -76.091912265
    2.145583872  -75.890174373
    2.154412487  -75.661717596
    2.163241101  -75.442022677
    2.172069715  -75.249715319
    2.180898330  -75.090181793
    2.189726944  -74.945430982
    2.198555559  -74.781010457
    2.207384173  -74.560476908
    2.216212787  -74.270853526
    2.225041402  -73.936406230
    2.233870016  -73.599582486
    2.242698630  -73.290039080
    2.251527245  -73.013538294
    2.260355859  -72.761073898
    2.269184473  -72.537913753
    2.278013088  -72.366262895
    2.286841702  -72.246246117
    2.295670316  -72.131724138
    2.304498931  -71.949816437
    2.313327545  -71.659893657
    2.322156160  -71.285315413
    2.330984774  -70.898089568
    2.339813388  -70.575277349
    2.348642003  -70.335421774
    2.357470617  -70.129141632
    2.366299231  -69.894878807
    2.375127846  -69.616409873
    2.383956460  -69.336269670
    2.392785074  -69.119803948
    2.401613689  -68.988741231
    2.410442303  -68.900474415
    2.419270918  -68.790000316
    2.428099532  -68.611752795
    2.436928146  -68.368945152
    2.445756761  -68.110358736
    2.454585375  -67.911053238
    2.463413989  -67.824044671
    2.472242604  -67.837170351
    2.481071218  -67.881676424
    2.489899832  -67.876472891
    2.498728447  -67.769751910
    2.507557061  -67.567270569
    2.516385676  -67.325103387
    2.525214290  -67.123686339
    2.534042904  -67.018798760
    2.542871519  -67.020512916
    2.551700133  -67.115557942
    2.560528747  -67.289112037
    2.569357362  -67.506843615
    2.578185976  -67.688394795
    2.587014590  -67.757663529
    2.595843205  -67.708610540
    2.604671819  -67.592009973
    2.613500434  -67.468719342
    2.622329048  -67.375778916
    2.631157662  -67.316738210
    2.639986277  -67.285702578
    2.648814891  -67.278707541
    2.657643505  -67.297598382
    2.666472120  -67.326295965
    2.675300734  -67.338804106
    2.684129348  -67.317226605
    2.692957963  -67.271469366
    2.701786577  -67.238656146
    2.710615191  -67.254187365
    2.719443806  -67.321490399
    2.728272420  -67.404974863
    2.737101035  -67.466593028
    2.745929649  -67.482191989
    2.754758263  -67.445581210
    2.763586878  -67.361519861
    2.772415492  -67.224832256
    2.781244106  -67.039657298
    2.790072721  -66.866740979
    2.798901335  -66.786643671
    2.807729949  -66.840012145
    2.816558564  -67.005929291
    2.825387178  -67.225919314
    2.834215793  -67.401037296
    2.843044407  -67.443813511
    2.851873021  -67.356942810
    2.860701636  -67.230431176
    2.869530250  -67.176012426
    2.878358864  -67.253624030
    2.887187479  -67.432306854
    2.896016093  -67.612972119
    2.904844707  -67.711634410
    2.913673322  -67.715240732
    2.922501936  -67.669348047
    2.931330551  -67.628993285
    2.940159165  -67.628640318
    2.948987779  -67.672827137
    2.957816394  -67.737407288
    2.966645008  -67.789324093
    2.975473622  -67.809981634
    2.984302237  -67.806879393
    2.993130851  -67.803539114
    3.001959465  -67.823137942
    3.010788080  -67.873823644
    3.019616694  -67.973550872
    3.028445309  -68.135089421
    3.037273923  -68.320734799
    3.046102537  -68.425568668
    3.054931152  -68.344178191
    3.063759766  -68.059434005
    3.072588380  -67.684224910
    3.081416995  -67.389321603
    3.090245609  -67.305149242
    3.099074223  -67.425125878
    3.107902838  -67.619831122
    3.116731452  -67.736448143
    3.125560066  -67.704824261
    3.134388681  -67.546160335
    3.143217295  -67.351575331
    3.152045910  -67.224974679
    3.160874524  -67.239709392
    3.169703138  -67.391167812
    3.178531753  -67.601321832
    3.187360367  -67.760771455
    3.196188981  -67.784088142
    3.205017596  -67.653966592
    3.213846210  -67.421406108
    3.222674824  -67.172892276
    3.231503439  -66.971035490
    3.240332053  -66.836009233
    3.249160668  -66.765312093
    3.257989282  -66.743359038
    3.266817896  -66.751771173
    3.275646511  -66.779304425
    3.284475125  -66.801808423
    3.293303739  -66.782333591
    3.302132354  -66.704862917
    3.310960968  -66.592408267
    3.319789582  -66.486737743
    3.328618197  -66.418238234
    3.337446811  -66.370129826
    3.346275426  -66.292647242
    3.355104040  -66.148408934
    3.363932654  -65.956660165
    3.372761269  -65.777180960
    3.381589883  -65.659079999
    3.390418497  -65.616405415
    3.399247112  -65.636198041
    3.408075726  -65.695998886
    3.416904340  -65.775056003
    3.425732955  -65.840319243
    3.434561569  -65.863423272
    3.443390184  -65.834805039
    3.452218798  -65.782873591
    3.461047412  -65.760357725
    3.469876027  -65.805334780
    3.478704641  -65.906670841
    3.487533255  -66.005997487
    3.496361870  -66.009043842
    3.505190484  -65.788134037
    3.514019098  -65.175280382
    3.522847713  -63.987621063
    3.531676327  -62.024963064
    3.540504941  -59.094749212
    3.549333556  -55.079562696
    3.558162170  -49.997672658
    3.566990785  -44.009241747
    3.575819399  -37.401668966
    3.584648013  -30.601197609
    3.593476628  -24.141125564
    3.602305242  -18.596909203
    3.611133856  -14.525380223
    3.619962471  -12.184083091
    3.628791085  -11.115813046
    3.637619699  -10.668598689
    3.646448314  -10.481324471
    3.655276928  -10.403196133
    3.664105543  -10.372038239
    3.672934157  -10.360572655
    3.681762771  -10.356867723
    3.690591386  -10.355780996
    3.699420000  -10.355618878
