#! FIELDS pp.proj projection
#! SET min_pp.proj 0.379861
#! SET max_pp.proj 3.69942
#! SET nbins_pp.proj  377
#! SET periodic_pp.proj false
    0.379861000  -10.355618878
    0.388689614  -10.355618878
    0.397518229  -10.355618878
    0.406346843  -10.355618878
    0.415175457  -10.355618878
    0.424004072  -10.355618878
    0.432832686  -10.355618878
    0.441661301  -10.355618878
    0.450489915  -10.355737549
    0.459318529  -10.356111434
    0.468147144  -10.357312871
    0.476975758  -10.360794912
    0.485804372  -10.369783954
    0.494632987  -10.390587790
    0.503461601  -10.434418425
    0.512290215  -10.521428883
    0.521118830  -10.688180062
    0.529947444  -11.005079918
    0.538776059  -11.607817379
    0.547604673  -12.723276175
    0.556433287  -14.609312509
    0.565261902  -17.359597099
    0.574090516  -20.806221429
    0.582919130  -24.622010167
    0.591747745  -28.424078005
    0.600576359  -31.861489597
    0.609404973  -34.731523470
    0.618233588  -37.062379401
    0.627062202  -39.081166896
    0.635890816  -41.063875212
    0.644719431  -43.152694462
    0.653548045  -45.265466705
    0.662376660  -47.162990686
    0.671205274  -48.610584377
    0.680033888  -49.528507764
    0.688862503  -50.035903637
    0.697691117  -50.363991248
    0.706519731  -50.724400813
    0.715348346  -51.203064207
    0.724176960  -51.780169644
    0.733005574  -52.401911537
    0.741834189  -53.053456587
    0.750662803  -53.751188378
    0.759491418  -54.465928521
    0.768320032  -55.110008554
    0.777148646  -55.607594589
    0.785977261  -55.983143334
    0.794805875  -56.361545194
    0.803634489  -56.861160387
    0.812463104  -57.471492085
    0.821291718  -58.052384630
    0.830120332  -58.450539429
    0.838948947  -58.623075053
    0.847777561  -58.676421478
    0.856606176  -58.770945707
    0.865434790  -58.996570410
    0.874263404  -59.331083225
    0.883092019  -59.698252059
    0.891920633  -60.070542766
    0.900749247  -60.482441961
    0.909577862  -60.973938710
    0.918406476  -61.518880686
    0.927235090  -62.039681878
    0.936063705  -62.469050345
    0.944892319  -62.791027801
    0.953720934  -63.017194554
    0.962549548  -63.132779735
    0.971378162  -63.098354079
    0.980206777  -62.950830862
    0.989035391  -62.920490016
    0.997864005  -63.307321066
    1.006692620  -64.124888819
    1.015521234  -65.156807420
    1.024349848  -66.227968143
    1.033178463  -67.255324367
    1.042007077  -68.194486747
    1.050835691  -69.018130164
    1.059664306  -69.695156513
    1.068492920  -70.195799284
    1.077321535  -70.529624510
    1.086150149  -70.746622717
    1.094978763  -70.893744615
    1.103807378  -70.958063324
    1.112635992  -70.885075861
    1.121464606  -70.626092957
    1.130293221  -70.203732454
    1.139121835  -69.719999158
    1.147950449  -69.261717188
    1.156779064  -68.806582683
    1.165607678  -68.199631707
    1.174436293  -67.250309823
    1.183264907  -65.865388887
    1.192093521  -64.161598534
    1.200922136  -62.442888425
    1.209750750  -61.007585222
    1.218579364  -59.902292819
    1.227407979  -58.985764785
    1.236236593  -58.152412595
    1.245065207  -57.404393125
    1.253893822  -56.787685418
    1.262722436  -56.316908791
    1.271551051  -55.954112738
    1.280379665  -55.637307102
    1.289208279  -55.299343097
    1.298036894  -54.871942563
    1.306865508  -54.317272900
    1.315694122  -53.664996288
    1.324522737  -53.005050423
    1.333351351  -52.440433751
    1.342179965  -52.029462542
    1.351008580  -51.778496543
    1.359837194  -51.663625328
    1.368665809  -51.690170988
    1.377494423  -51.897725413
    1.386323037  -52.320978894
    1.395151652  -52.901381500
    1.403980266  -53.517229258
    1.412808880  -54.063405341
    1.421637495  -54.539822052
    1.430466109  -55.046775321
    1.439294723  -55.682134481
    1.448123338  -56.369919031
    1.456951952  -56.933364498
    1.465780566  -57.331540339
    1.474609181  -57.690610646
    1.483437795  -58.120834705
    1.492266410  -58.598308041
    1.501095024  -59.031158523
    1.509923638  -59.375469320
    1.518752253  -59.654396735
    1.527580867  -59.879423999
    1.536409481  -60.063572311
    1.545238096  -60.265227626
    1.554066710  -60.544439177
    1.562895324  -60.875312796
    1.571723939  -61.102036787
    1.580552553  -61.009753504
    1.589381168  -60.513745387
    1.598209782  -59.732473040
    1.607038396  -58.884235898
    1.615867011  -58.127616959
    1.624695625  -57.510963970
    1.633524239  -56.997596318
    1.642352854  -56.508349300
    1.651181468  -55.975373657
    1.660010082  -55.377151948
    1.668838697  -54.731188271
    1.677667311  -54.105327479
    1.686495926  -53.603640669
    1.695324540  -53.310459338
    1.704153154  -53.243100448
    1.712981769  -53.330684239
    1.721810383  -53.453231993
    1.730638997  -53.481535144
    1.739467612  -53.331433977
    1.748296226  -53.009104465
    1.757124840  -52.605520188
    1.765953455  -52.219496078
    1.774782069  -51.900181961
    1.783610684  -51.630260989
    1.792439298  -51.340686681
    1.801267912  -50.971464594
    1.810096527  -50.536633058
    1.818925141  -50.094826524
    1.827753755  -49.671200101
    1.836582370  -49.274140445
    1.845410984  -48.943257687
    1.854239598  -48.677838911
    1.863068213  -48.422506706
    1.871896827  -48.140323997
    1.880725441  -47.862762604
    1.889554056  -47.666526877
    1.898382670  -47.626777823
    1.907211285  -47.770211456
    1.916039899  -48.052463797
    1.924868513  -48.392486845
    1.933697128  -48.726361665
    1.942525742  -49.001552439
    1.951354356  -49.179445589
    1.960182971  -49.264784152
    1.969011585  -49.295328963
    1.977840199  -49.312399254
    1.986668814  -49.308858875
    1.995497428  -49.236491588
    2.004326043  -49.070299620
    2.013154657  -48.856570853
    2.021983271  -48.702378157
    2.030811886  -48.703314827
    2.039640500  -48.853857895
    2.048469114  -49.005351887
    2.057297729  -48.993295555
    2.066126343  -48.800289878
    2.074954957  -48.569849983
    2.083783572  -48.416310314
    2.092612186  -48.347864415
    2.101440801  -48.340186436
    2.110269415  -48.351762257
    2.119098029  -48.309561176
    2.127926644  -48.173338781
    2.136755258  -47.971742640
    2.145583872  -47.738854844
    2.154412487  -47.475847631
    2.163241101  -47.185755152
    2.172069715  -46.916856803
    2.180898330  -46.741818888
    2.189726944  -46.685981519
    2.198555559  -46.680140830
    2.207384173  -46.599833461
    2.216212787  -46.359048322
    2.225041402  -45.964458393
    2.233870016  -45.483981649
    2.242698630  -44.977046803
    2.251527245  -44.463600891
    2.260355859  -43.929276948
    2.269184473  -43.372078403
    2.278013088  -42.828984547
    2.286841702  -42.338239339
    2.295670316  -41.890242913
    2.304498931  -41.444410588
    2.313327545  -41.004657131
    2.322156160  -40.643734598
    2.330984774  -40.459298473
    2.339813388  -40.499153975
    2.348642003  -40.703581275
    2.357470617  -40.916922552
    2.366299231  -40.980013846
    2.375127846  -40.817972990
    2.383956460  -40.491530835
    2.392785074  -40.161819122
    2.401613689  -39.969992274
    2.410442303  -39.948200506
    2.419270918  -40.026405098
    2.428099532  -40.104947672
    2.436928146  -40.122168403
    2.445756761  -40.078945924
    2.454585375  -40.028543388
    2.463413989  -40.039483452
    2.472242604  -40.144376898
    2.481071218  -40.319769016
    2.489899832  -40.513330673
    2.498728447  -40.687281640
    2.507557061  -40.847952813
    2.516385676  -41.031852980
    2.525214290  -41.257009328
    2.534042904  -41.475493536
    2.542871519  -41.596531450
    2.551700133  -41.551287357
    2.560528747  -41.334512614
    2.569357362  -41.006964930
    2.578185976  -40.672072533
    2.587014590  -40.434585308
    2.595843205  -40.352478702
    2.604671819  -40.411138606
    2.613500434  -40.548042866
    2.622329048  -40.705281895
    2.631157662  -40.863089119
    2.639986277  -41.033196829
    2.648814891  -41.208087855
    2.657643505  -41.332267712
    2.666472120  -41.322932621
    2.675300734  -41.151914732
    2.684129348  -40.890067072
    2.692957963  -40.677057672
    2.701786577  -40.625564634
    2.710615191  -40.746968465
    2.719443806  -40.964703863
    2.728272420  -41.179040442
    2.737101035  -41.338406627
    2.745929649  -41.466075471
    2.754758263  -41.641467982
    2.763586878  -41.920209461
    2.772415492  -42.276781611
    2.781244106  -42.641987592
    2.790072721  -42.992987004
    2.798901335  -43.340548886
    2.807729949  -43.678098312
    2.816558564  -43.936490651
    2.825387178  -43.994796824
    2.834215793  -43.748417578
    2.843044407  -43.198953684
    2.851873021  -42.494597078
    2.860701636  -41.857334043
    2.869530250  -41.469911344
    2.878358864  -41.410495405
    2.887187479  -41.646913844
    2.896016093  -42.060371323
    2.904844707  -42.515918976
    2.913673322  -42.907984879
    2.922501936  -43.172115858
    2.931330551  -43.287747285
    2.940159165  -43.298172384
    2.948987779  -43.286930643
    2.957816394  -43.301110765
    2.966645008  -43.329018504
    2.975473622  -43.337167941
    2.984302237  -43.312630618
    2.993130851  -43.251340505
    3.001959465  -43.154307289
    3.010788080  -43.045934100
    3.019616694  -43.013252540
    3.028445309  -43.159003954
    3.037273923  -43.509141333
    3.046102537  -43.956815952
    3.054931152  -44.316819335
    3.063759766  -44.439714496
    3.072588380  -44.315750978
    3.081416995  -44.061584266
    3.090245609  -43.841260432
    3.099074223  -43.749888688
    3.107902838  -43.757600412
    3.116731452  -43.743256616
    3.125560066  -43.603897961
    3.134388681  -43.328280261
    3.143217295  -43.020353720
    3.152045910  -42.817819074
    3.160874524  -42.802619072
    3.169703138  -42.948174936
    3.178531753  -43.152220485
    3.187360367  -43.297650169
    3.196188981  -43.311950103
    3.205017596  -43.205307215
    3.213846210  -43.066427311
    3.222674824  -43.009123354
    3.231503439  -43.089879536
    3.240332053  -43.275125472
    3.249160668  -43.495442256
    3.257989282  -43.703678605
    3.266817896  -43.888136912
    3.275646511  -44.054080974
    3.284475125  -44.196127834
    3.293303739  -44.287664511
    3.302132354  -44.309567656
    3.310960968  -44.292897957
    3.319789582  -44.320796771
    3.328618197  -44.477325682
    3.337446811  -44.785850904
    3.346275426  -45.197338464
    3.355104040  -45.621658165
    3.363932654  -45.975346162
    3.372761269  -46.196910943
    3.381589883  -46.238125951
    3.390418497  -46.081708256
    3.399247112  -45.769886265
    3.408075726  -45.413665228
    3.416904340  -45.145909130
    3.425732955  -45.035201781
    3.434561569  -45.054471661
    3.443390184  -45.123823645
    3.452218798  -45.188427487
    3.461047412  -45.243489908
    3.469876027  -45.310523464
    3.478704641  -45.403345293
    3.487533255  -45.504476776
    3.496361870  -45.537494732
    3.505190484  -45.331137320
    3.514019098  -44.606262700
    3.522847713  -43.038773227
    3.531676327  -40.375040090
    3.540504941  -36.566254235
    3.549333556  -31.831964193
    3.558162170  -26.619936803
    3.566990785  -21.495718040
    3.575819399  -17.047148857
    3.584648013  -13.807318265
    3.593476628  -11.940306643
    3.602305242  -11.050065699
    3.611133856  -10.653494696
    3.619962471  -10.478330874
    3.628791085  -10.402864772
    3.637619699  -10.372006174
    3.646448314  -10.360760779
    3.655276928  -10.356911105
    3.664105543  -10.355800257
    3.672934157  -10.355618878
    3.681762771  -10.355618878
    3.690591386  -10.355618878
    3.699420000  -10.355618878
