#! FIELDS pp.proj projection
#! SET min_pp.proj 0.379861
#! SET max_pp.proj 3.69942
#! SET nbins_pp.proj  377
#! SET periodic_pp.proj false
    0.379861000  -10.355618878
    0.388689614  -10.355618878
    0.397518229  -10.355618878
    0.406346843  -10.355659439
    0.415175457  -10.355811544
    0.424004072  -10.356305151
    0.432832686  -10.357856488
    0.441661301  -10.361993250
    0.450489915  -10.372095343
    0.459318529  -10.393967572
    0.468147144  -10.437646904
    0.476975758  -10.519750377
    0.485804372  -10.669363067
    0.494632987  -10.940830317
    0.503461601  -11.435980492
    0.512290215  -12.325556096
    0.521118830  -13.801263260
    0.529947444  -15.917303169
    0.538776059  -18.511544142
    0.547604673  -21.356704380
    0.556433287  -24.336095881
    0.565261902  -27.474922989
    0.574090516  -30.852343663
    0.582919130  -34.458567177
    0.591747745  -38.108104566
    0.600576359  -41.490999529
    0.609404973  -44.339323212
    0.618233588  -46.596569416
    0.627062202  -48.457774629
    0.635890816  -50.249165039
    0.644719431  -52.236686411
    0.653548045  -54.488577784
    0.662376660  -56.892939584
    0.671205274  -59.265077071
    0.680033888  -61.501966244
    0.688862503  -63.628975705
    0.697691117  -65.722484019
    0.706519731  -67.801500865
    0.715348346  -69.790742091
    0.724176960  -71.604998152
    0.733005574  -73.215767971
    0.741834189  -74.668938977
    0.750662803  -76.019624394
    0.759491418  -77.249032595
    0.768320032  -78.266934441
    0.777148646  -78.987373424
    0.785977261  -79.405087202
    0.794805875  -79.596308417
    0.803634489  -79.640140551
    0.812463104  -79.562967056
    0.821291718  -79.345536729
    0.830120332  -78.979991559
    0.838948947  -78.517897539
    0.847777561  -78.057284549
    0.856606176  -77.658523288
    0.865434790  -77.280562480
    0.874263404  -76.803098240
    0.883092019  -76.125403815
    0.891920633  -75.266197204
    0.900749247  -74.372105277
    0.909577862  -73.671237277
    0.918406476  -73.379205088
    0.927235090  -73.484224511
    0.936063705  -73.753701021
    0.944892319  -74.083980743
    0.953720934  -74.555711271
    0.962549548  -75.239188567
    0.971378162  -76.084999993
    0.980206777  -76.976597337
    0.989035391  -77.842583798
    0.997864005  -78.688595150
    1.006692620  -79.522151566
    1.015521234  -80.271894145
    1.024349848  -80.789050740
    1.033178463  -80.934926094
    1.042007077  -80.683927942
    1.050835691  -80.148838762
    1.059664306  -79.536705592
    1.068492920  -79.010709651
    1.077321535  -78.624220268
    1.086150149  -78.362081555
    1.094978763  -78.191290286
    1.103807378  -78.067789861
    1.112635992  -77.957701795
    1.121464606  -77.870127504
    1.130293221  -77.850256186
    1.139121835  -77.916588978
    1.147950449  -77.986016121
    1.156779064  -77.945824857
    1.165607678  -77.732578760
    1.174436293  -77.361522292
    1.183264907  -76.892340814
    1.192093521  -76.381003298
    1.200922136  -75.841165163
    1.209750750  -75.259456365
    1.218579364  -74.625306076
    1.227407979  -73.972895996
    1.236236593  -73.369427666
    1.245065207  -72.902528444
    1.253893822  -72.651365558
    1.262722436  -72.647941587
    1.271551051  -72.852849668
    1.280379665  -73.168784706
    1.289208279  -73.475397391
    1.298036894  -73.680777065
    1.306865508  -73.740529758
    1.315694122  -73.651138008
    1.324522737  -73.415185075
    1.333351351  -73.031654296
    1.342179965  -72.492492596
    1.351008580  -71.804303106
    1.359837194  -70.982356806
    1.368665809  -70.058781199
    1.377494423  -69.060429454
    1.386323037  -68.035348576
    1.395151652  -67.050498044
    1.403980266  -66.214903839
    1.412808880  -65.655615764
    1.421637495  -65.499792212
    1.430466109  -65.801970181
    1.439294723  -66.391866338
    1.448123338  -66.894004763
    1.456951952  -67.052307423
    1.465780566  -66.917270012
    1.474609181  -66.733122827
    1.483437795  -66.694128221
    1.492266410  -66.802122235
    1.501095024  -66.906638365
    1.509923638  -66.858878179
    1.518752253  -66.650976706
    1.527580867  -66.410905313
    1.536409481  -66.288629857
    1.545238096  -66.333075036
    1.554066710  -66.474046694
    1.562895324  -66.567068001
    1.571723939  -66.517166008
    1.580552553  -66.308945634
    1.589381168  -66.023877538
    1.598209782  -65.782219036
    1.607038396  -65.646792258
    1.615867011  -65.576893459
    1.624695625  -65.467658710
    1.633524239  -65.228989745
    1.642352854  -64.827746293
    1.651181468  -64.299956114
    1.660010082  -63.715832450
    1.668838697  -63.148173143
    1.677667311  -62.631076256
    1.686495926  -62.160724752
    1.695324540  -61.714927294
    1.704153154  -61.318816193
    1.712981769  -61.065159332
    1.721810383  -61.030088962
    1.730638997  -61.170882885
    1.739467612  -61.388573634
    1.748296226  -61.632076543
    1.757124840  -61.908570450
    1.765953455  -62.250435058
    1.774782069  -62.701478424
    1.783610684  -63.353821230
    1.792439298  -64.299262472
    1.801267912  -65.537623617
    1.810096527  -66.997371223
    1.818925141  -68.652847087
    1.827753755  -70.537692177
    1.836582370  -72.621067660
    1.845410984  -74.745355146
    1.854239598  -76.696358806
    1.863068213  -78.359829611
    1.871896827  -79.769273447
    1.880725441  -81.032645022
    1.889554056  -82.217461126
    1.898382670  -83.312191845
    1.907211285  -84.268180787
    1.916039899  -85.076784213
    1.924868513  -85.772979459
    1.933697128  -86.407364231
    1.942525742  -86.988984027
    1.951354356  -87.472091689
    1.960182971  -87.803105004
    1.969011585  -87.954901129
    1.977840199  -87.953752676
    1.986668814  -87.825107497
    1.995497428  -87.566119826
    2.004326043  -87.166116115
    2.013154657  -86.646382303
    2.021983271  -86.061157693
    2.030811886  -85.432233721
    2.039640500  -84.678356197
    2.048469114  -83.612825197
    2.057297729  -82.094101079
    2.066126343  -80.156443904
    2.074954957  -78.057029239
    2.083783572  -76.160388618
    2.092612186  -74.730749056
    2.101440801  -73.796586117
    2.110269415  -73.167446417
    2.119098029  -72.569884943
    2.127926644  -71.819974676
    2.136755258  -70.915237774
    2.145583872  -69.999898300
    2.154412487  -69.237720954
    2.163241101  -68.705699840
    2.172069715  -68.386248417
    2.180898330  -68.218091045
    2.189726944  -68.122153287
    2.198555559  -68.026071295
    2.207384173  -67.885388882
    2.216212787  -67.690786263
    2.225041402  -67.459425330
    2.233870016  -67.201272581
    2.242698630  -66.892283269
    2.251527245  -66.496316605
    2.260355859  -66.006747448
    2.269184473  -65.494470611
    2.278013088  -65.077863024
    2.286841702  -64.834154246
    2.295670316  -64.741675080
    2.304498931  -64.689446354
    2.313327545  -64.547621312
    2.322156160  -64.245646598
    2.330984774  -63.820179584
    2.339813388  -63.394322950
    2.348642003  -63.078619793
    2.357470617  -62.891920999
    2.366299231  -62.767020286
    2.375127846  -62.623644036
    2.383956460  -62.436072294
    2.392785074  -62.240579681
    2.401613689  -62.073648239
    2.410442303  -61.928508652
    2.419270918  -61.762599417
    2.428099532  -61.528548342
    2.436928146  -61.220025129
    2.445756761  -60.885625382
    2.454585375  -60.591273381
    2.463413989  -60.366315674
    2.472242604  -60.183815424
    2.481071218  -59.989564086
    2.489899832  -59.742816796
    2.498728447  -59.440807937
    2.507557061  -59.122937594
    2.516385676  -58.845462714
    2.525214290  -58.659898017
    2.534042904  -58.590986433
    2.542871519  -58.633891690
    2.551700133  -58.768755092
    2.560528747  -58.972452160
    2.569357362  -59.214602411
    2.578185976  -59.441784539
    2.587014590  -59.605176917
    2.595843205  -59.701337282
    2.604671819  -59.756496217
    2.613500434  -59.795360774
    2.622329048  -59.829439349
    2.631157662  -59.862623106
    2.639986277  -59.907081696
    2.648814891  -59.978183284
    2.657643505  -60.084574887
    2.666472120  -60.207256776
    2.675300734  -60.319745760
    2.684129348  -60.409345977
    2.692957963  -60.485102141
    2.701786577  -60.567424297
    2.710615191  -60.663623377
    2.719443806  -60.758069480
    2.728272420  -60.823122399
    2.737101035  -60.859692399
    2.745929649  -60.900593922
    2.754758263  -60.975401286
    2.763586878  -61.066613638
    2.772415492  -61.101430162
    2.781244106  -61.026956810
    2.790072721  -60.895540914
    2.798901335  -60.810712021
    2.807729949  -60.830009068
    2.816558564  -60.938330236
    2.825387178  -61.089450378
    2.834215793  -61.206865153
    2.843044407  -61.220610218
    2.851873021  -61.136710977
    2.860701636  -61.035726288
    2.869530250  -61.011220370
    2.878358864  -61.106529114
    2.887187479  -61.278055814
    2.896016093  -61.409746514
    2.904844707  -61.392262336
    2.913673322  -61.191646056
    2.922501936  -60.853419346
    2.931330551  -60.468043879
    2.940159165  -60.135384361
    2.948987779  -59.933191308
    2.957816394  -59.876149175
    2.966645008  -59.908791284
    2.975473622  -59.942536231
    2.984302237  -59.920362410
    2.993130851  -59.849576347
    3.001959465  -59.778445802
    3.010788080  -59.734518003
    3.019616694  -59.737534344
    3.028445309  -59.820012284
    3.037273923  -59.987519105
    3.046102537  -60.163402740
    3.054931152  -60.231068247
    3.063759766  -60.127439754
    3.072588380  -59.900550725
    3.081416995  -59.661488298
    3.090245609  -59.513009789
    3.099074223  -59.473602456
    3.107902838  -59.476411152
    3.116731452  -59.420305039
    3.125560066  -59.246081331
    3.134388681  -58.964213633
    3.143217295  -58.666331907
    3.152045910  -58.468330021
    3.160874524  -58.457063528
    3.169703138  -58.643366397
    3.178531753  -58.964279532
    3.187360367  -59.303077577
    3.196188981  -59.532590370
    3.205017596  -59.589812984
    3.213846210  -59.514459473
    3.222674824  -59.417285918
    3.231503439  -59.391558814
    3.240332053  -59.466933249
    3.249160668  -59.628521558
    3.257989282  -59.832868638
    3.266817896  -60.019043246
    3.275646511  -60.151941499
    3.284475125  -60.227881986
    3.293303739  -60.251863892
    3.302132354  -60.235645712
    3.310960968  -60.213354571
    3.319789582  -60.229672967
    3.328618197  -60.306419668
    3.337446811  -60.417889328
    3.346275426  -60.515566922
    3.355104040  -60.565296967
    3.363932654  -60.581155020
    3.372761269  -60.605809664
    3.381589883  -60.657921612
    3.390418497  -60.719658425
    3.399247112  -60.765803801
    3.408075726  -60.791392442
    3.416904340  -60.812840909
    3.425732955  -60.834799722
    3.434561569  -60.845078244
    3.443390184  -60.827658806
    3.452218798  -60.790772270
    3.461047412  -60.770805693
    3.469876027  -60.803497687
    3.478704641  -60.892609389
    3.487533255  -61.002143433
    3.496361870  -61.053088286
    3.505190484  -60.907650701
    3.514019098  -60.358216252
    3.522847713  -59.163763880
    3.531676327  -57.071716993
    3.540504941  -53.870346090
    3.549333556  -49.472459483
    3.558162170  -43.979300952
    3.566990785  -37.683940932
    3.575819399  -31.035478369
    3.584648013  -24.598765687
    3.593476628  -18.980662868
    3.602305242  -14.777402688
    3.611133856  -12.306515704
    3.619962471  -11.164035306
    3.628791085  -10.685579991
    3.637619699  -10.486154647
    3.646448314  -10.404263966
    3.655276928  -10.372055239
    3.664105543  -10.360401920
    3.672934157  -10.356714190
    3.681762771  -10.355768510
    3.690591386  -10.355618878
    3.699420000  -10.355618878
