#! FIELDS pp.proj projection
#! SET min_pp.proj 0.379861
#! SET max_pp.proj 3.69942
#! SET nbins_pp.proj  377
#! SET periodic_pp.proj false
    0.379861000  -10.356107796
    0.388689614  -10.357534145
    0.397518229  -10.361899641
    0.406346843  -10.374052061
    0.415175457  -10.404936451
    0.424004072  -10.478507466
    0.432832686  -10.650126580
    0.441661301  -11.060873462
    0.450489915  -12.073443655
    0.459318529  -14.335548586
    0.468147144  -18.153811775
    0.476975758  -23.020961626
    0.485804372  -28.269921630
    0.494632987  -33.387392982
    0.503461601  -38.015707300
    0.512290215  -41.977755032
    0.521118830  -45.278771670
    0.529947444  -48.063507392
    0.538776059  -50.524681381
    0.547604673  -52.802567542
    0.556433287  -54.954474883
    0.565261902  -56.990050756
    0.574090516  -58.921389633
    0.582919130  -60.761433729
    0.591747745  -62.478998571
    0.600576359  -64.002837530
    0.609404973  -65.270954942
    0.618233588  -66.314091115
    0.627062202  -67.278395528
    0.635890816  -68.334431515
    0.644719431  -69.566427335
    0.653548045  -70.906425217
    0.662376660  -72.204061764
    0.671205274  -73.321164764
    0.680033888  -74.238996422
    0.688862503  -75.056332489
    0.697691117  -75.901167452
    0.706519731  -76.838998782
    0.715348346  -77.811684348
    0.724176960  -78.719909053
    0.733005574  -79.504740984
    0.741834189  -80.188560614
    0.750662803  -80.829342713
    0.759491418  -81.432553729
    0.768320032  -81.936266332
    0.777148646  -82.274185799
    0.785977261  -82.451992287
    0.794805875  -82.553447285
    0.803634489  -82.666962505
    0.812463104  -82.810863289
    0.821291718  -82.930148539
    0.830120332  -82.961367787
    0.838948947  -82.906272552
    0.847777561  -82.850999403
    0.856606176  -82.886155430
    0.865434790  -83.024807410
    0.874263404  -83.190471631
    0.883092019  -83.277152287
    0.891920633  -83.246189008
    0.900749247  -83.142349118
    0.909577862  -83.045150737
    0.918406476  -83.001582435
    0.927235090  -83.035861645
    0.936063705  -83.268207523
    0.944892319  -84.280407562
    0.953720934  -87.053853194
    0.962549548  -91.011193789
    0.971378162  -94.903722926
    0.980206777  -98.229208620
    0.989035391 -100.904474172
    0.997864005 -103.030693381
    1.006692620 -104.771273623
    1.015521234 -106.259188069
    1.024349848 -107.552613912
    1.033178463 -108.674895763
    1.042007077 -109.633564515
    1.050835691 -110.441179546
    1.059664306 -111.094141567
    1.068492920 -111.561291277
    1.077321535 -111.840224734
    1.086150149 -111.983471952
    1.094978763 -112.076699684
    1.103807378 -112.151697759
    1.112635992 -112.152608707
    1.121464606 -111.962721563
    1.130293221 -111.500882781
    1.139121835 -110.787070435
    1.147950449 -109.895970823
    1.156779064 -108.874464154
    1.165607678 -107.676141986
    1.174436293 -106.206186221
    1.183264907 -104.403982101
    1.192093521 -102.332582008
    1.200922136 -100.190045602
    1.209750750  -98.248628328
    1.218579364  -96.750920786
    1.227407979  -95.842689597
    1.236236593  -95.507980298
    1.245065207  -95.556174073
    1.253893822  -95.756532028
    1.262722436  -95.974616838
    1.271551051  -96.166254921
    1.280379665  -96.282603288
    1.289208279  -96.214817040
    1.298036894  -95.834940856
    1.306865508  -95.074668436
    1.315694122  -93.968550630
    1.324522737  -92.621578336
    1.333351351  -91.152954397
    1.342179965  -89.647347261
    1.351008580  -88.170206723
    1.359837194  -86.788594328
    1.368665809  -85.584599533
    1.377494423  -84.604395486
    1.386323037  -83.841077083
    1.395151652  -83.245753648
    1.403980266  -82.778658557
    1.412808880  -82.405052208
    1.421637495  -82.096738059
    1.430466109  -81.823206896
    1.439294723  -81.556391954
    1.448123338  -81.249900519
    1.456951952  -80.861874451
    1.465780566  -80.414940678
    1.474609181  -79.999708861
    1.483437795  -79.700119937
    1.492266410  -79.525031223
    1.501095024  -79.417983763
    1.509923638  -79.297971030
    1.518752253  -79.105807592
    1.527580867  -78.819231099
    1.536409481  -78.452965295
    1.545238096  -78.062012516
    1.554066710  -77.729453536
    1.562895324  -77.509919552
    1.571723939  -77.379158464
    1.580552553  -77.259142782
    1.589381168  -77.115513699
    1.598209782  -76.983429138
    1.607038396  -76.914020016
    1.615867011  -76.931731762
    1.624695625  -77.034200643
    1.633524239  -77.195688925
    1.642352854  -77.366476153
    1.651181468  -77.494906258
    1.660010082  -77.552870894
    1.668838697  -77.543354038
    1.677667311  -77.495447830
    1.686495926  -77.450255895
    1.695324540  -77.440495181
    1.704153154  -77.477331941
    1.712981769  -77.527531866
    1.721810383  -77.529519563
    1.730638997  -77.422038829
    1.739467612  -77.182296807
    1.748296226  -76.853220376
    1.757124840  -76.537019835
    1.765953455  -76.331953824
    1.774782069  -76.267330191
    1.783610684  -76.306586182
    1.792439298  -76.385485865
    1.801267912  -76.463764668
    1.810096527  -76.544529156
    1.818925141  -76.657898550
    1.827753755  -76.868681933
    1.836582370  -77.278644363
    1.845410984  -77.958658824
    1.854239598  -78.841011831
    1.863068213  -79.781118354
    1.871896827  -80.707178784
    1.880725441  -81.644351101
    1.889554056  -82.617337008
    1.898382670  -83.583691690
    1.907211285  -84.466221941
    1.916039899  -85.233442898
    1.924868513  -85.906598945
    1.933697128  -86.529275870
    1.942525742  -87.106472880
    1.951354356  -87.589172544
    1.960182971  -87.920497044
    1.969011585  -88.070959332
    1.977840199  -88.066100750
    1.986668814  -87.934180195
    1.995497428  -87.679174417
    2.004326043  -87.298810687
    2.013154657  -86.821645260
    2.021983271  -86.306741703
    2.030811886  -85.779615220
    2.039640500  -85.165724965
    2.048469114  -84.295523845
    2.057297729  -83.064769358
    2.066126343  -81.573013430
    2.074954957  -80.139944709
    2.083783572  -79.084044078
    2.092612186  -78.510709576
    2.101440801  -78.350580196
    2.110269415  -78.445143040
    2.119098029  -78.592134191
    2.127926644  -78.638697701
    2.136755258  -78.541680263
    2.145583872  -78.339683827
    2.154412487  -78.098512721
    2.163241101  -77.873087476
    2.172069715  -77.692262964
    2.180898330  -77.564478129
    2.189726944  -77.472347219
    2.198555559  -77.382147805
    2.207384173  -77.257019163
    2.216212787  -77.074150125
    2.225041402  -76.837633210
    2.233870016  -76.569278769
    2.242698630  -76.287244365
    2.251527245  -76.000616482
    2.260355859  -75.709265296
    2.269184473  -75.430601950
    2.278013088  -75.203771513
    2.286841702  -75.059974406
    2.295670316  -74.986515403
    2.304498931  -74.915802407
    2.313327545  -74.774848271
    2.322156160  -74.536511786
    2.330984774  -74.236708267
    2.339813388  -73.944692350
    2.348642003  -73.698929625
    2.357470617  -73.481208538
    2.366299231  -73.250121749
    2.375127846  -72.988022508
    2.383956460  -72.719494046
    2.392785074  -72.494454999
    2.401613689  -72.336540414
    2.410442303  -72.222701750
    2.419270918  -72.109806157
    2.428099532  -71.959825563
    2.436928146  -71.763767379
    2.445756761  -71.551266976
    2.454585375  -71.386394668
    2.463413989  -71.325933908
    2.472242604  -71.365909790
    2.481071218  -71.439224594
    2.489899832  -71.457016192
    2.498728447  -71.357336776
    2.507557061  -71.141919179
    2.516385676  -70.871453036
    2.525214290  -70.637536759
    2.534042904  -70.506500173
    2.542871519  -70.491762042
    2.551700133  -70.565262570
    2.560528747  -70.676748028
    2.569357362  -70.764298853
    2.578185976  -70.763351801
    2.587014590  -70.648011318
    2.595843205  -70.462982005
    2.604671819  -70.285604780
    2.613500434  -70.177920666
    2.622329048  -70.162447075
    2.631157662  -70.221754492
    2.639986277  -70.320315645
    2.648814891  -70.420827499
    2.657643505  -70.498842875
    2.666472120  -70.527492493
    2.675300734  -70.490325072
    2.684129348  -70.397515084
    2.692957963  -70.295990835
    2.701786577  -70.251878151
    2.710615191  -70.308298427
    2.719443806  -70.453594298
    2.728272420  -70.623561257
    2.737101035  -70.754721563
    2.745929649  -70.815568098
    2.754758263  -70.804810507
    2.763586878  -70.729895154
    2.772415492  -70.585909566
    2.781244106  -70.383341851
    2.790072721  -70.188812504
    2.798901335  -70.077164658
    2.807729949  -70.078762978
    2.816558564  -70.175085867
    2.825387178  -70.324921088
    2.834215793  -70.445419788
    2.843044407  -70.447945894
    2.851873021  -70.318278406
    2.860701636  -70.125811673
    2.869530250  -69.969111840
    2.878358864  -69.906928643
    2.887187479  -69.924042674
    2.896016093  -69.951858042
    2.904844707  -69.939526341
    2.913673322  -69.891386309
    2.922501936  -69.845314559
    2.931330551  -69.825436421
    2.940159165  -69.830107498
    2.948987779  -69.845659456
    2.957816394  -69.854506688
    2.966645008  -69.839578902
    2.975473622  -69.795650209
    2.984302237  -69.741582211
    2.993130851  -69.708103655
    3.001959465  -69.711576191
    3.010788080  -69.743261237
    3.019616694  -69.811615933
    3.028445309  -69.936148578
    3.037273923  -70.092591253
    3.046102537  -70.188960568
    3.054931152  -70.126460215
    3.063759766  -69.886354288
    3.072588380  -69.571650922
    3.081416995  -69.340278501
    3.090245609  -69.314063043
    3.099074223  -69.486945845
    3.107902838  -69.735719646
    3.116731452  -69.909602713
    3.125560066  -69.933030882
    3.134388681  -69.820540696
    3.143217295  -69.653983757
    3.152045910  -69.520208480
    3.160874524  -69.473046794
    3.169703138  -69.505166267
    3.178531753  -69.564393435
    3.187360367  -69.584317784
    3.196188981  -69.511414363
    3.205017596  -69.334233234
    3.213846210  -69.090378445
    3.222674824  -68.850928366
    3.231503439  -68.665259169
    3.240332053  -68.535669775
    3.249160668  -68.439668322
    3.257989282  -68.350573401
    3.266817896  -68.261302390
    3.275646511  -68.191196534
    3.284475125  -68.146261780
    3.293303739  -68.102297626
    3.302132354  -68.041716359
    3.310960968  -67.982750594
    3.319789582  -67.959016697
    3.328618197  -67.984889864
    3.337446811  -68.028089051
    3.346275426  -68.035712003
    3.355104040  -67.972711695
    3.363932654  -67.855994196
    3.372761269  -67.737056607
    3.381589883  -67.654898814
    3.390418497  -67.616887202
    3.399247112  -67.611254391
    3.408075726  -67.627994032
    3.416904340  -67.666251063
    3.425732955  -67.710333735
    3.434561569  -67.734480050
    3.443390184  -67.713607081
    3.452218798  -67.650203959
    3.461047412  -67.577304355
    3.469876027  -67.529330294
    3.478704641  -67.506249432
    3.487533255  -67.464819326
    3.496361870  -67.323406231
    3.505190484  -66.964381026
    3.514019098  -66.225623011
    3.522847713  -64.926601822
    3.531676327  -62.872525389
    3.540504941  -59.878716905
    3.549333556  -55.824127477
    3.558162170  -50.705688394
    3.566990785  -44.661112121
    3.575819399  -37.971730176
    3.584648013  -31.073037568
    3.593476628  -24.511328812
    3.602305242  -18.867701077
    3.611133856  -14.696686253
    3.619962471  -12.270265690
    3.628791085  -11.152930484
    3.637619699  -10.683817090
    3.646448314  -10.487314496
    3.655276928  -10.405407773
    3.664105543  -10.372768384
    3.672934157  -10.360774783
    3.681762771  -10.356923302
    3.690591386  -10.355780996
    3.699420000  -10.355618878
