#! FIELDS pp.proj projection
#! SET min_pp.proj 0.379861
#! SET max_pp.proj 3.69942
#! SET nbins_pp.proj  377
#! SET periodic_pp.proj false
    0.379861000  -10.355618878
    0.388689614  -10.355618878
    0.397518229  -10.355618878
    0.406346843  -10.355659439
    0.415175457  -10.355811544
    0.424004072  -10.356305151
    0.432832686  -10.357856488
    0.441661301  -10.361993250
    0.450489915  -10.372095343
    0.459318529  -10.393967572
    0.468147144  -10.437646904
    0.476975758  -10.519750377
    0.485804372  -10.669363067
    0.494632987  -10.940830317
    0.503461601  -11.435980492
    0.512290215  -12.325556096
    0.521118830  -13.801263260
    0.529947444  -15.917303169
    0.538776059  -18.511544142
    0.547604673  -21.356704380
    0.556433287  -24.336095881
    0.565261902  -27.474922989
    0.574090516  -30.852343663
    0.582919130  -34.458567177
    0.591747745  -38.108104566
    0.600576359  -41.490999529
    0.609404973  -44.339323212
    0.618233588  -46.596569416
    0.627062202  -48.457774629
    0.635890816  -50.249165039
    0.644719431  -52.236686411
    0.653548045  -54.488577784
    0.662376660  -56.892939584
    0.671205274  -59.265077071
    0.680033888  -61.501966244
    0.688862503  -63.628975705
    0.697691117  -65.722484019
    0.706519731  -67.801500865
    0.715348346  -69.790742091
    0.724176960  -71.604998152
    0.733005574  -73.215767971
    0.741834189  -74.668938977
    0.750662803  -76.019624394
    0.759491418  -77.249032595
    0.768320032  -78.266934441
    0.777148646  -78.987373424
    0.785977261  -79.405087202
    0.794805875  -79.596308417
    0.803634489  -79.640140551
    0.812463104  -79.562967056
    0.821291718  -79.345536729
    0.830120332  -78.979991559
    0.838948947  -78.517897539
    0.847777561  -78.057284549
    0.856606176  -77.658523288
    0.865434790  -77.280562480
    0.874263404  -76.803098240
    0.883092019  -76.125403815
    0.891920633  -75.266197204
    0.900749247  -74.372105277
    0.909577862  -73.671237277
    0.918406476  -73.379205088
    0.927235090  -73.484224511
    0.936063705  -73.753701021
    0.944892319  -74.083980743
    0.953720934  -74.555711271
    0.962549548  -75.239188567
    0.971378162  -76.084999993
    0.980206777  -76.976597337
    0.989035391  -77.842583798
    0.997864005  -78.688595150
    1.006692620  -79.522151566
    1.015521234  -80.271894145
    1.024349848  -80.789050740
    1.033178463  -80.934926094
    1.042007077  -80.683927942
    1.050835691  -80.148838762
    1.059664306  -79.536705592
    1.068492920  -79.010709651
    1.077321535  -78.624220268
    1.086150149  -78.362081555
    1.094978763  -78.191290286
    1.103807378  -78.067789861
    1.112635992  -77.957701795
    1.121464606  -77.870127504
    1.130293221  -77.850256186
    1.139121835  -77.916588978
    1.147950449  -77.986016121
    1.156779064  -77.945824857
    1.165607678  -77.732578760
    1.174436293  -77.361522292
    1.183264907  -76.892340814
    1.192093521  -76.381003298
    1.200922136  -75.841165163
    1.209750750  -75.259456365
    1.218579364  -74.625306076
    1.227407979  -73.972895996
    1.236236593  -73.369427666
    1.245065207  -72.902528444
    1.253893822  -72.651365558
    1.262722436  -72.647941587
    1.271551051  -72.852849668
    1.280379665  -73.168784706
    1.289208279  -73.475397391
    1.298036894  -73.680777065
    1.306865508  -73.740529758
    1.315694122  -73.651138008
    1.324522737  -73.415185075
    1.333351351  -73.031654296
    1.342179965  -72.492492596
    1.351008580  -71.804303106
    1.359837194  -70.982356806
    1.368665809  -70.058781199
    1.377494423  -69.060429454
    1.386323037  -68.035348576
    1.395151652  -67.050498044
    1.403980266  -66.214903839
    1.412808880  -65.655615764
    1.421637495  -65.499792212
    1.430466109  -65.801970181
    1.439294723  -66.391866338
    1.448123338  -66.894004763
    1.456951952  -67.052307423
    1.465780566  -66.917270012
    1.474609181  -66.733092258
    1.483437795  -66.694009060
    1.492266410  -66.801714928
    1.501095024  -66.905419037
    1.509923638  -66.855636633
    1.518752253  -66.643368721
    1.527580867  -66.394907053
    1.536409481  -66.258087990
    1.545238096  -66.280248500
    1.554066710  -66.391401444
    1.562895324  -66.449081431
    1.571723939  -66.359038748
    1.580552553  -66.101315168
    1.589381168  -65.747585709
    1.598209782  -65.408128232
    1.607038396  -65.138717513
    1.615867011  -64.895005281
    1.624695625  -64.576918670
    1.633524239  -64.109485676
    1.642352854  -63.478814822
    1.651181468  -62.734742429
    1.660010082  -61.947288516
    1.668838697  -61.168516768
    1.677667311  -60.409987463
    1.686495926  -59.675243784
    1.695324540  -58.994332947
    1.704153154  -58.439121913
    1.712981769  -58.064320977
    1.721810383  -57.840836995
    1.730638997  -57.670326122
    1.739467612  -57.474172938
    1.748296226  -57.246177244
    1.757124840  -57.035118705
    1.765953455  -56.897894170
    1.774782069  -56.877120679
    1.783610684  -57.001212985
    1.792439298  -57.245771089
    1.801267912  -57.552751047
    1.810096527  -57.902073948
    1.818925141  -58.338904588
    1.827753755  -58.963755396
    1.836582370  -59.905967928
    1.845410984  -61.246503993
    1.854239598  -62.924108440
    1.863068213  -64.789457596
    1.871896827  -66.701567146
    1.880725441  -68.547537034
    1.889554056  -70.213320318
    1.898382670  -71.588417730
    1.907211285  -72.604477339
    1.916039899  -73.291632711
    1.924868513  -73.758632135
    1.933697128  -74.132899370
    1.942525742  -74.478154969
    1.951354356  -74.771738040
    1.960182971  -74.957231770
    1.969011585  -74.996036961
    1.977840199  -74.896790594
    1.986668814  -74.663433579
    1.995497428  -74.279517082
    2.004326043  -73.739738713
    2.013154657  -73.100116088
    2.021983271  -72.479264679
    2.030811886  -71.977420713
    2.039640500  -71.585835885
    2.048469114  -71.176334898
    2.057297729  -70.653084149
    2.066126343  -70.056362669
    2.074954957  -69.540785799
    2.083783572  -69.243044420
    2.092612186  -69.228289318
    2.101440801  -69.480835176
    2.110269415  -69.868790175
    2.119098029  -70.164997636
    2.127926644  -70.178104157
    2.136755258  -69.871544928
    2.145583872  -69.368903943
    2.154412487  -68.848231778
    2.163241101  -68.429590464
    2.172069715  -68.143502391
    2.180898330  -67.966473697
    2.189726944  -67.844209532
    2.198555559  -67.718491434
    2.207384173  -67.551364114
    2.216212787  -67.335191008
    2.225041402  -67.086033371
    2.233870016  -66.811652389
    2.242698630  -66.484753948
    2.251527245  -66.066565092
    2.260355859  -65.550885392
    2.269184473  -65.012264891
    2.278013088  -64.570776670
    2.286841702  -64.300354862
    2.295670316  -64.175771685
    2.304498931  -64.087585789
    2.313327545  -63.910593062
    2.322156160  -63.577526728
    2.330984774  -63.127071394
    2.339813388  -62.684042744
    2.348642003  -62.359064705
    2.357470617  -62.167129884
    2.366299231  -62.035217264
    2.375127846  -61.880138880
    2.383956460  -61.676824114
    2.392785074  -61.462160279
    2.401613689  -61.274378089
    2.410442303  -61.115734261
    2.419270918  -60.958797470
    2.428099532  -60.763074412
    2.436928146  -60.509936444
    2.445756761  -60.222025362
    2.454585375  -59.944460076
    2.463413989  -59.703096375
    2.472242604  -59.483046819
    2.481071218  -59.247332196
    2.489899832  -58.965727147
    2.498728447  -58.633638138
    2.507557061  -58.284691536
    2.516385676  -57.976384793
    2.525214290  -57.765615328
    2.534042904  -57.675015857
    2.542871519  -57.688102571
    2.551700133  -57.772431756
    2.560528747  -57.899789041
    2.569357362  -58.035336738
    2.578185976  -58.119650227
    2.587014590  -58.108133488
    2.595843205  -58.019790228
    2.604671819  -57.911791510
    2.613500434  -57.826703208
    2.622329048  -57.772776809
    2.631157662  -57.739815982
    2.639986277  -57.729198507
    2.648814891  -57.755892024
    2.657643505  -57.834310228
    2.666472120  -57.947565329
    2.675300734  -58.059559381
    2.684129348  -58.134644178
    2.692957963  -58.154063373
    2.701786577  -58.125526174
    2.710615191  -58.072234257
    2.719443806  -58.009266090
    2.728272420  -57.935005664
    2.737101035  -57.858341831
    2.745929649  -57.801709273
    2.754758263  -57.785703002
    2.763586878  -57.813784659
    2.772415492  -57.844087143
    2.781244106  -57.812438295
    2.790072721  -57.712800516
    2.798901335  -57.602068429
    2.807729949  -57.550473276
    2.816558564  -57.588013472
    2.825387178  -57.683690654
    2.834215793  -57.743609716
    2.843044407  -57.688018601
    2.851873021  -57.536245478
    2.860701636  -57.386179459
    2.869530250  -57.336408048
    2.878358864  -57.434637091
    2.887187479  -57.652120813
    2.896016093  -57.887254936
    2.904844707  -58.023909796
    2.913673322  -58.000189896
    2.922501936  -57.834134978
    2.931330551  -57.608158734
    2.940159165  -57.427236430
    2.948987779  -57.367535418
    2.957816394  -57.427340907
    2.966645008  -57.534820696
    2.975473622  -57.598425337
    2.984302237  -57.570596623
    2.993130851  -57.468140223
    3.001959465  -57.354004039
    3.010788080  -57.288817087
    3.019616694  -57.329078588
    3.028445309  -57.516349400
    3.037273923  -57.838435336
    3.046102537  -58.194011589
    3.054931152  -58.439824072
    3.063759766  -58.485938723
    3.072588380  -58.362681667
    3.081416995  -58.178897285
    3.090245609  -58.046684627
    3.099074223  -57.998121271
    3.107902838  -57.979913037
    3.116731452  -57.903854195
    3.125560066  -57.726180567
    3.134388681  -57.475379291
    3.143217295  -57.252447301
    3.152045910  -57.160319308
    3.160874524  -57.255230810
    3.169703138  -57.519357505
    3.178531753  -57.880231536
    3.187360367  -58.234057748
    3.196188981  -58.482282482
    3.205017596  -58.591637683
    3.213846210  -58.615922893
    3.222674824  -58.652839858
    3.231503439  -58.764070994
    3.240332053  -58.953384431
    3.249160668  -59.198890587
    3.257989282  -59.462624225
    3.266817896  -59.692347002
    3.275646511  -59.860875630
    3.284475125  -59.969906849
    3.293303739  -60.024594566
    3.302132354  -60.032976847
    3.310960968  -60.026714514
    3.319789582  -60.051730586
    3.328618197  -60.135018535
    3.337446811  -60.256990476
    3.346275426  -60.373647929
    3.355104040  -60.450698657
    3.363932654  -60.497553734
    3.372761269  -60.551107934
    3.381589883  -60.625863950
    3.390418497  -60.702950140
    3.399247112  -60.758091862
    3.408075726  -60.788223453
    3.416904340  -60.811684740
    3.425732955  -60.834425671
    3.434561569  -60.844977491
    3.443390184  -60.827658806
    3.452218798  -60.790772270
    3.461047412  -60.770805693
    3.469876027  -60.803497687
    3.478704641  -60.892609389
    3.487533255  -61.002143433
    3.496361870  -61.053088286
    3.505190484  -60.907650701
    3.514019098  -60.358216252
    3.522847713  -59.163763880
    3.531676327  -57.071716993
    3.540504941  -53.870346090
    3.549333556  -49.472459483
    3.558162170  -43.979300952
    3.566990785  -37.683940932
    3.575819399  -31.035478369
    3.584648013  -24.598765687
    3.593476628  -18.980662868
    3.602305242  -14.777402688
    3.611133856  -12.306515704
    3.619962471  -11.164035306
    3.628791085  -10.685579991
    3.637619699  -10.486154647
    3.646448314  -10.404263966
    3.655276928  -10.372055239
    3.664105543  -10.360401920
    3.672934157  -10.356714190
    3.681762771  -10.355768510
    3.690591386  -10.355618878
    3.699420000  -10.355618878
