#! FIELDS pp.proj projection
#! SET min_pp.proj 0.379861
#! SET max_pp.proj 3.69942
#! SET nbins_pp.proj  377
#! SET periodic_pp.proj false
    0.379861000  -10.356107796
    0.388689614  -10.357534145
    0.397518229  -10.361899641
    0.406346843  -10.374052061
    0.415175457  -10.404936451
    0.424004072  -10.478507466
    0.432832686  -10.650126580
    0.441661301  -11.060873462
    0.450489915  -12.073443655
    0.459318529  -14.335548586
    0.468147144  -18.153811775
    0.476975758  -23.020961626
    0.485804372  -28.269921630
    0.494632987  -33.387392982
    0.503461601  -38.015707300
    0.512290215  -41.977755032
    0.521118830  -45.278771670
    0.529947444  -48.063507392
    0.538776059  -50.524681381
    0.547604673  -52.802567542
    0.556433287  -54.954474883
    0.565261902  -56.990050756
    0.574090516  -58.921389633
    0.582919130  -60.761433729
    0.591747745  -62.478998571
    0.600576359  -64.002837530
    0.609404973  -65.270954942
    0.618233588  -66.314091115
    0.627062202  -67.278395528
    0.635890816  -68.334431515
    0.644719431  -69.566427335
    0.653548045  -70.906425217
    0.662376660  -72.204061764
    0.671205274  -73.321164764
    0.680033888  -74.238996422
    0.688862503  -75.056332489
    0.697691117  -75.901167452
    0.706519731  -76.838998782
    0.715348346  -77.811684348
    0.724176960  -78.719909053
    0.733005574  -79.504740984
    0.741834189  -80.188560614
    0.750662803  -80.829342713
    0.759491418  -81.432553729
    0.768320032  -81.936266332
    0.777148646  -82.274185799
    0.785977261  -82.451992287
    0.794805875  -82.553447285
    0.803634489  -82.666962505
    0.812463104  -82.810863289
    0.821291718  -82.930148539
    0.830120332  -82.961367787
    0.838948947  -82.906272552
    0.847777561  -82.850999403
    0.856606176  -82.886155430
    0.865434790  -83.024807410
    0.874263404  -83.190471631
    0.883092019  -83.277152287
    0.891920633  -83.246189008
    0.900749247  -83.142349118
    0.909577862  -83.045150737
    0.918406476  -83.001582435
    0.927235090  -83.035861645
    0.936063705  -83.268207523
    0.944892319  -84.280407562
    0.953720934  -87.053853194
    0.962549548  -91.011193789
    0.971378162  -94.903722926
    0.980206777  -98.229208620
    0.989035391 -100.904474172
    0.997864005 -103.030693381
    1.006692620 -104.771273623
    1.015521234 -106.259188069
    1.024349848 -107.552613912
    1.033178463 -108.674895763
    1.042007077 -109.633564515
    1.050835691 -110.441179546
    1.059664306 -111.094141567
    1.068492920 -111.561291277
    1.077321535 -111.840224734
    1.086150149 -111.983471952
    1.094978763 -112.076699684
    1.103807378 -112.151697759
    1.112635992 -112.152608707
    1.121464606 -111.962721563
    1.130293221 -111.500882781
    1.139121835 -110.787070435
    1.147950449 -109.895970823
    1.156779064 -108.874464154
    1.165607678 -107.676141986
    1.174436293 -106.206186221
    1.183264907 -104.403982101
    1.192093521 -102.332582008
    1.200922136 -100.190045602
    1.209750750  -98.248628328
    1.218579364  -96.750920786
    1.227407979  -95.842689597
    1.236236593  -95.507980298
    1.245065207  -95.556174073
    1.253893822  -95.756532028
    1.262722436  -95.974616838
    1.271551051  -96.166254921
    1.280379665  -96.282603288
    1.289208279  -96.214817040
    1.298036894  -95.834940856
    1.306865508  -95.074668436
    1.315694122  -93.968550630
    1.324522737  -92.621578336
    1.333351351  -91.152954397
    1.342179965  -89.647347261
    1.351008580  -88.170206723
    1.359837194  -86.788594328
    1.368665809  -85.584599533
    1.377494423  -84.604395486
    1.386323037  -83.841077083
    1.395151652  -83.245753648
    1.403980266  -82.778658557
    1.412808880  -82.405052208
    1.421637495  -82.096738059
    1.430466109  -81.823206896
    1.439294723  -81.556391954
    1.448123338  -81.249900519
    1.456951952  -80.861874451
    1.465780566  -80.414940678
    1.474609181  -79.999708861
    1.483437795  -79.700119937
    1.492266410  -79.525031223
    1.501095024  -79.417983763
    1.509923638  -79.297971030
    1.518752253  -79.105807592
    1.527580867  -78.819231099
    1.536409481  -78.452965295
    1.545238096  -78.062012516
    1.554066710  -77.729453536
    1.562895324  -77.509919552
    1.571723939  -77.379158464
    1.580552553  -77.259142782
    1.589381168  -77.115513699
    1.598209782  -76.983429138
    1.607038396  -76.914020016
    1.615867011  -76.931731762
    1.624695625  -77.034200643
    1.633524239  -77.195688925
    1.642352854  -77.366476153
    1.651181468  -77.494906258
    1.660010082  -77.552870894
    1.668838697  -77.543354038
    1.677667311  -77.495447830
    1.686495926  -77.450255895
    1.695324540  -77.440495181
    1.704153154  -77.477331941
    1.712981769  -77.527531866
    1.721810383  -77.529519563
    1.730638997  -77.422038829
    1.739467612  -77.182296807
    1.748296226  -76.853220376
    1.757124840  -76.537019835
    1.765953455  -76.331953824
    1.774782069  -76.267333724
    1.783610684  -76.306606028
    1.792439298  -76.385572127
    1.801267912  -76.464084705
    1.810096527  -76.545603409
    1.818925141  -76.660925441
    1.827753755  -76.875937926
    1.836582370  -77.293118457
    1.845410984  -77.983019336
    1.854239598  -78.877254646
    1.863068213  -79.830441720
    1.871896827  -80.767915204
    1.880725441  -81.710455387
    1.889554056  -82.681809490
    1.898382670  -83.642855252
    1.907211285  -84.519736422
    1.916039899  -85.282068511
    1.924868513  -85.951178955
    1.933697128  -86.570718524
    1.942525742  -87.146141185
    1.951354356  -87.629283875
    1.960182971  -87.964313250
    1.969011585  -88.122954317
    1.977840199  -88.131703584
    1.986668814  -88.019717162
    1.995497428  -87.792399544
    2.004326043  -87.450431258
    2.013154657  -87.026649965
    2.021983271  -86.583354435
    2.030811886  -86.147764236
    2.039640500  -85.652076473
    2.048469114  -84.948981233
    2.057297729  -83.976259777
    2.066126343  -82.879370903
    2.074954957  -81.951089118
    2.083783572  -81.361582682
    2.092612186  -81.096468573
    2.101440801  -81.088325372
    2.110269415  -81.242253210
    2.119098029  -81.410923594
    2.127926644  -81.461726679
    2.136755258  -81.347200770
    2.145583872  -81.101172110
    2.154412487  -80.801128093
    2.163241101  -80.522043674
    2.172069715  -80.307197986
    2.180898330  -80.173088812
    2.189726944  -80.112629068
    2.198555559  -80.103144884
    2.207384173  -80.111336534
    2.216212787  -80.103217166
    2.225041402  -80.062848313
    2.233870016  -79.997016263
    2.242698630  -79.920712185
    2.251527245  -79.846038745
    2.260355859  -79.771695680
    2.269184473  -79.704229273
    2.278013088  -79.664555269
    2.286841702  -79.664008360
    2.295670316  -79.674864501
    2.304498931  -79.629283916
    2.313327545  -79.474971458
    2.322156160  -79.218950354
    2.330984774  -78.927829144
    2.339813388  -78.684182065
    2.348642003  -78.518362242
    2.357470617  -78.388736594
    2.366299231  -78.228795520
    2.375127846  -78.002177299
    2.383956460  -77.724528258
    2.392785074  -77.446317412
    2.401613689  -77.204059490
    2.410442303  -77.000879673
    2.419270918  -76.822400956
    2.428099532  -76.643638026
    2.436928146  -76.445304656
    2.445756761  -76.228201782
    2.454585375  -76.018772901
    2.463413989  -75.843381048
    2.472242604  -75.698142720
    2.481071218  -75.556511920
    2.489899832  -75.390834771
    2.498728447  -75.190479287
    2.507557061  -74.979134685
    2.516385676  -74.805181518
    2.525214290  -74.716340512
    2.534042904  -74.720510118
    2.542871519  -74.785900858
    2.551700133  -74.870060162
    2.560528747  -74.934442934
    2.569357362  -74.940005481
    2.578185976  -74.844802503
    2.587014590  -74.636158563
    2.595843205  -74.361823145
    2.604671819  -74.102656654
    2.613500434  -73.937245501
    2.622329048  -73.904549759
    2.631157662  -73.980043427
    2.639986277  -74.097719080
    2.648814891  -74.186430701
    2.657643505  -74.204169666
    2.666472120  -74.128241346
    2.675300734  -73.958302182
    2.684129348  -73.717038222
    2.692957963  -73.459069004
    2.701786577  -73.258969062
    2.710615191  -73.167624284
    2.719443806  -73.180501150
    2.728272420  -73.252370532
    2.737101035  -73.350400098
    2.745929649  -73.459140247
    2.754758263  -73.560850987
    2.763586878  -73.629885178
    2.772415492  -73.630477465
    2.781244106  -73.544480197
    2.790072721  -73.424117522
    2.798901335  -73.365507331
    2.807729949  -73.441175035
    2.816558564  -73.647712192
    2.825387178  -73.920102604
    2.834215793  -74.144650357
    2.843044407  -74.220882614
    2.851873021  -74.140177319
    2.860701636  -73.981632339
    2.869530250  -73.853613816
    2.878358864  -73.824302859
    2.887187479  -73.882674679
    2.896016093  -73.956637538
    2.904844707  -73.987804368
    2.913673322  -73.976717677
    2.922501936  -73.965521457
    2.931330551  -73.983345039
    2.940159165  -74.024717649
    2.948987779  -74.064589142
    2.957816394  -74.079724384
    2.966645008  -74.058351508
    2.975473622  -74.000067869
    2.984302237  -73.919454011
    2.993130851  -73.838745089
    3.001959465  -73.775179866
    3.010788080  -73.729500723
    3.019616694  -73.714721628
    3.028445309  -73.745537360
    3.037273923  -73.806112287
    3.046102537  -73.827991212
    3.054931152  -73.726848007
    3.063759766  -73.471352291
    3.072588380  -73.133650613
    3.081416995  -72.844624639
    3.090245609  -72.721132021
    3.099074223  -72.775180435
    3.107902838  -72.909483344
    3.116731452  -72.989938386
    3.125560066  -72.946753684
    3.134388681  -72.792502396
    3.143217295  -72.603457710
    3.152045910  -72.462367577
    3.160874524  -72.419948044
    3.169703138  -72.465255004
    3.178531753  -72.543502906
    3.187360367  -72.591078188
    3.196188981  -72.562466423
    3.205017596  -72.454344988
    3.213846210  -72.309477490
    3.222674824  -72.199971312
    3.231503439  -72.171975319
    3.240332053  -72.221602550
    3.249160668  -72.318077173
    3.257989282  -72.424307867
    3.266817896  -72.517773378
    3.275646511  -72.602691897
    3.284475125  -72.678097821
    3.293303739  -72.718477295
    3.302132354  -72.701789165
    3.310960968  -72.643537861
    3.319789582  -72.591471555
    3.328618197  -72.584964901
    3.337446811  -72.607369414
    3.346275426  -72.606436412
    3.355104040  -72.542178866
    3.363932654  -72.428075088
    3.372761269  -72.315024717
    3.381589883  -72.241664879
    3.390418497  -72.209967013
    3.399247112  -72.198181739
    3.408075726  -72.187852482
    3.416904340  -72.178525768
    3.425732955  -72.163616141
    3.434561569  -72.125512513
    3.443390184  -72.040076214
    3.452218798  -71.897146222
    3.461047412  -71.710988418
    3.469876027  -71.505156302
    3.478704641  -71.284661361
    3.487533255  -71.023871961
    3.496361870  -70.662368110
    3.505190484  -70.099426150
    3.514019098  -69.187482510
    3.522847713  -67.766659245
    3.531676327  -65.663173700
    3.540504941  -62.690643727
    3.549333556  -58.685155749
    3.558162170  -53.566356024
    3.566990785  -47.391283711
    3.575819399  -40.400517219
    3.584648013  -33.054569523
    3.593476628  -25.977811113
    3.602305242  -19.832831061
    3.611133856  -15.224691016
    3.619962471  -12.493781367
    3.628791085  -11.233704958
    3.637619699  -10.712364218
    3.646448314  -10.497392373
    3.655276928  -10.408801741
    3.664105543  -10.373777973
    3.672934157  -10.361031993
    3.681762771  -10.356962176
    3.690591386  -10.355780996
    3.699420000  -10.355618878
