#! FIELDS pp.proj projection
#! SET min_pp.proj 0.379861
#! SET max_pp.proj 3.69942
#! SET nbins_pp.proj  377
#! SET periodic_pp.proj false
    0.379861000  -10.355618878
    0.388689614  -10.355618878
    0.397518229  -10.355618878
    0.406346843  -10.355659439
    0.415175457  -10.355811544
    0.424004072  -10.356305151
    0.432832686  -10.357856488
    0.441661301  -10.361993250
    0.450489915  -10.372095343
    0.459318529  -10.393967572
    0.468147144  -10.437646904
    0.476975758  -10.519750377
    0.485804372  -10.669363067
    0.494632987  -10.940830317
    0.503461601  -11.435980492
    0.512290215  -12.325556096
    0.521118830  -13.801263260
    0.529947444  -15.917303169
    0.538776059  -18.511544142
    0.547604673  -21.356704380
    0.556433287  -24.336095881
    0.565261902  -27.474922989
    0.574090516  -30.852343663
    0.582919130  -34.458567177
    0.591747745  -38.108104566
    0.600576359  -41.490999529
    0.609404973  -44.339323212
    0.618233588  -46.596569416
    0.627062202  -48.457774629
    0.635890816  -50.249165039
    0.644719431  -52.236686411
    0.653548045  -54.488577784
    0.662376660  -56.892939584
    0.671205274  -59.265077071
    0.680033888  -61.501966244
    0.688862503  -63.628975705
    0.697691117  -65.722484019
    0.706519731  -67.801500865
    0.715348346  -69.790742091
    0.724176960  -71.604998152
    0.733005574  -73.215767971
    0.741834189  -74.668938977
    0.750662803  -76.019624394
    0.759491418  -77.249032595
    0.768320032  -78.266934441
    0.777148646  -78.987373424
    0.785977261  -79.405087202
    0.794805875  -79.596308417
    0.803634489  -79.640140551
    0.812463104  -79.562967056
    0.821291718  -79.345536729
    0.830120332  -78.979991559
    0.838948947  -78.517897539
    0.847777561  -78.057284549
    0.856606176  -77.658523288
    0.865434790  -77.280562480
    0.874263404  -76.803098240
    0.883092019  -76.125403815
    0.891920633  -75.266197204
    0.900749247  -74.372105277
    0.909577862  -73.671237277
    0.918406476  -73.379205088
    0.927235090  -73.484224511
    0.936063705  -73.753701021
    0.944892319  -74.083980743
    0.953720934  -74.555711271
    0.962549548  -75.239188567
    0.971378162  -76.084999993
    0.980206777  -76.976597337
    0.989035391  -77.842583798
    0.997864005  -78.688595150
    1.006692620  -79.522151566
    1.015521234  -80.271894145
    1.024349848  -80.789050740
    1.033178463  -80.934926094
    1.042007077  -80.683927942
    1.050835691  -80.148838762
    1.059664306  -79.536705592
    1.068492920  -79.010709651
    1.077321535  -78.624220268
    1.086150149  -78.362081555
    1.094978763  -78.191290286
    1.103807378  -78.067789861
    1.112635992  -77.957701795
    1.121464606  -77.870127504
    1.130293221  -77.850256186
    1.139121835  -77.916588978
    1.147950449  -77.986016121
    1.156779064  -77.945824857
    1.165607678  -77.732578760
    1.174436293  -77.361522292
    1.183264907  -76.892340814
    1.192093521  -76.381003298
    1.200922136  -75.841165163
    1.209750750  -75.259456365
    1.218579364  -74.625306076
    1.227407979  -73.972895996
    1.236236593  -73.369427666
    1.245065207  -72.902528444
    1.253893822  -72.651365558
    1.262722436  -72.647941587
    1.271551051  -72.852849668
    1.280379665  -73.168784706
    1.289208279  -73.475397391
    1.298036894  -73.680777065
    1.306865508  -73.740529758
    1.315694122  -73.651138008
    1.324522737  -73.415185075
    1.333351351  -73.031654296
    1.342179965  -72.492492596
    1.351008580  -71.804303106
    1.359837194  -70.982356806
    1.368665809  -70.058781199
    1.377494423  -69.060429454
    1.386323037  -68.035348576
    1.395151652  -67.050498044
    1.403980266  -66.214903839
    1.412808880  -65.655615764
    1.421637495  -65.499792212
    1.430466109  -65.801970181
    1.439294723  -66.391866338
    1.448123338  -66.894004763
    1.456951952  -67.052307423
    1.465780566  -66.917270012
    1.474609181  -66.733092258
    1.483437795  -66.694009060
    1.492266410  -66.801714928
    1.501095024  -66.905419037
    1.509923638  -66.855636633
    1.518752253  -66.643368721
    1.527580867  -66.394907053
    1.536409481  -66.258087990
    1.545238096  -66.280248500
    1.554066710  -66.391401444
    1.562895324  -66.449081431
    1.571723939  -66.359038748
    1.580552553  -66.101315168
    1.589381168  -65.747585709
    1.598209782  -65.408128232
    1.607038396  -65.138717513
    1.615867011  -64.895005281
    1.624695625  -64.576918670
    1.633524239  -64.109485676
    1.642352854  -63.478814822
    1.651181468  -62.734742429
    1.660010082  -61.947288516
    1.668838697  -61.168516768
    1.677667311  -60.409987463
    1.686495926  -59.675243784
    1.695324540  -58.994332947
    1.704153154  -58.439121913
    1.712981769  -58.064320977
    1.721810383  -57.840814252
    1.730638997  -57.670205393
    1.739467612  -57.473664128
    1.748296226  -57.244341202
    1.757124840  -57.029176154
    1.765953455  -56.880618620
    1.774782069  -56.830465290
    1.783610684  -56.885577066
    1.792439298  -56.989582547
    1.801267912  -57.052240454
    1.810096527  -57.033355375
    1.818925141  -56.964483260
    1.827753755  -56.912082091
    1.836582370  -56.957802264
    1.845410984  -57.183331946
    1.854239598  -57.609678494
    1.863068213  -58.178277504
    1.871896827  -58.802825264
    1.880725441  -59.410344614
    1.889554056  -59.945338406
    1.898382670  -60.383537847
    1.907211285  -60.733319476
    1.916039899  -61.022604866
    1.924868513  -61.287765663
    1.933697128  -61.592489394
    1.942525742  -62.006323058
    1.951354356  -62.548438383
    1.960182971  -63.177828763
    1.969011585  -63.829958276
    1.977840199  -64.462842131
    1.986668814  -65.026291999
    1.995497428  -65.463314208
    2.004326043  -65.752463752
    2.013154657  -65.949708909
    2.021983271  -66.176236230
    2.030811886  -66.533939849
    2.039640500  -67.007327967
    2.048469114  -67.441814408
    2.057297729  -67.688808752
    2.066126343  -67.728309774
    2.074954957  -67.671448991
    2.083783572  -67.654236881
    2.092612186  -67.776686502
    2.101440801  -68.063112898
    2.110269415  -68.420963175
    2.119098029  -68.668798778
    2.127926644  -68.655132405
    2.136755258  -68.358672197
    2.145583872  -67.889680887
    2.154412487  -67.403389762
    2.163241101  -67.000785298
    2.172069715  -66.697760462
    2.180898330  -66.458600620
    2.189726944  -66.227844981
    2.198555559  -65.957588676
    2.207384173  -65.629643079
    2.216212787  -65.256017191
    2.225041402  -64.867286667
    2.233870016  -64.477752793
    2.242698630  -64.058328632
    2.251527245  -63.560056744
    2.260355859  -62.959917002
    2.269184473  -62.318575121
    2.278013088  -61.749376853
    2.286841702  -61.317755095
    2.295670316  -60.986134390
    2.304498931  -60.654700424
    2.313327545  -60.244958999
    2.322156160  -59.752615525
    2.330984774  -59.258145300
    2.339813388  -58.887104978
    2.348642003  -58.712142847
    2.357470617  -58.687702570
    2.366299231  -58.685795823
    2.375127846  -58.594378345
    2.383956460  -58.392873825
    2.392785074  -58.141915562
    2.401613689  -57.905323458
    2.410442303  -57.704082172
    2.419270918  -57.530579461
    2.428099532  -57.368752358
    2.436928146  -57.216213906
    2.445756761  -57.073778088
    2.454585375  -56.928985646
    2.463413989  -56.759823603
    2.472242604  -56.552574093
    2.481071218  -56.308291107
    2.489899832  -56.031799544
    2.498728447  -55.728785227
    2.507557061  -55.427544270
    2.516385676  -55.177356336
    2.525214290  -55.020677407
    2.534042904  -54.960320260
    2.542871519  -54.967015663
    2.551700133  -55.008838797
    2.560528747  -55.060867207
    2.569357362  -55.089614419
    2.578185976  -55.047734726
    2.587014590  -54.906247619
    2.595843205  -54.678718715
    2.604671819  -54.396198745
    2.613500434  -54.082993368
    2.622329048  -53.753578093
    2.631157662  -53.424173352
    2.639986277  -53.124196670
    2.648814891  -52.881620907
    2.657643505  -52.703783342
    2.666472120  -52.558363055
    2.675300734  -52.406708877
    2.684129348  -52.243706174
    2.692957963  -52.107557119
    2.701786577  -52.044989888
    2.710615191  -52.062272207
    2.719443806  -52.107639995
    2.728272420  -52.106408042
    2.737101035  -52.032932131
    2.745929649  -51.924275461
    2.754758263  -51.833737598
    2.763586878  -51.783751946
    2.772415492  -51.742059849
    2.781244106  -51.657039242
    2.790072721  -51.541820784
    2.798901335  -51.467295239
    2.807729949  -51.498830778
    2.816558564  -51.630846835
    2.825387178  -51.788484807
    2.834215793  -51.861898076
    2.843044407  -51.785492446
    2.851873021  -51.601825381
    2.860701636  -51.434134357
    2.869530250  -51.399782463
    2.878358864  -51.542112519
    2.887187479  -51.813735334
    2.896016093  -52.104533512
    2.904844707  -52.310723397
    2.913673322  -52.378552397
    2.922501936  -52.317879422
    2.931330551  -52.201925153
    2.940159165  -52.152005296
    2.948987779  -52.269234078
    2.957816394  -52.546342023
    2.966645008  -52.884217522
    2.975473622  -53.171153515
    2.984302237  -53.348375363
    2.993130851  -53.406320568
    3.001959465  -53.369406301
    3.010788080  -53.281417365
    3.019616694  -53.219197233
    3.028445309  -53.260469732
    3.037273923  -53.426330293
    3.046102537  -53.639430573
    3.054931152  -53.767728335
    3.063759766  -53.719162559
    3.072588380  -53.519164117
    3.081416995  -53.276946011
    3.090245609  -53.104667620
    3.099074223  -53.027849651
    3.107902838  -52.978675931
    3.116731452  -52.858410491
    3.125560066  -52.630701283
    3.134388681  -52.351400999
    3.143217295  -52.149186672
    3.152045910  -52.128561660
    3.160874524  -52.309392224
    3.169703138  -52.626675536
    3.178531753  -52.988437405
    3.187360367  -53.305513836
    3.196188981  -53.510664817
    3.205017596  -53.597626630
    3.213846210  -53.638572466
    3.222674824  -53.737120393
    3.231503439  -53.937454590
    3.240332053  -54.196090455
    3.249160668  -54.440883077
    3.257989282  -54.618343167
    3.266817896  -54.706650473
    3.275646511  -54.720725831
    3.284475125  -54.694533640
    3.293303739  -54.651312923
    3.302132354  -54.595323011
    3.310960968  -54.525345724
    3.319789582  -54.434548944
    3.328618197  -54.309672788
    3.337446811  -54.131139128
    3.346275426  -53.902390954
    3.355104040  -53.661173469
    3.363932654  -53.477799681
    3.372761269  -53.410540018
    3.381589883  -53.457622734
    3.390418497  -53.568355102
    3.399247112  -53.688780847
    3.408075726  -53.791309240
    3.416904340  -53.869296308
    3.425732955  -53.902857505
    3.434561569  -53.857690794
    3.443390184  -53.710686931
    3.452218798  -53.486999062
    3.461047412  -53.266796525
    3.469876027  -53.140745430
    3.478704641  -53.153794273
    3.487533255  -53.274817539
    3.496361870  -53.385644812
    3.505190484  -53.277017392
    3.514019098  -52.658449638
    3.522847713  -51.226819692
    3.531676327  -48.747950664
    3.540504941  -45.132810852
    3.549333556  -40.469306758
    3.558162170  -35.019557429
    3.566990785  -29.198574015
    3.575819399  -23.520579153
    3.584648013  -18.533019673
    3.593476628  -14.747604054
    3.602305242  -12.428986553
    3.611133856  -11.278193709
    3.619962471  -10.759618038
    3.628791085  -10.528274193
    3.637619699  -10.425563124
    3.646448314  -10.382043228
    3.655276928  -10.364489227
    3.664105543  -10.358149183
    3.672934157  -10.356258746
    3.681762771  -10.355684996
    3.690591386  -10.355618878
    3.699420000  -10.355618878
