#! FIELDS pp.proj projection
#! SET min_pp.proj 0.379861
#! SET max_pp.proj 3.69942
#! SET nbins_pp.proj  377
#! SET periodic_pp.proj false
    0.379861000  -10.355618878
    0.388689614  -10.355618878
    0.397518229  -10.355618878
    0.406346843  -10.355659439
    0.415175457  -10.355811544
    0.424004072  -10.356305151
    0.432832686  -10.357856488
    0.441661301  -10.361993250
    0.450489915  -10.372095343
    0.459318529  -10.393967572
    0.468147144  -10.437646904
    0.476975758  -10.519750377
    0.485804372  -10.669363067
    0.494632987  -10.940830317
    0.503461601  -11.435980492
    0.512290215  -12.325556096
    0.521118830  -13.801263260
    0.529947444  -15.917303169
    0.538776059  -18.511544142
    0.547604673  -21.356704380
    0.556433287  -24.336095881
    0.565261902  -27.474922989
    0.574090516  -30.852343663
    0.582919130  -34.458567177
    0.591747745  -38.108104566
    0.600576359  -41.490999529
    0.609404973  -44.339323212
    0.618233588  -46.596569416
    0.627062202  -48.457774629
    0.635890816  -50.249165039
    0.644719431  -52.236686411
    0.653548045  -54.488577784
    0.662376660  -56.892939584
    0.671205274  -59.265077071
    0.680033888  -61.501966244
    0.688862503  -63.628975705
    0.697691117  -65.722484019
    0.706519731  -67.801500865
    0.715348346  -69.790742091
    0.724176960  -71.604998152
    0.733005574  -73.215767971
    0.741834189  -74.668938977
    0.750662803  -76.019624394
    0.759491418  -77.249032595
    0.768320032  -78.266934441
    0.777148646  -78.987373424
    0.785977261  -79.405087202
    0.794805875  -79.596308417
    0.803634489  -79.640140551
    0.812463104  -79.562967056
    0.821291718  -79.345536729
    0.830120332  -78.979991559
    0.838948947  -78.517897539
    0.847777561  -78.057284549
    0.856606176  -77.658523288
    0.865434790  -77.280562480
    0.874263404  -76.803098240
    0.883092019  -76.125403815
    0.891920633  -75.266197204
    0.900749247  -74.372105277
    0.909577862  -73.671237277
    0.918406476  -73.379205088
    0.927235090  -73.484224511
    0.936063705  -73.753701021
    0.944892319  -74.083980743
    0.953720934  -74.555711271
    0.962549548  -75.239188567
    0.971378162  -76.084999993
    0.980206777  -76.976597337
    0.989035391  -77.842583798
    0.997864005  -78.688595150
    1.006692620  -79.522151566
    1.015521234  -80.271894145
    1.024349848  -80.789050740
    1.033178463  -80.934926094
    1.042007077  -80.683927942
    1.050835691  -80.148838762
    1.059664306  -79.536705592
    1.068492920  -79.010709651
    1.077321535  -78.624220268
    1.086150149  -78.362081555
    1.094978763  -78.191290286
    1.103807378  -78.067789861
    1.112635992  -77.957701795
    1.121464606  -77.870127504
    1.130293221  -77.850256186
    1.139121835  -77.916588978
    1.147950449  -77.986016121
    1.156779064  -77.945824857
    1.165607678  -77.732578760
    1.174436293  -77.361522292
    1.183264907  -76.892340814
    1.192093521  -76.381003298
    1.200922136  -75.841165163
    1.209750750  -75.259456365
    1.218579364  -74.625306076
    1.227407979  -73.972895996
    1.236236593  -73.369427666
    1.245065207  -72.902528444
    1.253893822  -72.651365558
    1.262722436  -72.647941587
    1.271551051  -72.852849668
    1.280379665  -73.168784706
    1.289208279  -73.475397391
    1.298036894  -73.680777065
    1.306865508  -73.740529758
    1.315694122  -73.651138008
    1.324522737  -73.415185075
    1.333351351  -73.031654296
    1.342179965  -72.492492596
    1.351008580  -71.804303106
    1.359837194  -70.982356806
    1.368665809  -70.058781199
    1.377494423  -69.060429454
    1.386323037  -68.035348576
    1.395151652  -67.050498044
    1.403980266  -66.214903839
    1.412808880  -65.655615764
    1.421637495  -65.499792212
    1.430466109  -65.801970181
    1.439294723  -66.391866338
    1.448123338  -66.894004763
    1.456951952  -67.052307423
    1.465780566  -66.917270012
    1.474609181  -66.733092258
    1.483437795  -66.694009060
    1.492266410  -66.801714928
    1.501095024  -66.905419037
    1.509923638  -66.855636633
    1.518752253  -66.643368721
    1.527580867  -66.394907053
    1.536409481  -66.258087990
    1.545238096  -66.280248500
    1.554066710  -66.391401444
    1.562895324  -66.449081431
    1.571723939  -66.359038748
    1.580552553  -66.101315168
    1.589381168  -65.747585709
    1.598209782  -65.408128232
    1.607038396  -65.138717513
    1.615867011  -64.895005281
    1.624695625  -64.576918670
    1.633524239  -64.109485676
    1.642352854  -63.478814822
    1.651181468  -62.734742429
    1.660010082  -61.947288516
    1.668838697  -61.168516768
    1.677667311  -60.409987463
    1.686495926  -59.675208330
    1.695324540  -58.994168092
    1.704153154  -58.438441773
    1.712981769  -58.061992602
    1.721810383  -57.833930601
    1.730638997  -57.652445846
    1.739467612  -57.432822331
    1.748296226  -57.159115950
    1.757124840  -56.867862334
    1.765953455  -56.604512564
    1.774782069  -56.400525307
    1.783610684  -56.259060803
    1.792439298  -56.109966631
    1.801267912  -55.855349706
    1.810096527  -55.476676676
    1.818925141  -55.047303790
    1.827753755  -54.654288121
    1.836582370  -54.362199974
    1.845410984  -54.223895919
    1.854239598  -54.227560940
    1.863068213  -54.295595284
    1.871896827  -54.351571072
    1.880725441  -54.364547272
    1.889554056  -54.332330562
    1.898382670  -54.271442207
    1.907211285  -54.220719769
    1.916039899  -54.225577724
    1.924868513  -54.293692166
    1.933697128  -54.410792512
    1.942525742  -54.558567822
    1.951354356  -54.718888674
    1.960182971  -54.893171236
    1.969011585  -55.101345253
    1.977840199  -55.361200374
    1.986668814  -55.638594181
    1.995497428  -55.878749500
    2.004326043  -56.076167133
    2.013154657  -56.302114256
    2.021983271  -56.664957436
    2.030811886  -57.219794623
    2.039640500  -57.891339421
    2.048469114  -58.477725357
    2.057297729  -58.802747663
    2.066126343  -58.845475689
    2.074954957  -58.759386332
    2.083783572  -58.738902816
    2.092612186  -58.890400558
    2.101440801  -59.188716027
    2.110269415  -59.491987373
    2.119098029  -59.609826962
    2.127926644  -59.424130369
    2.136755258  -58.970253092
    2.145583872  -58.397615006
    2.154412487  -57.856434744
    2.163241101  -57.429252275
    2.172069715  -57.145677691
    2.180898330  -57.007918245
    2.189726944  -56.985987412
    2.198555559  -57.026172921
    2.207384173  -57.075853547
    2.216212787  -57.106105800
    2.225041402  -57.118911205
    2.233870016  -57.126100367
    2.242698630  -57.121860251
    2.251527245  -57.070001391
    2.260355859  -56.927788336
    2.269184473  -56.712756452
    2.278013088  -56.507087751
    2.286841702  -56.377529252
    2.295670316  -56.305774528
    2.304498931  -56.204910484
    2.313327545  -56.006590963
    2.322156160  -55.720480139
    2.330984774  -55.436319175
    2.339813388  -55.266330450
    2.348642003  -55.247505141
    2.357470617  -55.296745733
    2.366299231  -55.273810757
    2.375127846  -55.081324249
    2.383956460  -54.720006746
    2.392785074  -54.273407344
    2.401613689  -53.850070992
    2.410442303  -53.533735644
    2.419270918  -53.347440625
    2.428099532  -53.239150420
    2.436928146  -53.136310146
    2.445756761  -53.001655399
    2.454585375  -52.834421187
    2.463413989  -52.642665425
    2.472242604  -52.440267292
    2.481071218  -52.254926412
    2.489899832  -52.115079873
    2.498728447  -52.038482973
    2.507557061  -52.044818488
    2.516385676  -52.150109445
    2.525214290  -52.341895835
    2.534042904  -52.559611939
    2.542871519  -52.726184932
    2.551700133  -52.796726452
    2.560528747  -52.773421553
    2.569357362  -52.680900342
    2.578185976  -52.535108062
    2.587014590  -52.355101417
    2.595843205  -52.178976405
    2.604671819  -52.038061861
    2.613500434  -51.934173396
    2.622329048  -51.846575957
    2.631157662  -51.757256239
    2.639986277  -51.674276618
    2.648814891  -51.618135544
    2.657643505  -51.595125172
    2.666472120  -51.569842872
    2.675300734  -51.502252397
    2.684129348  -51.395621866
    2.692957963  -51.305968878
    2.701786577  -51.298157644
    2.710615191  -51.386230230
    2.719443806  -51.512351034
    2.728272420  -51.588406045
    2.737101035  -51.579240868
    2.745929649  -51.521202200
    2.754758263  -51.473412505
    2.763586878  -51.461909180
    2.772415492  -51.451787638
    2.781244106  -51.386496979
    2.790072721  -51.277768712
    2.798901335  -51.199991895
    2.807729949  -51.223109547
    2.816558564  -51.342834629
    2.825387178  -51.481508480
    2.834215793  -51.527027464
    2.843044407  -51.412806588
    2.851873021  -51.182576618
    2.860701636  -50.964802620
    2.869530250  -50.890475947
    2.878358864  -51.019284337
    2.887187479  -51.313982133
    2.896016093  -51.661575768
    2.904844707  -51.943497513
    2.913673322  -52.084700758
    2.922501936  -52.074720204
    2.931330551  -51.970919024
    2.940159165  -51.886270345
    2.948987779  -51.925250580
    2.957816394  -52.093756341
    2.966645008  -52.302508571
    2.975473622  -52.438314987
    2.984302237  -52.439253566
    2.993130851  -52.307410750
    3.001959465  -52.094127897
    3.010788080  -51.865587793
    3.019616694  -51.705942775
    3.028445309  -51.695596425
    3.037273923  -51.861881489
    3.046102537  -52.126277585
    3.054931152  -52.339652535
    3.063759766  -52.387352753
    3.072588380  -52.278852048
    3.081416995  -52.115906211
    3.090245609  -52.013871360
    3.099074223  -52.011310394
    3.107902838  -52.052355162
    3.116731452  -52.036221838
    3.125560066  -51.908335065
    3.134388681  -51.697092539
    3.143217295  -51.505711859
    3.152045910  -51.428431652
    3.160874524  -51.495257830
    3.169703138  -51.659227888
    3.178531753  -51.840189466
    3.187360367  -51.958814547
    3.196188981  -51.970003980
    3.205017596  -51.906023281
    3.213846210  -51.877188290
    3.222674824  -51.995172182
    3.231503439  -52.272916885
    3.240332053  -52.626356641
    3.249160668  -52.966345027
    3.257989282  -53.243341375
    3.266817896  -53.439367198
    3.275646511  -53.562269380
    3.284475125  -53.634504882
    3.293303739  -53.673242549
    3.302132354  -53.683748185
    3.310960968  -53.668215111
    3.319789582  -53.621056609
    3.328618197  -53.527326067
    3.337446811  -53.365359950
    3.346275426  -53.137642660
    3.355104040  -52.882295195
    3.363932654  -52.672160633
    3.372761269  -52.573263935
    3.381589883  -52.592215290
    3.390418497  -52.681977820
    3.399247112  -52.791224038
    3.408075726  -52.899040942
    3.416904340  -53.005721190
    3.425732955  -53.092273342
    3.434561569  -53.116489325
    3.443390184  -53.042378149
    3.452218798  -52.882339386
    3.461047412  -52.707399614
    3.469876027  -52.608163440
    3.478704641  -52.640421264
    3.487533255  -52.789619126
    3.496361870  -52.950170617
    3.505190484  -52.913596385
    3.514019098  -52.380222275
    3.522847713  -51.033658475
    3.531676327  -48.628247831
    3.540504941  -45.067501364
    3.549333556  -40.437841286
    3.558162170  -35.006090055
    3.566990785  -29.193318577
    3.575819399  -23.518684672
    3.584648013  -18.532392957
    3.593476628  -14.747498135
    3.602305242  -12.428986553
    3.611133856  -11.278193709
    3.619962471  -10.759618038
    3.628791085  -10.528274193
    3.637619699  -10.425563124
    3.646448314  -10.382043228
    3.655276928  -10.364489227
    3.664105543  -10.358149183
    3.672934157  -10.356258746
    3.681762771  -10.355684996
    3.690591386  -10.355618878
    3.699420000  -10.355618878
