#! FIELDS pp.proj projection
#! SET min_pp.proj 0.379861
#! SET max_pp.proj 3.69942
#! SET nbins_pp.proj  377
#! SET periodic_pp.proj false
    0.379861000  -10.356107796
    0.388689614  -10.357534145
    0.397518229  -10.361899641
    0.406346843  -10.374052061
    0.415175457  -10.404936451
    0.424004072  -10.478507466
    0.432832686  -10.650126580
    0.441661301  -11.060873462
    0.450489915  -12.073443655
    0.459318529  -14.335548586
    0.468147144  -18.153811775
    0.476975758  -23.020961626
    0.485804372  -28.269921630
    0.494632987  -33.387392982
    0.503461601  -38.015707300
    0.512290215  -41.977755032
    0.521118830  -45.278771670
    0.529947444  -48.063507392
    0.538776059  -50.524681381
    0.547604673  -52.802567542
    0.556433287  -54.954474883
    0.565261902  -56.990050756
    0.574090516  -58.921389633
    0.582919130  -60.761433729
    0.591747745  -62.478998571
    0.600576359  -64.002837530
    0.609404973  -65.270954942
    0.618233588  -66.314091115
    0.627062202  -67.278395528
    0.635890816  -68.334431515
    0.644719431  -69.566427335
    0.653548045  -70.906425217
    0.662376660  -72.204061764
    0.671205274  -73.321164764
    0.680033888  -74.238996422
    0.688862503  -75.056332489
    0.697691117  -75.901167452
    0.706519731  -76.838998782
    0.715348346  -77.811684348
    0.724176960  -78.719909053
    0.733005574  -79.504740984
    0.741834189  -80.188560614
    0.750662803  -80.829342713
    0.759491418  -81.432553729
    0.768320032  -81.936266332
    0.777148646  -82.274185799
    0.785977261  -82.451992287
    0.794805875  -82.553447285
    0.803634489  -82.666962505
    0.812463104  -82.810863289
    0.821291718  -82.930148539
    0.830120332  -82.961367787
    0.838948947  -82.906272552
    0.847777561  -82.850999403
    0.856606176  -82.886155430
    0.865434790  -83.024807410
    0.874263404  -83.190471631
    0.883092019  -83.277152287
    0.891920633  -83.246189008
    0.900749247  -83.142349118
    0.909577862  -83.045150737
    0.918406476  -83.001582435
    0.927235090  -83.035861645
    0.936063705  -83.268207523
    0.944892319  -84.280407562
    0.953720934  -87.053853194
    0.962549548  -91.011193789
    0.971378162  -94.903722926
    0.980206777  -98.229208620
    0.989035391 -100.904474172
    0.997864005 -103.030693381
    1.006692620 -104.771273623
    1.015521234 -106.259188069
    1.024349848 -107.552613912
    1.033178463 -108.674895763
    1.042007077 -109.633564515
    1.050835691 -110.441179546
    1.059664306 -111.094141567
    1.068492920 -111.561291277
    1.077321535 -111.840224734
    1.086150149 -111.983471952
    1.094978763 -112.076699684
    1.103807378 -112.151697759
    1.112635992 -112.152608707
    1.121464606 -111.962721563
    1.130293221 -111.500882781
    1.139121835 -110.787070435
    1.147950449 -109.895970823
    1.156779064 -108.874464154
    1.165607678 -107.676141986
    1.174436293 -106.206186221
    1.183264907 -104.403982101
    1.192093521 -102.332582008
    1.200922136 -100.190045602
    1.209750750  -98.248628328
    1.218579364  -96.750920786
    1.227407979  -95.842689597
    1.236236593  -95.507980298
    1.245065207  -95.556174073
    1.253893822  -95.756532028
    1.262722436  -95.974616838
    1.271551051  -96.166254921
    1.280379665  -96.282603288
    1.289208279  -96.214817040
    1.298036894  -95.834940856
    1.306865508  -95.074668436
    1.315694122  -93.968550630
    1.324522737  -92.621578336
    1.333351351  -91.152954397
    1.342179965  -89.647347261
    1.351008580  -88.170206723
    1.359837194  -86.788594328
    1.368665809  -85.584599533
    1.377494423  -84.604395486
    1.386323037  -83.841077083
    1.395151652  -83.245753648
    1.403980266  -82.778658557
    1.412808880  -82.405052208
    1.421637495  -82.096738059
    1.430466109  -81.823206896
    1.439294723  -81.556391954
    1.448123338  -81.249900519
    1.456951952  -80.861874451
    1.465780566  -80.414940678
    1.474609181  -79.999708861
    1.483437795  -79.700119937
    1.492266410  -79.525031223
    1.501095024  -79.417983763
    1.509923638  -79.297971030
    1.518752253  -79.105807592
    1.527580867  -78.819231099
    1.536409481  -78.452965295
    1.545238096  -78.062012516
    1.554066710  -77.729453536
    1.562895324  -77.509919552
    1.571723939  -77.379158464
    1.580552553  -77.259142782
    1.589381168  -77.115513699
    1.598209782  -76.983429138
    1.607038396  -76.914020016
    1.615867011  -76.931731762
    1.624695625  -77.034200643
    1.633524239  -77.195688925
    1.642352854  -77.366476153
    1.651181468  -77.494906258
    1.660010082  -77.552870894
    1.668838697  -77.543354038
    1.677667311  -77.495447830
    1.686495926  -77.450255895
    1.695324540  -77.440495181
    1.704153154  -77.477331941
    1.712981769  -77.527531866
    1.721810383  -77.529519563
    1.730638997  -77.422038829
    1.739467612  -77.182296807
    1.748296226  -76.853220376
    1.757124840  -76.537019835
    1.765953455  -76.331953824
    1.774782069  -76.267333724
    1.783610684  -76.306606028
    1.792439298  -76.385584288
    1.801267912  -76.464128104
    1.810096527  -76.545737749
    1.818925141  -76.661314316
    1.827753755  -76.877051855
    1.836582370  -77.296272841
    1.845410984  -77.991093263
    1.854239598  -78.894861931
    1.863068213  -79.863048915
    1.871896827  -80.820951160
    1.880725441  -81.788970607
    1.889554056  -82.790339061
    1.898382670  -83.785167274
    1.907211285  -84.698532703
    1.916039899  -85.498812236
    1.924868513  -86.205110421
    1.933697128  -86.856814001
    1.942525742  -87.452879528
    1.951354356  -87.939116912
    1.960182971  -88.260600823
    1.969011585  -88.398680439
    1.977840199  -88.393534925
    1.986668814  -88.284626222
    1.995497428  -88.082726328
    2.004326043  -87.791594594
    2.013154657  -87.446902894
    2.021983271  -87.114848876
    2.030811886  -86.828497011
    2.039640500  -86.527883107
    2.048469114  -86.072592512
    2.057297729  -85.390901493
    2.066126343  -84.580302538
    2.074954957  -83.868594826
    2.083783572  -83.434878774
    2.092612186  -83.335678596
    2.101440801  -83.534878135
    2.110269415  -83.909942062
    2.119098029  -84.274636387
    2.127926644  -84.483240409
    2.136755258  -84.504673425
    2.145583872  -84.403162241
    2.154412487  -84.267927015
    2.163241101  -84.142889604
    2.172069715  -84.013074023
    2.180898330  -83.857612345
    2.189726944  -83.689831218
    2.198555559  -83.540311375
    2.207384173  -83.420093790
    2.216212787  -83.303188116
    2.225041402  -83.160445801
    2.233870016  -82.985751689
    2.242698630  -82.789497719
    2.251527245  -82.585539573
    2.260355859  -82.373808804
    2.269184473  -82.163324428
    2.278013088  -81.983634595
    2.286841702  -81.863927880
    2.295670316  -81.797747051
    2.304498931  -81.728871736
    2.313327545  -81.600819345
    2.322156160  -81.401681558
    2.330984774  -81.171151120
    2.339813388  -80.967422156
    2.348642003  -80.809249588
    2.357470617  -80.658584571
    2.366299231  -80.460688197
    2.375127846  -80.191976788
    2.383956460  -79.878023663
    2.392785074  -79.577209423
    2.401613689  -79.331910449
    2.410442303  -79.148445904
    2.419270918  -79.012292106
    2.428099532  -78.896743262
    2.436928146  -78.778356821
    2.445756761  -78.649669058
    2.454585375  -78.526412520
    2.463413989  -78.428896494
    2.472242604  -78.352212632
    2.481071218  -78.269475668
    2.489899832  -78.152582811
    2.498728447  -77.994297724
    2.507557061  -77.825058164
    2.516385676  -77.700168184
    2.525214290  -77.673532967
    2.534042904  -77.758112807
    2.542871519  -77.921268976
    2.551700133  -78.108819050
    2.560528747  -78.264391136
    2.569357362  -78.337413554
    2.578185976  -78.283629236
    2.587014590  -78.089325269
    2.595843205  -77.799380469
    2.604671819  -77.494535644
    2.613500434  -77.255819589
    2.622329048  -77.128462367
    2.631157662  -77.101969090
    2.639986277  -77.132962227
    2.648814891  -77.175833119
    2.657643505  -77.208226156
    2.666472120  -77.210807514
    2.675300734  -77.164854326
    2.684129348  -77.060519002
    2.692957963  -76.926095838
    2.701786577  -76.823178236
    2.710615191  -76.788713294
    2.719443806  -76.805173605
    2.728272420  -76.831327793
    2.737101035  -76.857021613
    2.745929649  -76.895332051
    2.754758263  -76.943309973
    2.763586878  -76.970177692
    2.772415492  -76.929067600
    2.781244106  -76.799032881
    2.790072721  -76.637978155
    2.798901335  -76.545071239
    2.807729949  -76.584653414
    2.816558564  -76.734814252
    2.825387178  -76.909464443
    2.834215793  -76.992169044
    2.843044407  -76.906877142
    2.851873021  -76.677769826
    2.860701636  -76.402343970
    2.869530250  -76.194915471
    2.878358864  -76.126221196
    2.887187479  -76.180480514
    2.896016093  -76.272329353
    2.904844707  -76.328551976
    2.913673322  -76.345043872
    2.922501936  -76.370538391
    2.931330551  -76.447723172
    2.940159165  -76.579609547
    2.948987779  -76.738058734
    2.957816394  -76.887970315
    2.966645008  -77.000161780
    2.975473622  -77.053505845
    2.984302237  -77.043532120
    2.993130851  -76.986118468
    3.001959465  -76.905463615
    3.010788080  -76.811475511
    3.019616694  -76.725877011
    3.028445309  -76.684269816
    3.037273923  -76.699361291
    3.046102537  -76.724193652
    3.054931152  -76.681738568
    3.063759766  -76.539966097
    3.072588380  -76.363381974
    3.081416995  -76.265959240
    3.090245609  -76.334405000
    3.099074223  -76.545788927
    3.107902838  -76.781125561
    3.116731452  -76.912359864
    3.125560066  -76.895839319
    3.134388681  -76.773231819
    3.143217295  -76.638429541
    3.152045910  -76.571044329
    3.160874524  -76.597528378
    3.169703138  -76.685594972
    3.178531753  -76.782053820
    3.187360367  -76.842177848
    3.196188981  -76.839477693
    3.205017596  -76.780975498
    3.213846210  -76.709740199
    3.222674824  -76.684225008
    3.231503439  -76.734036119
    3.240332053  -76.852744633
    3.249160668  -77.014613697
    3.257989282  -77.182034761
    3.266817896  -77.325103312
    3.275646511  -77.438860399
    3.284475125  -77.521654945
    3.293303739  -77.559015325
    3.302132354  -77.538754738
    3.310960968  -77.475134047
    3.319789582  -77.405245328
    3.328618197  -77.360289939
    3.337446811  -77.325900624
    3.346275426  -77.267590903
    3.355104040  -77.175646449
    3.363932654  -77.092823497
    3.372761269  -77.080282492
    3.381589883  -77.162982213
    3.390418497  -77.312701516
    3.399247112  -77.475820544
    3.408075726  -77.612675893
    3.416904340  -77.715738697
    3.425732955  -77.781593444
    3.434561569  -77.802182333
    3.443390184  -77.768777407
    3.452218798  -77.688722921
    3.461047412  -77.591392298
    3.469876027  -77.510110320
    3.478704641  -77.451922453
    3.487533255  -77.382117547
    3.496361870  -77.214725178
    3.505190484  -76.804918482
    3.514019098  -75.957538098
    3.522847713  -74.503216128
    3.531676327  -72.336489733
    3.540504941  -69.378704877
    3.549333556  -65.523882426
    3.558162170  -60.651077005
    3.566990785  -54.701735822
    3.575819399  -47.768372950
    3.584648013  -40.170670902
    3.593476628  -32.441797261
    3.602305242  -25.224706067
    3.611133856  -19.139145250
    3.619962471  -14.733369162
    3.628791085  -12.237171977
    3.637619699  -11.122930858
    3.646448314  -10.667115752
    3.655276928  -10.479244539
    3.664105543  -10.401890991
    3.672934157  -10.371450005
    3.681762771  -10.360470695
    3.690591386  -10.356708306
    3.699420000  -10.355824830
