#! FIELDS pp.proj projection
#! SET min_pp.proj 0.379861
#! SET max_pp.proj 3.69942
#! SET nbins_pp.proj  377
#! SET periodic_pp.proj false
    0.379861000  -10.356107796
    0.388689614  -10.357534145
    0.397518229  -10.361899641
    0.406346843  -10.374052061
    0.415175457  -10.404936451
    0.424004072  -10.478507466
    0.432832686  -10.650126580
    0.441661301  -11.060873462
    0.450489915  -12.073443655
    0.459318529  -14.335548586
    0.468147144  -18.153811775
    0.476975758  -23.020961626
    0.485804372  -28.269921630
    0.494632987  -33.387392982
    0.503461601  -38.015707300
    0.512290215  -41.977755032
    0.521118830  -45.278771670
    0.529947444  -48.063507392
    0.538776059  -50.524681381
    0.547604673  -52.802567542
    0.556433287  -54.954474883
    0.565261902  -56.990050756
    0.574090516  -58.921389633
    0.582919130  -60.761433729
    0.591747745  -62.478998571
    0.600576359  -64.002837530
    0.609404973  -65.270954942
    0.618233588  -66.314091115
    0.627062202  -67.278395528
    0.635890816  -68.334431515
    0.644719431  -69.566427335
    0.653548045  -70.906425217
    0.662376660  -72.204061764
    0.671205274  -73.321164764
    0.680033888  -74.238996422
    0.688862503  -75.056332489
    0.697691117  -75.901167452
    0.706519731  -76.838998782
    0.715348346  -77.811684348
    0.724176960  -78.719909053
    0.733005574  -79.504740984
    0.741834189  -80.188560614
    0.750662803  -80.829342713
    0.759491418  -81.432553729
    0.768320032  -81.936266332
    0.777148646  -82.274185799
    0.785977261  -82.451992287
    0.794805875  -82.553447285
    0.803634489  -82.666962505
    0.812463104  -82.810863289
    0.821291718  -82.930148539
    0.830120332  -82.961367787
    0.838948947  -82.906272552
    0.847777561  -82.850999403
    0.856606176  -82.886155430
    0.865434790  -83.024807410
    0.874263404  -83.190471631
    0.883092019  -83.277152287
    0.891920633  -83.246189008
    0.900749247  -83.142349118
    0.909577862  -83.045150737
    0.918406476  -83.001582435
    0.927235090  -83.035861645
    0.936063705  -83.268207523
    0.944892319  -84.280407562
    0.953720934  -87.053853194
    0.962549548  -91.011193789
    0.971378162  -94.903722926
    0.980206777  -98.229208620
    0.989035391 -100.904474172
    0.997864005 -103.030693381
    1.006692620 -104.771273623
    1.015521234 -106.259188069
    1.024349848 -107.552613912
    1.033178463 -108.674895763
    1.042007077 -109.633564515
    1.050835691 -110.441179546
    1.059664306 -111.094141567
    1.068492920 -111.561291277
    1.077321535 -111.840224734
    1.086150149 -111.983471952
    1.094978763 -112.076699684
    1.103807378 -112.151697759
    1.112635992 -112.152608707
    1.121464606 -111.962721563
    1.130293221 -111.500882781
    1.139121835 -110.787070435
    1.147950449 -109.895970823
    1.156779064 -108.874464154
    1.165607678 -107.676141986
    1.174436293 -106.206186221
    1.183264907 -104.403982101
    1.192093521 -102.332582008
    1.200922136 -100.190045602
    1.209750750  -98.248628328
    1.218579364  -96.750920786
    1.227407979  -95.842689597
    1.236236593  -95.507980298
    1.245065207  -95.556174073
    1.253893822  -95.756532028
    1.262722436  -95.974616838
    1.271551051  -96.166254921
    1.280379665  -96.282603288
    1.289208279  -96.214817040
    1.298036894  -95.834940856
    1.306865508  -95.074668436
    1.315694122  -93.968550630
    1.324522737  -92.621578336
    1.333351351  -91.152954397
    1.342179965  -89.647347261
    1.351008580  -88.170206723
    1.359837194  -86.788594328
    1.368665809  -85.584599533
    1.377494423  -84.604395486
    1.386323037  -83.841077083
    1.395151652  -83.245753648
    1.403980266  -82.778658557
    1.412808880  -82.405052208
    1.421637495  -82.096738059
    1.430466109  -81.823206896
    1.439294723  -81.556391954
    1.448123338  -81.249900519
    1.456951952  -80.861874451
    1.465780566  -80.414940678
    1.474609181  -79.999708861
    1.483437795  -79.700119937
    1.492266410  -79.525031223
    1.501095024  -79.417983763
    1.509923638  -79.297971030
    1.518752253  -79.105807592
    1.527580867  -78.819231099
    1.536409481  -78.452965295
    1.545238096  -78.062012516
    1.554066710  -77.729453536
    1.562895324  -77.509919552
    1.571723939  -77.379158464
    1.580552553  -77.259142782
    1.589381168  -77.115513699
    1.598209782  -76.983429138
    1.607038396  -76.914020016
    1.615867011  -76.931731762
    1.624695625  -77.034200643
    1.633524239  -77.195688925
    1.642352854  -77.366476153
    1.651181468  -77.494906258
    1.660010082  -77.552870894
    1.668838697  -77.543354038
    1.677667311  -77.495447830
    1.686495926  -77.450255895
    1.695324540  -77.440495181
    1.704153154  -77.477331941
    1.712981769  -77.527531866
    1.721810383  -77.529519563
    1.730638997  -77.422038829
    1.739467612  -77.182296807
    1.748296226  -76.853220376
    1.757124840  -76.537019835
    1.765953455  -76.331953824
    1.774782069  -76.267333724
    1.783610684  -76.306606028
    1.792439298  -76.385572127
    1.801267912  -76.464084705
    1.810096527  -76.545603409
    1.818925141  -76.660925441
    1.827753755  -76.875937926
    1.836582370  -77.293118457
    1.845410984  -77.983019336
    1.854239598  -78.877254646
    1.863068213  -79.830441720
    1.871896827  -80.767915204
    1.880725441  -81.710462053
    1.889554056  -82.681832079
    1.898382670  -83.642925277
    1.907211285  -84.519931250
    1.916039899  -85.282556780
    1.924868513  -85.952293922
    1.933697128  -86.572979457
    1.942525742  -87.150293703
    1.951354356  -87.636424472
    1.960182971  -87.976129103
    1.969011585  -88.141946907
    1.977840199  -88.161130176
    1.986668814  -88.063431862
    1.995497428  -87.855225415
    2.004326043  -87.538945662
    2.013154657  -87.149776846
    2.021983271  -86.752912761
    2.030811886  -86.379868971
    2.039640500  -85.969665431
    2.048469114  -85.383931084
    2.057297729  -84.561932389
    2.066126343  -83.626285415
    2.074954957  -82.829025721
    2.083783572  -82.338243338
    2.092612186  -82.177297718
    2.101440801  -82.298112192
    2.110269415  -82.595595468
    2.119098029  -82.907886529
    2.127926644  -83.102395855
    2.136755258  -83.148147009
    2.145583872  -83.102634977
    2.154412487  -83.048564141
    2.163241101  -83.022939374
    2.172069715  -82.998843436
    2.180898330  -82.941173410
    2.189726944  -82.852974785
    2.198555559  -82.763940553
    2.207384173  -82.692344506
    2.216212787  -82.621369850
    2.225041402  -82.524824062
    2.233870016  -82.391212228
    2.242698630  -82.222062549
    2.251527245  -82.024928017
    2.260355859  -81.800477697
    2.269184473  -81.565307403
    2.278013088  -81.357661209
    2.286841702  -81.211326716
    2.295670316  -81.120298267
    2.304498931  -81.027733766
    2.313327545  -80.877070476
    2.322156160  -80.656218569
    2.330984774  -80.404125204
    2.339813388  -80.178347537
    2.348642003  -79.998477051
    2.357470617  -79.826921135
    2.366299231  -79.605493402
    2.375127846  -79.303342754
    2.383956460  -78.938815554
    2.392785074  -78.568444071
    2.401613689  -78.236878296
    2.410442303  -77.951799053
    2.419270918  -77.697300589
    2.428099532  -77.445228304
    2.436928146  -77.173454608
    2.445756761  -76.880575630
    2.454585375  -76.594244854
    2.463413989  -76.349691854
    2.472242604  -76.155654268
    2.481071218  -75.994307482
    2.489899832  -75.838443024
    2.498728447  -75.670805238
    2.507557061  -75.503638331
    2.516385676  -75.372800964
    2.525214290  -75.317005368
    2.534042904  -75.342667811
    2.542871519  -75.422824379
    2.551700133  -75.520967628
    2.560528747  -75.599471566
    2.569357362  -75.616297744
    2.578185976  -75.528820719
    2.587014590  -75.327003194
    2.595843205  -75.059091893
    2.604671819  -74.801630158
    2.613500434  -74.627744430
    2.622329048  -74.575258408
    2.631157662  -74.624891789
    2.639986277  -74.718865096
    2.648814891  -74.792487489
    2.657643505  -74.804798564
    2.666472120  -74.729539204
    2.675300734  -74.559349982
    2.684129348  -74.310530117
    2.692957963  -74.038252283
    2.701786577  -73.823934866
    2.710615191  -73.723142867
    2.719443806  -73.731028737
    2.728272420  -73.799807459
    2.737101035  -73.893975092
    2.745929649  -73.998931143
    2.754758263  -74.102238890
    2.763586878  -74.181447689
    2.772415492  -74.194694696
    2.781244106  -74.111056625
    2.790072721  -73.975464808
    2.798901335  -73.888199756
    2.807729949  -73.928894289
    2.816558564  -74.093015023
    2.825387178  -74.307839043
    2.834215793  -74.458652523
    2.843044407  -74.455781257
    2.851873021  -74.305803488
    2.860701636  -74.096814681
    2.869530250  -73.937354317
    2.878358864  -73.890375493
    2.887187479  -73.938934213
    2.896016093  -74.006867111
    2.904844707  -74.034276169
    2.913673322  -74.022439248
    2.922501936  -74.014530305
    2.931330551  -74.039958095
    2.940159165  -74.092030341
    2.948987779  -74.143113682
    2.957816394  -74.167457267
    2.966645008  -74.152742339
    2.975473622  -74.101101171
    2.984302237  -74.031469863
    2.993130851  -73.969121501
    3.001959465  -73.930241685
    3.010788080  -73.911199571
    3.019616694  -73.920549810
    3.028445309  -73.969744341
    3.037273923  -74.039270822
    3.046102537  -74.057797500
    3.054931152  -73.942128478
    3.063759766  -73.666605309
    3.072588380  -73.309574570
    3.081416995  -73.004868471
    3.090245609  -72.868006564
    3.099074223  -72.907522713
    3.107902838  -73.023970026
    3.116731452  -73.084131281
    3.125560066  -73.021198936
    3.134388681  -72.850575119
    3.143217295  -72.649106034
    3.152045910  -72.497945248
    3.160874524  -72.445985900
    3.169703138  -72.482272321
    3.178531753  -72.553258238
    3.187360367  -72.596026332
    3.196188981  -72.564731721
    3.205017596  -72.455320173
    3.213846210  -72.309863851
    3.222674824  -72.200098418
    3.231503439  -72.172013561
    3.240332053  -72.221602550
    3.249160668  -72.318077173
    3.257989282  -72.424307867
    3.266817896  -72.517773378
    3.275646511  -72.602691897
    3.284475125  -72.678097821
    3.293303739  -72.718477295
    3.302132354  -72.701789165
    3.310960968  -72.643537861
    3.319789582  -72.591471555
    3.328618197  -72.584964901
    3.337446811  -72.607369414
    3.346275426  -72.606436412
    3.355104040  -72.542178866
    3.363932654  -72.428075088
    3.372761269  -72.315024717
    3.381589883  -72.241664879
    3.390418497  -72.209967013
    3.399247112  -72.198181739
    3.408075726  -72.187852482
    3.416904340  -72.178525768
    3.425732955  -72.163616141
    3.434561569  -72.125512513
    3.443390184  -72.040076214
    3.452218798  -71.897146222
    3.461047412  -71.710988418
    3.469876027  -71.505156302
    3.478704641  -71.284661361
    3.487533255  -71.023871961
    3.496361870  -70.662368110
    3.505190484  -70.099426150
    3.514019098  -69.187482510
    3.522847713  -67.766659245
    3.531676327  -65.663173700
    3.540504941  -62.690643727
    3.549333556  -58.685155749
    3.558162170  -53.566356024
    3.566990785  -47.391283711
    3.575819399  -40.400517219
    3.584648013  -33.054569523
    3.593476628  -25.977811113
    3.602305242  -19.832831061
    3.611133856  -15.224691016
    3.619962471  -12.493781367
    3.628791085  -11.233704958
    3.637619699  -10.712364218
    3.646448314  -10.497392373
    3.655276928  -10.408801741
    3.664105543  -10.373777973
    3.672934157  -10.361031993
    3.681762771  -10.356962176
    3.690591386  -10.355780996
    3.699420000  -10.355618878
