#! FIELDS pp.proj projection
#! SET min_pp.proj 0.379861
#! SET max_pp.proj 3.69942
#! SET nbins_pp.proj  377
#! SET periodic_pp.proj false
    0.379861000  -10.356107796
    0.388689614  -10.357534145
    0.397518229  -10.361899641
    0.406346843  -10.374052061
    0.415175457  -10.404936451
    0.424004072  -10.478507466
    0.432832686  -10.650126580
    0.441661301  -11.060873462
    0.450489915  -12.073443655
    0.459318529  -14.335548586
    0.468147144  -18.153811775
    0.476975758  -23.020961626
    0.485804372  -28.269921630
    0.494632987  -33.387392982
    0.503461601  -38.015707300
    0.512290215  -41.977755032
    0.521118830  -45.278771670
    0.529947444  -48.063507392
    0.538776059  -50.524681381
    0.547604673  -52.802567542
    0.556433287  -54.954474883
    0.565261902  -56.990050756
    0.574090516  -58.921389633
    0.582919130  -60.761433729
    0.591747745  -62.478998571
    0.600576359  -64.002837530
    0.609404973  -65.270954942
    0.618233588  -66.314091115
    0.627062202  -67.278395528
    0.635890816  -68.334431515
    0.644719431  -69.566427335
    0.653548045  -70.906425217
    0.662376660  -72.204061764
    0.671205274  -73.321164764
    0.680033888  -74.238996422
    0.688862503  -75.056332489
    0.697691117  -75.901167452
    0.706519731  -76.838998782
    0.715348346  -77.811684348
    0.724176960  -78.719909053
    0.733005574  -79.504740984
    0.741834189  -80.188560614
    0.750662803  -80.829342713
    0.759491418  -81.432553729
    0.768320032  -81.936266332
    0.777148646  -82.274185799
    0.785977261  -82.451992287
    0.794805875  -82.553447285
    0.803634489  -82.666962505
    0.812463104  -82.810863289
    0.821291718  -82.930148539
    0.830120332  -82.961367787
    0.838948947  -82.906272552
    0.847777561  -82.850999403
    0.856606176  -82.886155430
    0.865434790  -83.024807410
    0.874263404  -83.190471631
    0.883092019  -83.277152287
    0.891920633  -83.246189008
    0.900749247  -83.142349118
    0.909577862  -83.045150737
    0.918406476  -83.001582435
    0.927235090  -83.035861645
    0.936063705  -83.268207523
    0.944892319  -84.280407562
    0.953720934  -87.053853194
    0.962549548  -91.011193789
    0.971378162  -94.903722926
    0.980206777  -98.229208620
    0.989035391 -100.904474172
    0.997864005 -103.030693381
    1.006692620 -104.771273623
    1.015521234 -106.259188069
    1.024349848 -107.552613912
    1.033178463 -108.674895763
    1.042007077 -109.633564515
    1.050835691 -110.441179546
    1.059664306 -111.094141567
    1.068492920 -111.561291277
    1.077321535 -111.840224734
    1.086150149 -111.983471952
    1.094978763 -112.076699684
    1.103807378 -112.151697759
    1.112635992 -112.152608707
    1.121464606 -111.962721563
    1.130293221 -111.500882781
    1.139121835 -110.787070435
    1.147950449 -109.895970823
    1.156779064 -108.874464154
    1.165607678 -107.676141986
    1.174436293 -106.206186221
    1.183264907 -104.403982101
    1.192093521 -102.332582008
    1.200922136 -100.190045602
    1.209750750  -98.248628328
    1.218579364  -96.750920786
    1.227407979  -95.842689597
    1.236236593  -95.507980298
    1.245065207  -95.556174073
    1.253893822  -95.756532028
    1.262722436  -95.974616838
    1.271551051  -96.166254921
    1.280379665  -96.282603288
    1.289208279  -96.214817040
    1.298036894  -95.834940856
    1.306865508  -95.074668436
    1.315694122  -93.968550630
    1.324522737  -92.621578336
    1.333351351  -91.152954397
    1.342179965  -89.647347261
    1.351008580  -88.170206723
    1.359837194  -86.788594328
    1.368665809  -85.584599533
    1.377494423  -84.604395486
    1.386323037  -83.841077083
    1.395151652  -83.245753648
    1.403980266  -82.778658557
    1.412808880  -82.405052208
    1.421637495  -82.096738059
    1.430466109  -81.823206896
    1.439294723  -81.556391954
    1.448123338  -81.249900519
    1.456951952  -80.861874451
    1.465780566  -80.414940678
    1.474609181  -79.999708861
    1.483437795  -79.700119937
    1.492266410  -79.525031223
    1.501095024  -79.417983763
    1.509923638  -79.297971030
    1.518752253  -79.105807592
    1.527580867  -78.819231099
    1.536409481  -78.452965295
    1.545238096  -78.062012516
    1.554066710  -77.729453536
    1.562895324  -77.509919552
    1.571723939  -77.379158464
    1.580552553  -77.259142782
    1.589381168  -77.115513699
    1.598209782  -76.983429138
    1.607038396  -76.914020016
    1.615867011  -76.931731762
    1.624695625  -77.034200643
    1.633524239  -77.195688925
    1.642352854  -77.366476153
    1.651181468  -77.494906258
    1.660010082  -77.552870894
    1.668838697  -77.543354038
    1.677667311  -77.495447830
    1.686495926  -77.450255895
    1.695324540  -77.440495181
    1.704153154  -77.477331941
    1.712981769  -77.527531866
    1.721810383  -77.529519563
    1.730638997  -77.422038829
    1.739467612  -77.182296807
    1.748296226  -76.853220376
    1.757124840  -76.537019835
    1.765953455  -76.331953824
    1.774782069  -76.267333724
    1.783610684  -76.306606028
    1.792439298  -76.385572127
    1.801267912  -76.464084705
    1.810096527  -76.545603409
    1.818925141  -76.660925441
    1.827753755  -76.875937926
    1.836582370  -77.293118457
    1.845410984  -77.983019336
    1.854239598  -78.877254646
    1.863068213  -79.830441720
    1.871896827  -80.767915204
    1.880725441  -81.710462053
    1.889554056  -82.681832079
    1.898382670  -83.642925277
    1.907211285  -84.519931250
    1.916039899  -85.282556780
    1.924868513  -85.952293922
    1.933697128  -86.572979457
    1.942525742  -87.150293703
    1.951354356  -87.636424472
    1.960182971  -87.976129103
    1.969011585  -88.141946907
    1.977840199  -88.161130176
    1.986668814  -88.063431862
    1.995497428  -87.855225415
    2.004326043  -87.538945662
    2.013154657  -87.149776846
    2.021983271  -86.752912761
    2.030811886  -86.379868971
    2.039640500  -85.969665431
    2.048469114  -85.383931084
    2.057297729  -84.561932389
    2.066126343  -83.626285415
    2.074954957  -82.829025721
    2.083783572  -82.338243976
    2.092612186  -82.177300218
    2.101440801  -82.298123136
    2.110269415  -82.595627359
    2.119098029  -82.907974306
    2.127926644  -83.102626215
    2.136755258  -83.148710829
    2.145583872  -83.103875550
    2.154412487  -83.050955081
    2.163241101  -83.027025276
    2.172069715  -83.005285712
    2.180898330  -82.950781118
    2.189726944  -82.866340810
    2.198555559  -82.780778835
    2.207384173  -82.711370632
    2.216212787  -82.641130257
    2.225041402  -82.544235411
    2.233870016  -82.409510277
    2.242698630  -82.238959256
    2.251527245  -82.041228630
    2.260355859  -81.818471900
    2.269184473  -81.588413343
    2.278013088  -81.389924551
    2.286841702  -81.256953182
    2.295670316  -81.183682388
    2.304498931  -81.114073420
    2.313327545  -80.993127278
    2.322156160  -80.810505178
    2.330984774  -80.605941862
    2.339813388  -80.434702009
    2.348642003  -80.309796678
    2.357470617  -80.184596037
    2.366299231  -79.993477798
    2.375127846  -79.703961307
    2.383956460  -79.340312064
    2.392785074  -78.970185432
    2.401613689  -78.648504356
    2.410442303  -78.388192784
    2.419270918  -78.174366701
    2.428099532  -77.978029488
    2.436928146  -77.773709012
    2.445756761  -77.552826293
    2.454585375  -77.332817790
    2.463413989  -77.139372838
    2.472242604  -76.975414545
    2.481071218  -76.821832067
    2.489899832  -76.656039464
    2.498728447  -76.470104720
    2.507557061  -76.286040626
    2.516385676  -76.144951218
    2.525214290  -76.086468004
    2.534042904  -76.115334805
    2.542871519  -76.203566337
    2.551700133  -76.316225637
    2.560528747  -76.417577775
    2.569357362  -76.462498032
    2.578185976  -76.396228908
    2.587014590  -76.196100686
    2.595843205  -75.909888456
    2.604671819  -75.627157828
    2.613500434  -75.434548730
    2.622329048  -75.376509501
    2.631157662  -75.435427146
    2.639986277  -75.553714357
    2.648814891  -75.666890636
    2.657643505  -75.734697823
    2.666472120  -75.729390813
    2.675300734  -75.636320095
    2.684129348  -75.458703716
    2.692957963  -75.237594709
    2.701786577  -75.044923047
    2.710615191  -74.932375571
    2.719443806  -74.899096092
    2.728272420  -74.910407634
    2.737101035  -74.947928859
    2.745929649  -75.008322722
    2.754758263  -75.080219607
    2.763586878  -75.138792891
    2.772415492  -75.144715361
    2.781244106  -75.074913220
    2.790072721  -74.980234580
    2.798901335  -74.958523281
    2.807729949  -75.076134648
    2.816558564  -75.310200673
    2.825387178  -75.574081377
    2.834215793  -75.750270293
    2.843044407  -75.751081076
    2.851873021  -75.579300160
    2.860701636  -75.320638219
    2.869530250  -75.098564299
    2.878358864  -75.005693968
    2.887187479  -75.047061124
    2.896016093  -75.148860900
    2.904844707  -75.238805446
    2.913673322  -75.304077525
    2.922501936  -75.379263015
    2.931330551  -75.492035447
    2.940159165  -75.635965910
    2.948987779  -75.781576048
    2.957816394  -75.899914518
    2.966645008  -75.975064398
    2.975473622  -76.004303221
    2.984302237  -75.998545023
    2.993130851  -75.976184614
    3.001959465  -75.951790675
    3.010788080  -75.924929861
    3.019616694  -75.912627067
    3.028445309  -75.947015579
    3.037273923  -76.033996776
    3.046102537  -76.115605793
    3.054931152  -76.101839621
    3.063759766  -75.950715376
    3.072588380  -75.724944177
    3.081416995  -75.545600275
    3.090245609  -75.511304833
    3.099074223  -75.611049611
    3.107902838  -75.736549175
    3.116731452  -75.769079177
    3.125560066  -75.672050384
    3.134388681  -75.490122462
    3.143217295  -75.316586311
    3.152045910  -75.229447512
    3.160874524  -75.253754692
    3.169703138  -75.351620900
    3.178531753  -75.459354245
    3.187360367  -75.522076820
    3.196188981  -75.509319123
    3.205017596  -75.431120286
    3.213846210  -75.335897054
    3.222674824  -75.286806172
    3.231503439  -75.315053289
    3.240332053  -75.411718336
    3.249160668  -75.547924421
    3.257989282  -75.684483574
    3.266817896  -75.792245616
    3.275646511  -75.871295154
    3.284475125  -75.924811465
    3.293303739  -75.934194312
    3.302132354  -75.878206413
    3.310960968  -75.768260282
    3.319789582  -75.652638974
    3.328618197  -75.581040217
    3.337446811  -75.552199499
    3.346275426  -75.529333235
    3.355104040  -75.485173823
    3.363932654  -75.438058942
    3.372761269  -75.429763724
    3.381589883  -75.478231109
    3.390418497  -75.562977901
    3.399247112  -75.647886612
    3.408075726  -75.711571103
    3.416904340  -75.759971320
    3.425732955  -75.798984233
    3.434561569  -75.828711079
    3.443390184  -75.842963784
    3.452218798  -75.841192128
    3.461047412  -75.835972671
    3.469876027  -75.840279791
    3.478704641  -75.842115735
    3.487533255  -75.791278567
    3.496361870  -75.596552720
    3.505190484  -75.127196710
    3.514019098  -74.218965316
    3.522847713  -72.728091526
    3.531676327  -70.542855350
    3.540504941  -67.548124250
    3.549333556  -63.603294586
    3.558162170  -58.589567692
    3.566990785  -52.487745821
    3.575819399  -45.443522602
    3.584648013  -37.824748942
    3.593476628  -30.199893946
    3.602305242  -23.231163803
    3.611133856  -17.554461355
    3.619962471  -13.716121518
    3.628791085  -11.740656913
    3.637619699  -10.910457996
    3.646448314  -10.576144627
    3.655276928  -10.439880750
    3.664105543  -10.385329125
    3.672934157  -10.364942580
    3.681762771  -10.358160252
    3.690591386  -10.356033171
    3.699420000  -10.355618878
