#! FIELDS pp.proj projection
#! SET min_pp.proj 0.379861
#! SET max_pp.proj 3.69942
#! SET nbins_pp.proj  377
#! SET periodic_pp.proj false
    0.379861000  -10.355618878
    0.388689614  -10.355618878
    0.397518229  -10.355618878
    0.406346843  -10.355618878
    0.415175457  -10.355618878
    0.424004072  -10.355618878
    0.432832686  -10.355618878
    0.441661301  -10.355618878
    0.450489915  -10.355737549
    0.459318529  -10.356111434
    0.468147144  -10.357312871
    0.476975758  -10.360794912
    0.485804372  -10.369783954
    0.494632987  -10.390587790
    0.503461601  -10.434418425
    0.512290215  -10.521428883
    0.521118830  -10.688180062
    0.529947444  -11.005079918
    0.538776059  -11.607817379
    0.547604673  -12.723276175
    0.556433287  -14.609312509
    0.565261902  -17.359597099
    0.574090516  -20.806221429
    0.582919130  -24.622010167
    0.591747745  -28.424078005
    0.600576359  -31.861489597
    0.609404973  -34.731523470
    0.618233588  -37.062379401
    0.627062202  -39.081166896
    0.635890816  -41.063875212
    0.644719431  -43.152694462
    0.653548045  -45.265466705
    0.662376660  -47.162990686
    0.671205274  -48.610584377
    0.680033888  -49.528507764
    0.688862503  -50.035903637
    0.697691117  -50.363991248
    0.706519731  -50.724400813
    0.715348346  -51.203064207
    0.724176960  -51.780169644
    0.733005574  -52.401911537
    0.741834189  -53.053456587
    0.750662803  -53.751188378
    0.759491418  -54.465928521
    0.768320032  -55.110008554
    0.777148646  -55.607594589
    0.785977261  -55.983143334
    0.794805875  -56.361545194
    0.803634489  -56.861160387
    0.812463104  -57.471492085
    0.821291718  -58.052384630
    0.830120332  -58.450539429
    0.838948947  -58.623075053
    0.847777561  -58.676421478
    0.856606176  -58.770945707
    0.865434790  -58.996570410
    0.874263404  -59.331083225
    0.883092019  -59.698252059
    0.891920633  -60.070542766
    0.900749247  -60.482441961
    0.909577862  -60.973938710
    0.918406476  -61.518880686
    0.927235090  -62.039681878
    0.936063705  -62.469050345
    0.944892319  -62.791027801
    0.953720934  -63.017194554
    0.962549548  -63.132779735
    0.971378162  -63.098354079
    0.980206777  -62.950830862
    0.989035391  -62.920490016
    0.997864005  -63.307321066
    1.006692620  -64.124888819
    1.015521234  -65.156807420
    1.024349848  -66.227968143
    1.033178463  -67.255324367
    1.042007077  -68.194486747
    1.050835691  -69.018130164
    1.059664306  -69.695156513
    1.068492920  -70.195799284
    1.077321535  -70.529624510
    1.086150149  -70.746622717
    1.094978763  -70.893744615
    1.103807378  -70.958063324
    1.112635992  -70.885075861
    1.121464606  -70.626092957
    1.130293221  -70.203732454
    1.139121835  -69.719999158
    1.147950449  -69.261717188
    1.156779064  -68.806582683
    1.165607678  -68.199631707
    1.174436293  -67.250309823
    1.183264907  -65.865388887
    1.192093521  -64.161598534
    1.200922136  -62.442888425
    1.209750750  -61.007585222
    1.218579364  -59.902292819
    1.227407979  -58.985764785
    1.236236593  -58.152412595
    1.245065207  -57.404393125
    1.253893822  -56.787685418
    1.262722436  -56.316908791
    1.271551051  -55.954112738
    1.280379665  -55.637307102
    1.289208279  -55.299343097
    1.298036894  -54.871942563
    1.306865508  -54.317272900
    1.315694122  -53.664996288
    1.324522737  -53.005050423
    1.333351351  -52.440433751
    1.342179965  -52.029462542
    1.351008580  -51.778496543
    1.359837194  -51.663625328
    1.368665809  -51.690170988
    1.377494423  -51.897725413
    1.386323037  -52.320978894
    1.395151652  -52.901381500
    1.403980266  -53.517229258
    1.412808880  -54.063405341
    1.421637495  -54.539822052
    1.430466109  -55.046775321
    1.439294723  -55.682134481
    1.448123338  -56.369919031
    1.456951952  -56.933364498
    1.465780566  -57.331540339
    1.474609181  -57.690610646
    1.483437795  -58.120834705
    1.492266410  -58.598308041
    1.501095024  -59.031158523
    1.509923638  -59.375469320
    1.518752253  -59.654396735
    1.527580867  -59.879423999
    1.536409481  -60.063572311
    1.545238096  -60.265227626
    1.554066710  -60.544439177
    1.562895324  -60.875312796
    1.571723939  -61.102036787
    1.580552553  -61.009753504
    1.589381168  -60.513745387
    1.598209782  -59.732473040
    1.607038396  -58.884235898
    1.615867011  -58.127616959
    1.624695625  -57.510963970
    1.633524239  -56.997596318
    1.642352854  -56.508349300
    1.651181468  -55.975373657
    1.660010082  -55.377151948
    1.668838697  -54.731188271
    1.677667311  -54.105327479
    1.686495926  -53.603640669
    1.695324540  -53.310459338
    1.704153154  -53.243100448
    1.712981769  -53.330684239
    1.721810383  -53.453231993
    1.730638997  -53.481535144
    1.739467612  -53.331433977
    1.748296226  -53.009104465
    1.757124840  -52.605520188
    1.765953455  -52.219496078
    1.774782069  -51.900181961
    1.783610684  -51.630260989
    1.792439298  -51.340686681
    1.801267912  -50.971464594
    1.810096527  -50.536633058
    1.818925141  -50.094826524
    1.827753755  -49.671200101
    1.836582370  -49.274140445
    1.845410984  -48.943257687
    1.854239598  -48.677838911
    1.863068213  -48.422506706
    1.871896827  -48.140323997
    1.880725441  -47.862762604
    1.889554056  -47.666526877
    1.898382670  -47.626796965
    1.907211285  -47.770302116
    1.916039899  -48.052753406
    1.924868513  -48.393442106
    1.933697128  -48.729272528
    1.942525742  -49.009708411
    1.951354356  -49.199863437
    1.960182971  -49.309116270
    1.969011585  -49.378697800
    1.977840199  -49.450643563
    1.986668814  -49.517641875
    1.995497428  -49.532201282
    2.004326043  -49.469731122
    2.013154657  -49.377750893
    2.021983271  -49.373995665
    2.030811886  -49.582589448
    2.039640500  -50.031992529
    2.048469114  -50.575366739
    2.057297729  -50.993137897
    2.066126343  -51.172121167
    2.074954957  -51.201350541
    2.083783572  -51.270290388
    2.092612186  -51.512106179
    2.101440801  -51.927153981
    2.110269415  -52.380031821
    2.119098029  -52.667813505
    2.127926644  -52.654298803
    2.136755258  -52.357402595
    2.145583872  -51.911515885
    2.154412487  -51.463594599
    2.163241101  -51.108019996
    2.172069715  -50.893146761
    2.180898330  -50.829995514
    2.189726944  -50.877122689
    2.198555559  -50.946520433
    2.207384173  -50.944610791
    2.216212787  -50.822737181
    2.225041402  -50.608097470
    2.233870016  -50.372440423
    2.242698630  -50.172959203
    2.251527245  -50.021005245
    2.260355859  -49.883846082
    2.269184473  -49.731444956
    2.278013088  -49.567886270
    2.286841702  -49.419329555
    2.295670316  -49.291991549
    2.304498931  -49.150736927
    2.313327545  -48.963707532
    2.322156160  -48.749063933
    2.330984774  -48.574769906
    2.339813388  -48.505998821
    2.348642003  -48.537775183
    2.357470617  -48.586765848
    2.366299231  -48.555616855
    2.375127846  -48.396960708
    2.383956460  -48.151198116
    2.392785074  -47.938697517
    2.401613689  -47.883115168
    2.410442303  -48.030285217
    2.419270918  -48.316640413
    2.428099532  -48.597508949
    2.436928146  -48.739248015
    2.445756761  -48.702154098
    2.454585375  -48.544728525
    2.463413989  -48.353469089
    2.472242604  -48.179259575
    2.481071218  -48.025166716
    2.489899832  -47.869435359
    2.498728447  -47.697854377
    2.507557061  -47.535541719
    2.516385676  -47.442371236
    2.525214290  -47.468732875
    2.534042904  -47.605077512
    2.542871519  -47.797830009
    2.551700133  -48.005102117
    2.560528747  -48.216469786
    2.569357362  -48.427248234
    2.578185976  -48.608777027
    2.587014590  -48.733702835
    2.595843205  -48.808904310
    2.604671819  -48.862425365
    2.613500434  -48.915232215
    2.622329048  -48.970298938
    2.631157662  -49.023671494
    2.639986277  -49.079150403
    2.648814891  -49.133272565
    2.657643505  -49.161860047
    2.666472120  -49.120236044
    2.675300734  -49.001012484
    2.684129348  -48.862146964
    2.692957963  -48.791136024
    2.701786577  -48.837720224
    2.710615191  -48.989292793
    2.719443806  -49.182333658
    2.728272420  -49.335846130
    2.737101035  -49.409903738
    2.745929649  -49.428251839
    2.754758263  -49.448644835
    2.763586878  -49.509502440
    2.772415492  -49.589836202
    2.781244106  -49.633375934
    2.790072721  -49.633071668
    2.798901335  -49.643222924
    2.807729949  -49.732271851
    2.816558564  -49.913650509
    2.825387178  -50.132837261
    2.834215793  -50.294352006
    2.843044407  -50.329294053
    2.851873021  -50.252646520
    2.860701636  -50.148285831
    2.869530250  -50.115107764
    2.878358864  -50.206850640
    2.887187479  -50.400904059
    2.896016093  -50.608618867
    2.904844707  -50.741830967
    2.913673322  -50.758662622
    2.922501936  -50.673537687
    2.931330551  -50.540763800
    2.940159165  -50.435850411
    2.948987779  -50.417322612
    2.957816394  -50.474437213
    2.966645008  -50.540380756
    2.975473622  -50.546318474
    2.984302237  -50.472577529
    2.993130851  -50.336912541
    3.001959465  -50.168159340
    3.010788080  -49.993574984
    3.019616694  -49.874534110
    3.028445309  -49.891942815
    3.037273923  -50.080912802
    3.046102537  -50.373268603
    3.054931152  -50.633980747
    3.063759766  -50.762057910
    3.072588380  -50.769886433
    3.081416995  -50.747502962
    3.090245609  -50.788970494
    3.099074223  -50.916973968
    3.107902838  -51.072587020
    3.116731452  -51.157385039
    3.125560066  -51.117481680
    3.134388681  -50.976689993
    3.143217295  -50.832914630
    3.152045910  -50.781777077
    3.160874524  -50.864718972
    3.169703138  -51.046073897
    3.178531753  -51.245398355
    3.187360367  -51.374149159
    3.196188981  -51.380483030
    3.205017596  -51.293062022
    3.213846210  -51.218456256
    3.222674824  -51.266660430
    3.231503439  -51.452745744
    3.240332053  -51.693576214
    3.249160668  -51.899559067
    3.257989282  -52.029047092
    3.266817896  -52.083471113
    3.275646511  -52.091015412
    3.284475125  -52.087218566
    3.293303739  -52.094405777
    3.302132354  -52.117255818
    3.310960968  -52.156675201
    3.319789582  -52.208041369
    3.328618197  -52.254923274
    3.337446811  -52.263946168
    3.346275426  -52.211329215
    3.355104040  -52.101267334
    3.363932654  -51.979532284
    3.372761269  -51.903331465
    3.381589883  -51.887734219
    3.390418497  -51.903726009
    3.399247112  -51.916330794
    3.408075726  -51.912615078
    3.416904340  -51.894004496
    3.425732955  -51.847169108
    3.434561569  -51.743966652
    3.443390184  -51.564117853
    3.452218798  -51.330695165
    3.461047412  -51.119883288
    3.469876027  -51.021539457
    3.478704641  -51.082880083
    3.487533255  -51.273211855
    3.496361870  -51.471839179
    3.505190484  -51.466148338
    3.514019098  -50.965420547
    3.522847713  -49.664958776
    3.531676327  -47.322939750
    3.540504941  -43.844027723
    3.549333556  -39.319685014
    3.558162170  -34.024619998
    3.566990785  -28.381557334
    3.575819399  -22.901253133
    3.584648013  -18.117037365
    3.593476628  -14.517590513
    3.602305242  -12.329291109
    3.611133856  -11.241135541
    3.619962471  -10.746239510
    3.628791085  -10.523479255
    3.637619699  -10.423901055
    3.646448314  -10.381492001
    3.655276928  -10.364320378
    3.664105543  -10.358102953
    3.672934157  -10.356258746
    3.681762771  -10.355684996
    3.690591386  -10.355618878
    3.699420000  -10.355618878
