#! FIELDS pp.proj projection
#! SET min_pp.proj 0.379861
#! SET max_pp.proj 3.69942
#! SET nbins_pp.proj  377
#! SET periodic_pp.proj false
    0.379861000  -10.355618878
    0.388689614  -10.355618878
    0.397518229  -10.355618878
    0.406346843  -10.355618878
    0.415175457  -10.355618878
    0.424004072  -10.355618878
    0.432832686  -10.355618878
    0.441661301  -10.355618878
    0.450489915  -10.355618878
    0.459318529  -10.355618878
    0.468147144  -10.355618878
    0.476975758  -10.355618878
    0.485804372  -10.355618878
    0.494632987  -10.355618878
    0.503461601  -10.355618878
    0.512290215  -10.355618878
    0.521118830  -10.355618878
    0.529947444  -10.355618878
    0.538776059  -10.355618878
    0.547604673  -10.355618878
    0.556433287  -10.355618878
    0.565261902  -10.355618878
    0.574090516  -10.355618878
    0.582919130  -10.355618878
    0.591747745  -10.355618878
    0.600576359  -10.355618878
    0.609404973  -10.355618878
    0.618233588  -10.355618878
    0.627062202  -10.355618878
    0.635890816  -10.355618878
    0.644719431  -10.355618878
    0.653548045  -10.355618878
    0.662376660  -10.355618878
    0.671205274  -10.355618878
    0.680033888  -10.355618878
    0.688862503  -10.355676948
    0.697691117  -10.355913381
    0.706519731  -10.356763215
    0.715348346  -10.359398985
    0.724176960  -10.366681042
    0.733005574  -10.384914216
    0.741834189  -10.427057523
    0.750662803  -10.518553272
    0.759491418  -10.711875028
    0.768320032  -11.117652041
    0.777148646  -11.944685970
    0.785977261  -13.441845311
    0.794805875  -15.629384478
    0.803634489  -18.208023950
    0.812463104  -20.860235151
    0.821291718  -23.437281847
    0.830120332  -25.901823352
    0.838948947  -28.232125556
    0.847777561  -30.375428159
    0.856606176  -32.263889575
    0.865434790  -33.858153706
    0.874263404  -35.171290035
    0.883092019  -36.268016199
    0.891920633  -37.231131862
    0.900749247  -38.109070853
    0.909577862  -38.880007670
    0.918406476  -39.473893014
    0.927235090  -39.862785682
    0.936063705  -40.110483079
    0.944892319  -40.339436537
    0.953720934  -40.621706948
    0.962549548  -40.888475727
    0.971378162  -40.949656698
    0.980206777  -40.602844215
    0.989035391  -39.755217686
    0.997864005  -38.486279169
    1.006692620  -37.000387473
    1.015521234  -35.511043911
    1.024349848  -34.136794025
    1.033178463  -32.888332950
    1.042007077  -31.691324843
    1.050835691  -30.474557025
    1.059664306  -29.231970256
    1.068492920  -28.087018761
    1.077321535  -27.327790947
    1.086150149  -27.131689252
    1.094978763  -27.221689325
    1.103807378  -27.212743098
    1.112635992  -26.992844335
    1.121464606  -26.676971308
    1.130293221  -26.434502492
    1.139121835  -26.353070052
    1.147950449  -26.384455652
    1.156779064  -26.400571138
    1.165607678  -26.285616224
    1.174436293  -25.979599024
    1.183264907  -25.477158527
    1.192093521  -24.805409285
    1.200922136  -24.022764328
    1.209750750  -23.245209398
    1.218579364  -22.623123933
    1.227407979  -22.281196485
    1.236236593  -22.267071312
    1.245065207  -22.535132717
    1.253893822  -22.961881601
    1.262722436  -23.403768878
    1.271551051  -23.757881812
    1.280379665  -24.003270952
    1.289208279  -24.178166080
    1.298036894  -24.355604398
    1.306865508  -24.622441090
    1.315694122  -25.056484295
    1.324522737  -25.669954287
    1.333351351  -26.378762638
    1.342179965  -27.019962764
    1.351008580  -27.438322217
    1.359837194  -27.592046855
    1.368665809  -27.608143388
    1.377494423  -27.714901700
    1.386323037  -28.079124877
    1.395151652  -28.713521680
    1.403980266  -29.496817063
    1.412808880  -30.231928182
    1.421637495  -30.721727034
    1.430466109  -30.857110269
    1.439294723  -30.689422186
    1.448123338  -30.418456977
    1.456951952  -30.275728321
    1.465780566  -30.365343400
    1.474609181  -30.597181367
    1.483437795  -30.750727394
    1.492266410  -30.626132724
    1.501095024  -30.166971072
    1.509923638  -29.459436988
    1.518752253  -28.639328606
    1.527580867  -27.798532760
    1.536409481  -26.946791899
    1.545238096  -26.054484017
    1.554066710  -25.115387212
    1.562895324  -24.184009560
    1.571723939  -23.332620208
    1.580552553  -22.548477934
    1.589381168  -21.701625353
    1.598209782  -20.648991014
    1.607038396  -19.366883354
    1.615867011  -17.997010736
    1.624695625  -16.789553988
    1.633524239  -15.941881873
    1.642352854  -15.423991427
    1.651181468  -15.033325183
    1.660010082  -14.616418702
    1.668838697  -14.211488415
    1.677667311  -14.018676797
    1.686495926  -14.244677393
    1.695324540  -14.964585115
    1.704153154  -16.071736513
    1.712981769  -17.309501106
    1.721810383  -18.391679594
    1.730638997  -19.116352885
    1.739467612  -19.432098361
    1.748296226  -19.440925093
    1.757124840  -19.347982710
    1.765953455  -19.368757511
    1.774782069  -19.625421538
    1.783610684  -20.104682750
    1.792439298  -20.682929941
    1.801267912  -21.194262083
    1.810096527  -21.521927799
    1.818925141  -21.654828710
    1.827753755  -21.688495903
    1.836582370  -21.763191468
    1.845410984  -22.000751706
    1.854239598  -22.437711130
    1.863068213  -23.001153113
    1.871896827  -23.533999848
    1.880725441  -23.901440973
    1.889554056  -24.087055193
    1.898382670  -24.186690622
    1.907211285  -24.305804770
    1.916039899  -24.470254458
    1.924868513  -24.637653296
    1.933697128  -24.767149829
    1.942525742  -24.880411480
    1.951354356  -25.068372834
    1.960182971  -25.441808453
    1.969011585  -26.061793466
    1.977840199  -26.902684659
    1.986668814  -27.848414674
    1.995497428  -28.733312215
    2.004326043  -29.419860521
    2.013154657  -29.865878169
    2.021983271  -30.134351732
    2.030811886  -30.342784499
    2.039640500  -30.579560849
    2.048469114  -30.840652949
    2.057297729  -31.074642379
    2.066126343  -31.265129817
    2.074954957  -31.457108179
    2.083783572  -31.718414063
    2.092612186  -32.086094431
    2.101440801  -32.496023338
    2.110269415  -32.758321374
    2.119098029  -32.646519514
    2.127926644  -32.073658813
    2.136755258  -31.180423646
    2.145583872  -30.253308848
    2.154412487  -29.543900566
    2.163241101  -29.156496055
    2.172069715  -29.090538726
    2.180898330  -29.296689194
    2.189726944  -29.627090296
    2.198555559  -29.857056833
    2.207384173  -29.800205906
    2.216212787  -29.420945941
    2.225041402  -28.857656847
    2.233870016  -28.331845157
    2.242698630  -28.016875995
    2.251527245  -27.985024871
    2.260355859  -28.205792507
    2.269184473  -28.595946220
    2.278013088  -29.083195882
    2.286841702  -29.625042447
    2.295670316  -30.173332893
    2.304498931  -30.641130676
    2.313327545  -30.948938206
    2.322156160  -31.087033848
    2.330984774  -31.128169357
    2.339813388  -31.169287467
    2.348642003  -31.243501045
    2.357470617  -31.278250025
    2.366299231  -31.157708576
    2.375127846  -30.821018246
    2.383956460  -30.334283009
    2.392785074  -29.868748237
    2.401613689  -29.589897009
    2.410442303  -29.551973871
    2.419270918  -29.661376562
    2.428099532  -29.734625368
    2.436928146  -29.623262945
    2.445756761  -29.310503404
    2.454585375  -28.906048072
    2.463413989  -28.551957778
    2.472242604  -28.318960860
    2.481071218  -28.188836030
    2.489899832  -28.107205281
    2.498728447  -28.040291465
    2.507557061  -27.996780279
    2.516385676  -28.013795295
    2.525214290  -28.118743623
    2.534042904  -28.277201059
    2.542871519  -28.394732684
    2.551700133  -28.396553223
    2.560528747  -28.294239604
    2.569357362  -28.154682933
    2.578185976  -28.060965262
    2.587014590  -28.095538071
    2.595843205  -28.300436990
    2.604671819  -28.627874861
    2.613500434  -28.964544073
    2.622329048  -29.207169177
    2.631157662  -29.330805163
    2.639986277  -29.381168636
    2.648814891  -29.407343110
    2.657643505  -29.417522455
    2.666472120  -29.400065034
    2.675300734  -29.361914995
    2.684129348  -29.333201438
    2.692957963  -29.345382754
    2.701786577  -29.403582308
    2.710615191  -29.489680477
    2.719443806  -29.592504841
    2.728272420  -29.728237498
    2.737101035  -29.934694850
    2.745929649  -30.247797361
    2.754758263  -30.675283244
    2.763586878  -31.154038498
    2.772415492  -31.574593827
    2.781244106  -31.856824809
    2.790072721  -32.007908421
    2.798901335  -32.075319898
    2.807729949  -32.082101337
    2.816558564  -31.999275367
    2.825387178  -31.776780448
    2.834215793  -31.405216090
    2.843044407  -30.953330953
    2.851873021  -30.551494571
    2.860701636  -30.315219439
    2.869530250  -30.276480234
    2.878358864  -30.379998658
    2.887187479  -30.544454005
    2.896016093  -30.707688217
    2.904844707  -30.847357304
    2.913673322  -30.965328390
    2.922501936  -31.077114015
    2.931330551  -31.206122512
    2.940159165  -31.369275098
    2.948987779  -31.550271872
    2.957816394  -31.698223885
    2.966645008  -31.775619187
    2.975473622  -31.800445901
    2.984302237  -31.838460216
    2.993130851  -31.937976510
    3.001959465  -32.092369291
    3.010788080  -32.264679159
    3.019616694  -32.448511267
    3.028445309  -32.667050853
    3.037273923  -32.919803340
    3.046102537  -33.140979914
    3.054931152  -33.224140684
    3.063759766  -33.086427031
    3.072588380  -32.747650669
    3.081416995  -32.326746135
    3.090245609  -31.988034615
    3.099074223  -31.837151514
    3.107902838  -31.862282814
    3.116731452  -31.944879921
    3.125560066  -31.960264402
    3.134388681  -31.857416802
    3.143217295  -31.690464964
    3.152045910  -31.534084398
    3.160874524  -31.399778941
    3.169703138  -31.231429861
    3.178531753  -30.990960924
    3.187360367  -30.710101626
    3.196188981  -30.461238550
    3.205017596  -30.305805179
    3.213846210  -30.280044010
    3.222674824  -30.395921267
    3.231503439  -30.613980441
    3.240332053  -30.838750970
    3.249160668  -30.973078066
    3.257989282  -30.960998415
    3.266817896  -30.807581606
    3.275646511  -30.564143076
    3.284475125  -30.294256204
    3.293303739  -30.031179207
    3.302132354  -29.770342828
    3.310960968  -29.516108327
    3.319789582  -29.313348147
    3.328618197  -29.245524924
    3.337446811  -29.388498286
    3.346275426  -29.757708850
    3.355104040  -30.283550361
    3.363932654  -30.837541517
    3.372761269  -31.262789052
    3.381589883  -31.421386969
    3.390418497  -31.273717473
    3.399247112  -30.926394734
    3.408075726  -30.582194559
    3.416904340  -30.424891620
    3.425732955  -30.511422058
    3.434561569  -30.774804157
    3.443390184  -31.092816786
    3.452218798  -31.376189329
    3.461047412  -31.596511246
    3.469876027  -31.757113480
    3.478704641  -31.847617365
    3.487533255  -31.818230668
    3.496361870  -31.580645364
    3.505190484  -30.996169460
    3.514019098  -29.878591315
    3.522847713  -28.050514118
    3.531676327  -25.445644917
    3.540504941  -22.211294711
    3.549333556  -18.729120560
    3.558162170  -15.538051417
    3.566990785  -13.150251910
    3.575819399  -11.725709973
    3.584648013  -11.003226696
    3.593476628  -10.657117352
    3.602305242  -10.492442826
    3.611133856  -10.414946641
    3.619962471  -10.379586792
    3.628791085  -10.364474218
    3.637619699  -10.358513528
    3.646448314  -10.356483518
    3.655276928  -10.355840011
    3.664105543  -10.355618878
    3.672934157  -10.355618878
    3.681762771  -10.355618878
    3.690591386  -10.355618878
    3.699420000  -10.355618878
