#! FIELDS pp.proj projection
#! SET min_pp.proj 0.379861
#! SET max_pp.proj 3.69942
#! SET nbins_pp.proj  377
#! SET periodic_pp.proj false
    0.379861000  -10.356107796
    0.388689614  -10.357534145
    0.397518229  -10.361899641
    0.406346843  -10.374052061
    0.415175457  -10.404936451
    0.424004072  -10.478507466
    0.432832686  -10.650126580
    0.441661301  -11.060873462
    0.450489915  -12.073443655
    0.459318529  -14.335548586
    0.468147144  -18.153811775
    0.476975758  -23.020961626
    0.485804372  -28.269921630
    0.494632987  -33.387392982
    0.503461601  -38.015707300
    0.512290215  -41.977755032
    0.521118830  -45.278771670
    0.529947444  -48.063507392
    0.538776059  -50.524681381
    0.547604673  -52.802567542
    0.556433287  -54.954474883
    0.565261902  -56.990050756
    0.574090516  -58.921389633
    0.582919130  -60.761433729
    0.591747745  -62.478998571
    0.600576359  -64.002837530
    0.609404973  -65.270954942
    0.618233588  -66.314091115
    0.627062202  -67.278395528
    0.635890816  -68.334431515
    0.644719431  -69.566427335
    0.653548045  -70.906425217
    0.662376660  -72.204061764
    0.671205274  -73.321164764
    0.680033888  -74.238996422
    0.688862503  -75.056332489
    0.697691117  -75.901167452
    0.706519731  -76.838998782
    0.715348346  -77.811684348
    0.724176960  -78.719909053
    0.733005574  -79.504740984
    0.741834189  -80.188560614
    0.750662803  -80.829342713
    0.759491418  -81.432553729
    0.768320032  -81.936266332
    0.777148646  -82.274185799
    0.785977261  -82.451992287
    0.794805875  -82.553447285
    0.803634489  -82.666962505
    0.812463104  -82.810863289
    0.821291718  -82.930148539
    0.830120332  -82.961367787
    0.838948947  -82.906272552
    0.847777561  -82.850999403
    0.856606176  -82.886155430
    0.865434790  -83.024807410
    0.874263404  -83.190471631
    0.883092019  -83.277152287
    0.891920633  -83.246189008
    0.900749247  -83.142349118
    0.909577862  -83.045150737
    0.918406476  -83.001582435
    0.927235090  -83.035861645
    0.936063705  -83.268207523
    0.944892319  -84.280407562
    0.953720934  -87.053853194
    0.962549548  -91.011193789
    0.971378162  -94.903722926
    0.980206777  -98.229208620
    0.989035391 -100.904474172
    0.997864005 -103.030693381
    1.006692620 -104.771273623
    1.015521234 -106.259188069
    1.024349848 -107.552613912
    1.033178463 -108.674895763
    1.042007077 -109.633564515
    1.050835691 -110.441179546
    1.059664306 -111.094141567
    1.068492920 -111.561291277
    1.077321535 -111.840224734
    1.086150149 -111.983471952
    1.094978763 -112.076699684
    1.103807378 -112.151697759
    1.112635992 -112.152608707
    1.121464606 -111.962721563
    1.130293221 -111.500882781
    1.139121835 -110.787070435
    1.147950449 -109.895970823
    1.156779064 -108.874464154
    1.165607678 -107.676141986
    1.174436293 -106.206186221
    1.183264907 -104.403982101
    1.192093521 -102.332582008
    1.200922136 -100.190045602
    1.209750750  -98.248628328
    1.218579364  -96.750920786
    1.227407979  -95.842689597
    1.236236593  -95.507980298
    1.245065207  -95.556174073
    1.253893822  -95.756532028
    1.262722436  -95.974616838
    1.271551051  -96.166254921
    1.280379665  -96.282603288
    1.289208279  -96.214817040
    1.298036894  -95.834940856
    1.306865508  -95.074668436
    1.315694122  -93.968550630
    1.324522737  -92.621578336
    1.333351351  -91.152954397
    1.342179965  -89.647347261
    1.351008580  -88.170206723
    1.359837194  -86.788594328
    1.368665809  -85.584599533
    1.377494423  -84.604395486
    1.386323037  -83.841077083
    1.395151652  -83.245753648
    1.403980266  -82.778658557
    1.412808880  -82.405052208
    1.421637495  -82.096738059
    1.430466109  -81.823206896
    1.439294723  -81.556391954
    1.448123338  -81.249900519
    1.456951952  -80.861874451
    1.465780566  -80.414940678
    1.474609181  -79.999708861
    1.483437795  -79.700119937
    1.492266410  -79.525031223
    1.501095024  -79.417983763
    1.509923638  -79.297971030
    1.518752253  -79.105807592
    1.527580867  -78.819231099
    1.536409481  -78.452965295
    1.545238096  -78.062012516
    1.554066710  -77.729453536
    1.562895324  -77.509919552
    1.571723939  -77.379158464
    1.580552553  -77.259142782
    1.589381168  -77.115513699
    1.598209782  -76.983429138
    1.607038396  -76.914020016
    1.615867011  -76.931731762
    1.624695625  -77.034200643
    1.633524239  -77.195688925
    1.642352854  -77.366476153
    1.651181468  -77.494906258
    1.660010082  -77.552870894
    1.668838697  -77.543354038
    1.677667311  -77.495447830
    1.686495926  -77.450255895
    1.695324540  -77.440495181
    1.704153154  -77.477331941
    1.712981769  -77.527531866
    1.721810383  -77.529519563
    1.730638997  -77.422038829
    1.739467612  -77.182296807
    1.748296226  -76.853220376
    1.757124840  -76.537019835
    1.765953455  -76.331953824
    1.774782069  -76.267333724
    1.783610684  -76.306606028
    1.792439298  -76.385572127
    1.801267912  -76.464084705
    1.810096527  -76.545603409
    1.818925141  -76.660925441
    1.827753755  -76.875937926
    1.836582370  -77.293118457
    1.845410984  -77.983019336
    1.854239598  -78.877254646
    1.863068213  -79.830441720
    1.871896827  -80.767915204
    1.880725441  -81.710455387
    1.889554056  -82.681809490
    1.898382670  -83.642855252
    1.907211285  -84.519736422
    1.916039899  -85.282068511
    1.924868513  -85.951178955
    1.933697128  -86.570718524
    1.942525742  -87.146141185
    1.951354356  -87.629283875
    1.960182971  -87.964313250
    1.969011585  -88.122954317
    1.977840199  -88.131703584
    1.986668814  -88.019717162
    1.995497428  -87.792399544
    2.004326043  -87.450431258
    2.013154657  -87.026649965
    2.021983271  -86.583354435
    2.030811886  -86.147764236
    2.039640500  -85.652076473
    2.048469114  -84.948981233
    2.057297729  -83.976259777
    2.066126343  -82.879370903
    2.074954957  -81.951089118
    2.083783572  -81.361582682
    2.092612186  -81.096468573
    2.101440801  -81.088325372
    2.110269415  -81.242253210
    2.119098029  -81.410923594
    2.127926644  -81.461726679
    2.136755258  -81.347200770
    2.145583872  -81.101172110
    2.154412487  -80.801128093
    2.163241101  -80.522043674
    2.172069715  -80.307197986
    2.180898330  -80.173088812
    2.189726944  -80.112629068
    2.198555559  -80.103144884
    2.207384173  -80.111336534
    2.216212787  -80.103217166
    2.225041402  -80.062848313
    2.233870016  -79.997016263
    2.242698630  -79.920712185
    2.251527245  -79.846028062
    2.260355859  -79.771654598
    2.269184473  -79.704087878
    2.278013088  -79.664120185
    2.286841702  -79.662816187
    2.295670316  -79.671965609
    2.304498931  -79.623039791
    2.313327545  -79.463060026
    2.322156160  -79.198831662
    2.330984774  -78.897798207
    2.339813388  -78.644719379
    2.348642003  -78.472881940
    2.357470617  -78.342844273
    2.366299231  -78.188267676
    2.375127846  -77.970814922
    2.383956460  -77.703146195
    2.392785074  -77.433249838
    2.401613689  -77.196540473
    2.410442303  -76.996126828
    2.419270918  -76.817978552
    2.428099532  -76.637229996
    2.436928146  -76.434145052
    2.445756761  -76.208733209
    2.454585375  -75.986053675
    2.463413989  -75.790178195
    2.472242604  -75.614230926
    2.481071218  -75.429368553
    2.489899832  -75.208408081
    2.498728447  -74.945136979
    2.507557061  -74.670619102
    2.516385676  -74.441017533
    2.525214290  -74.309973220
    2.534042904  -74.288409882
    2.542871519  -74.343412427
    2.551700133  -74.425721952
    2.560528747  -74.487128737
    2.569357362  -74.483194544
    2.578185976  -74.374037846
    2.587014590  -74.149701143
    2.595843205  -73.853795491
    2.604671819  -73.556538242
    2.613500434  -73.329482797
    2.622329048  -73.216472905
    2.631157662  -73.210980978
    2.639986277  -73.268858121
    2.648814891  -73.333186376
    2.657643505  -73.361565276
    2.666472120  -73.318013660
    2.675300734  -73.184330552
    2.684129348  -72.970941318
    2.692957963  -72.729110152
    2.701786577  -72.535289516
    2.710615191  -72.445239660
    2.719443806  -72.460056896
    2.728272420  -72.535380923
    2.737101035  -72.630622658
    2.745929649  -72.721691018
    2.754758263  -72.791519612
    2.763586878  -72.819786175
    2.772415492  -72.770722984
    2.781244106  -72.625854269
    2.790072721  -72.446105947
    2.798901335  -72.338551153
    2.807729949  -72.376188094
    2.816558564  -72.544293896
    2.825387178  -72.763207203
    2.834215793  -72.910128650
    2.843044407  -72.886671347
    2.851873021  -72.698674905
    2.860701636  -72.444380253
    2.869530250  -72.250307790
    2.878358864  -72.203271054
    2.887187479  -72.306170243
    2.896016093  -72.487115142
    2.904844707  -72.672652539
    2.913673322  -72.839243223
    2.922501936  -73.002071301
    2.931330551  -73.167628348
    2.940159165  -73.317002632
    2.948987779  -73.422253447
    2.957816394  -73.464540285
    2.966645008  -73.440522368
    2.975473622  -73.360403332
    2.984302237  -73.249697280
    2.993130851  -73.139323943
    3.001959465  -73.051782012
    3.010788080  -72.986902836
    3.019616694  -72.950433742
    3.028445309  -72.946869791
    3.037273923  -72.954132792
    3.046102537  -72.905790796
    3.054931152  -72.728946719
    3.063759766  -72.407961789
    3.072588380  -72.026845699
    3.081416995  -71.717831933
    3.090245609  -71.591490599
    3.099074223  -71.652152374
    3.107902838  -71.793942372
    3.116731452  -71.872628201
    3.125560066  -71.809723467
    3.134388681  -71.615267808
    3.143217295  -71.368085645
    3.152045910  -71.154815745
    3.160874524  -71.033362799
    3.169703138  -71.002812069
    3.178531753  -71.014085617
    3.187360367  -70.998573525
    3.196188981  -70.898703720
    3.205017596  -70.704071002
    3.213846210  -70.462551114
    3.222674824  -70.263570212
    3.231503439  -70.174043705
    3.240332053  -70.200663884
    3.249160668  -70.303076757
    3.257989282  -70.418234960
    3.266817896  -70.498472396
    3.275646511  -70.539207503
    3.284475125  -70.547316220
    3.293303739  -70.515316354
    3.302132354  -70.445158350
    3.310960968  -70.369690560
    3.319789582  -70.329575316
    3.328618197  -70.333670879
    3.337446811  -70.332540252
    3.346275426  -70.258907038
    3.355104040  -70.082764794
    3.363932654  -69.845345390
    3.372761269  -69.626416454
    3.381589883  -69.484851021
    3.390418497  -69.433596722
    3.399247112  -69.450067993
    3.408075726  -69.501991277
    3.416904340  -69.565148031
    3.425732955  -69.609432981
    3.434561569  -69.609532859
    3.443390184  -69.554956073
    3.452218798  -69.465678398
    3.461047412  -69.381198462
    3.469876027  -69.326621744
    3.478704641  -69.281679816
    3.487533255  -69.186237076
    3.496361870  -68.956835731
    3.505190484  -68.492991275
    3.514019098  -67.656674630
    3.522847713  -66.282510199
    3.531676327  -64.176896082
    3.540504941  -61.149327901
    3.549333556  -57.069850439
    3.558162170  -51.921409721
    3.566990785  -45.819567262
    3.575819399  -39.022114959
    3.584648013  -31.956692944
    3.593476628  -25.187629604
    3.602305242  -19.325932033
    3.611133856  -14.951976349
    3.619962471  -12.379259785
    3.628791085  -11.192493850
    3.637619699  -10.697849531
    3.646448314  -10.492302973
    3.655276928  -10.407118797
    3.664105543  -10.373278181
    3.672934157  -10.360918134
    3.681762771  -10.356962176
    3.690591386  -10.355780996
    3.699420000  -10.355618878
