#! FIELDS pp.proj projection
#! SET min_pp.proj 0.379861
#! SET max_pp.proj 3.69942
#! SET nbins_pp.proj  377
#! SET periodic_pp.proj false
    0.379861000  -10.355618878
    0.388689614  -10.355618878
    0.397518229  -10.355618878
    0.406346843  -10.355659439
    0.415175457  -10.355811544
    0.424004072  -10.356305151
    0.432832686  -10.357856488
    0.441661301  -10.361993250
    0.450489915  -10.372095343
    0.459318529  -10.393967572
    0.468147144  -10.437646904
    0.476975758  -10.519750377
    0.485804372  -10.669363067
    0.494632987  -10.940830317
    0.503461601  -11.435980492
    0.512290215  -12.325556096
    0.521118830  -13.801263260
    0.529947444  -15.917303169
    0.538776059  -18.511544142
    0.547604673  -21.356704380
    0.556433287  -24.336095881
    0.565261902  -27.474922989
    0.574090516  -30.852343663
    0.582919130  -34.458567177
    0.591747745  -38.108104566
    0.600576359  -41.490999529
    0.609404973  -44.339323212
    0.618233588  -46.596569416
    0.627062202  -48.457774629
    0.635890816  -50.249165039
    0.644719431  -52.236686411
    0.653548045  -54.488577784
    0.662376660  -56.892939584
    0.671205274  -59.265077071
    0.680033888  -61.501966244
    0.688862503  -63.628975705
    0.697691117  -65.722484019
    0.706519731  -67.801500865
    0.715348346  -69.790742091
    0.724176960  -71.604998152
    0.733005574  -73.215767971
    0.741834189  -74.668938977
    0.750662803  -76.019624394
    0.759491418  -77.249032595
    0.768320032  -78.266934441
    0.777148646  -78.987373424
    0.785977261  -79.405087202
    0.794805875  -79.596308417
    0.803634489  -79.640140551
    0.812463104  -79.562967056
    0.821291718  -79.345536729
    0.830120332  -78.979991559
    0.838948947  -78.517897539
    0.847777561  -78.057284549
    0.856606176  -77.658523288
    0.865434790  -77.280562480
    0.874263404  -76.803098240
    0.883092019  -76.125403815
    0.891920633  -75.266197204
    0.900749247  -74.372105277
    0.909577862  -73.671237277
    0.918406476  -73.379205088
    0.927235090  -73.484224511
    0.936063705  -73.753701021
    0.944892319  -74.083980743
    0.953720934  -74.555711271
    0.962549548  -75.239188567
    0.971378162  -76.084999993
    0.980206777  -76.976597337
    0.989035391  -77.842583798
    0.997864005  -78.688595150
    1.006692620  -79.522151566
    1.015521234  -80.271894145
    1.024349848  -80.789050740
    1.033178463  -80.934926094
    1.042007077  -80.683927942
    1.050835691  -80.148838762
    1.059664306  -79.536705592
    1.068492920  -79.010709651
    1.077321535  -78.624220268
    1.086150149  -78.362081555
    1.094978763  -78.191290286
    1.103807378  -78.067789861
    1.112635992  -77.957701795
    1.121464606  -77.870127504
    1.130293221  -77.850256186
    1.139121835  -77.916588978
    1.147950449  -77.986016121
    1.156779064  -77.945824857
    1.165607678  -77.732578760
    1.174436293  -77.361522292
    1.183264907  -76.892340814
    1.192093521  -76.381003298
    1.200922136  -75.841165163
    1.209750750  -75.259456365
    1.218579364  -74.625306076
    1.227407979  -73.972895996
    1.236236593  -73.369427666
    1.245065207  -72.902528444
    1.253893822  -72.651365558
    1.262722436  -72.647941587
    1.271551051  -72.852849668
    1.280379665  -73.168784706
    1.289208279  -73.475397391
    1.298036894  -73.680777065
    1.306865508  -73.740529758
    1.315694122  -73.651138008
    1.324522737  -73.415185075
    1.333351351  -73.031654296
    1.342179965  -72.492492596
    1.351008580  -71.804303106
    1.359837194  -70.982356806
    1.368665809  -70.058781199
    1.377494423  -69.060429454
    1.386323037  -68.035348576
    1.395151652  -67.050498044
    1.403980266  -66.214903839
    1.412808880  -65.655615764
    1.421637495  -65.499792212
    1.430466109  -65.801970181
    1.439294723  -66.391866338
    1.448123338  -66.894004763
    1.456951952  -67.052307423
    1.465780566  -66.917270012
    1.474609181  -66.733092258
    1.483437795  -66.694009060
    1.492266410  -66.801714928
    1.501095024  -66.905419037
    1.509923638  -66.855636633
    1.518752253  -66.643368721
    1.527580867  -66.394907053
    1.536409481  -66.258087990
    1.545238096  -66.280248500
    1.554066710  -66.391401444
    1.562895324  -66.449081431
    1.571723939  -66.359038748
    1.580552553  -66.101315168
    1.589381168  -65.747585709
    1.598209782  -65.408128232
    1.607038396  -65.138717513
    1.615867011  -64.895005281
    1.624695625  -64.576918670
    1.633524239  -64.109485676
    1.642352854  -63.478814822
    1.651181468  -62.734742429
    1.660010082  -61.947288516
    1.668838697  -61.168516768
    1.677667311  -60.409987463
    1.686495926  -59.675243784
    1.695324540  -58.994332947
    1.704153154  -58.439121913
    1.712981769  -58.064320977
    1.721810383  -57.840814252
    1.730638997  -57.670205393
    1.739467612  -57.473664128
    1.748296226  -57.244341202
    1.757124840  -57.029176154
    1.765953455  -56.880618620
    1.774782069  -56.830484451
    1.783610684  -56.885673560
    1.792439298  -56.989923490
    1.801267912  -57.053376316
    1.810096527  -57.036829565
    1.818925141  -56.973693175
    1.827753755  -56.932555714
    1.836582370  -56.996053884
    1.845410984  -57.245237438
    1.854239598  -57.700923718
    1.863068213  -58.304956869
    1.871896827  -58.969176053
    1.880725441  -59.615245263
    1.889554056  -60.185312245
    1.898382670  -60.663589667
    1.907211285  -61.075023649
    1.916039899  -61.459735464
    1.924868513  -61.850650566
    1.933697128  -62.291028128
    1.942525742  -62.823397523
    1.951354356  -63.449522868
    1.960182971  -64.126828114
    1.969011585  -64.795055457
    1.977840199  -65.410141887
    1.986668814  -65.922247142
    1.995497428  -66.287787276
    2.004326043  -66.504775240
    2.013154657  -66.641982327
    2.021983271  -66.824126361
    2.030811886  -67.154728326
    2.039640500  -67.621556669
    2.048469114  -68.069829444
    2.057297729  -68.342132641
    2.066126343  -68.404925537
    2.074954957  -68.355083153
    2.083783572  -68.320623312
    2.092612186  -68.405741430
    2.101440801  -68.649342326
    2.110269415  -68.977477674
    2.119098029  -69.221902089
    2.127926644  -69.237983057
    2.136755258  -69.005812043
    2.145583872  -68.627051962
    2.154412487  -68.238725085
    2.163241101  -67.928119673
    2.172069715  -67.713283635
    2.180898330  -67.571751587
    2.189726944  -67.455784948
    2.198555559  -67.315272302
    2.207384173  -67.120949976
    2.216212787  -66.873278211
    2.225041402  -66.594215371
    2.233870016  -66.293354025
    2.242698630  -65.941684794
    2.251527245  -65.497795016
    2.260355859  -64.955679395
    2.269184473  -64.393095853
    2.278013088  -63.933056529
    2.286841702  -63.648203921
    2.295670316  -63.511862664
    2.304498931  -63.419413587
    2.313327545  -63.252310613
    2.322156160  -62.941194542
    2.330984774  -62.511290108
    2.339813388  -62.072630044
    2.348642003  -61.729892465
    2.357470617  -61.500410958
    2.366299231  -61.314761205
    2.375127846  -61.091037649
    2.383956460  -60.805558435
    2.392785074  -60.496484919
    2.401613689  -60.204884694
    2.410442303  -59.945545125
    2.419270918  -59.715569580
    2.428099532  -59.495877175
    2.436928146  -59.268865876
    2.445756761  -59.032262297
    2.454585375  -58.795893969
    2.463413989  -58.565234100
    2.472242604  -58.331775290
    2.481071218  -58.080016014
    2.489899832  -57.797621032
    2.498728447  -57.486627711
    2.507557061  -57.182197739
    2.516385676  -56.944666728
    2.525214290  -56.831732917
    2.534042904  -56.857569401
    2.542871519  -56.989792832
    2.551700133  -57.186650845
    2.560528747  -57.423272422
    2.569357362  -57.665379098
    2.578185976  -57.841916775
    2.587014590  -57.896208238
    2.595843205  -57.847083189
    2.604671819  -57.762084120
    2.613500434  -57.696594917
    2.622329048  -57.665519659
    2.631157662  -57.657220317
    2.639986277  -57.667296025
    2.648814891  -57.704400839
    2.657643505  -57.778438376
    2.666472120  -57.870505314
    2.675300734  -57.944865361
    2.684129348  -57.968515869
    2.692957963  -57.925438015
    2.701786577  -57.824498063
    2.710615191  -57.691222318
    2.719443806  -57.549056380
    2.728272420  -57.409966064
    2.737101035  -57.291782242
    2.745929649  -57.213170144
    2.754758263  -57.185083742
    2.763586878  -57.213214837
    2.772415492  -57.270786033
    2.781244106  -57.298052528
    2.790072721  -57.267885016
    2.798901335  -57.207508578
    2.807729949  -57.170077487
    2.816558564  -57.184370538
    2.825387178  -57.222733278
    2.834215793  -57.195255853
    2.843044407  -57.035486729
    2.851873021  -56.790128283
    2.860701636  -56.587440506
    2.869530250  -56.541748283
    2.878358864  -56.697006289
    2.887187479  -57.007159281
    2.896016093  -57.346947447
    2.904844707  -57.574924766
    2.913673322  -57.610164257
    2.922501936  -57.464819230
    2.931330551  -57.229371417
    2.940159165  -57.026373065
    2.948987779  -56.950574058
    2.957816394  -57.011676146
    2.966645008  -57.137906899
    2.975473622  -57.227560875
    2.984302237  -57.218077655
    2.993130851  -57.112346817
    3.001959465  -56.966614492
    3.010788080  -56.844287011
    3.019616694  -56.811223576
    3.028445309  -56.920085882
    3.037273923  -57.167297752
    3.046102537  -57.452747402
    3.054931152  -57.623877484
    3.063759766  -57.576734299
    3.072588380  -57.333921019
    3.081416995  -57.011840803
    3.090245609  -56.745827189
    3.099074223  -56.594758863
    3.107902838  -56.519268317
    3.116731452  -56.425347840
    3.125560066  -56.249557440
    3.134388681  -55.998986655
    3.143217295  -55.762640791
    3.152045910  -55.645269397
    3.160874524  -55.711834600
    3.169703138  -55.949370358
    3.178531753  -56.273597282
    3.187360367  -56.550594734
    3.196188981  -56.647236703
    3.205017596  -56.514105213
    3.213846210  -56.222538151
    3.222674824  -55.917669938
    3.231503439  -55.709351703
    3.240332053  -55.622733335
    3.249160668  -55.635782635
    3.257989282  -55.709312803
    3.266817896  -55.793115991
    3.275646511  -55.852280770
    3.284475125  -55.874977074
    3.293303739  -55.854423494
    3.302132354  -55.783354187
    3.310960968  -55.666342066
    3.319789582  -55.513998541
    3.328618197  -55.330506025
    3.337446811  -55.105502971
    3.346275426  -54.838449748
    3.355104040  -54.551366457
    3.363932654  -54.298434609
    3.372761269  -54.133582832
    3.381589883  -54.065081071
    3.390418497  -54.061455693
    3.399247112  -54.092037600
    3.408075726  -54.149742818
    3.416904340  -54.239136489
    3.425732955  -54.339537061
    3.434561569  -54.405299873
    3.443390184  -54.392362420
    3.452218798  -54.297511740
    3.461047412  -54.172847794
    3.469876027  -54.091271829
    3.478704641  -54.098901299
    3.487533255  -54.182552120
    3.496361870  -54.253319954
    3.505190484  -54.131200738
    3.514019098  -53.540507722
    3.522847713  -52.167661562
    3.531676327  -49.744650443
    3.540504941  -46.145450724
    3.549333556  -41.438164304
    3.558162170  -35.886169318
    3.566990785  -29.918340560
    3.575819399  -24.069713481
    3.584648013  -18.907824945
    3.593476628  -14.961011148
    3.602305242  -12.523546426
    3.611133856  -11.312993565
    3.619962471  -10.771518310
    3.628791085  -10.532227083
    3.637619699  -10.426809996
    3.646448314  -10.382349389
    3.655276928  -10.364572454
    3.664105543  -10.358149183
    3.672934157  -10.356258746
    3.681762771  -10.355684996
    3.690591386  -10.355618878
    3.699420000  -10.355618878
