#! FIELDS pp.proj projection
#! SET min_pp.proj 0.48356
#! SET max_pp.proj 3.69657
#! SET nbins_pp.proj  365
#! SET periodic_pp.proj false
    0.483560000  -10.316405469
    0.492386951  -10.316405469
    0.501213901  -10.316405469
    0.510040852  -10.316405469
    0.518867802  -10.316405469
    0.527694753  -10.316405469
    0.536521703  -10.316405469
    0.545348654  -10.316405469
    0.554175604  -10.316405469
    0.563002555  -10.316405469
    0.571829505  -10.316405469
    0.580656456  -10.316405469
    0.589483407  -10.316405469
    0.598310357  -10.316405469
    0.607137308  -10.316405469
    0.615964258  -10.316405469
    0.624791209  -10.316405469
    0.633618159  -10.316405469
    0.642445110  -10.316405469
    0.651272060  -10.316405469
    0.660099011  -10.316405469
    0.668925962  -10.316405469
    0.677752912  -10.316405469
    0.686579863  -10.316405469
    0.695406813  -10.316405469
    0.704233764  -10.316405469
    0.713060714  -10.316405469
    0.721887665  -10.316405469
    0.730714615  -10.316405469
    0.739541566  -10.316405469
    0.748368516  -10.316405469
    0.757195467  -10.316405469
    0.766022418  -10.316405469
    0.774849368  -10.316405469
    0.783676319  -10.316405469
    0.792503269  -10.316405469
    0.801330220  -10.316405469
    0.810157170  -10.316405469
    0.818984121  -10.316405469
    0.827811071  -10.316405469
    0.836638022  -10.316405469
    0.845464973  -10.316405469
    0.854291923  -10.316405469
    0.863118874  -10.316405469
    0.871945824  -10.316405469
    0.880772775  -10.316405469
    0.889599725  -10.316405469
    0.898426676  -10.316405469
    0.907253626  -10.316405469
    0.916080577  -10.316426590
    0.924907527  -10.316493381
    0.933734478  -10.316728552
    0.942561429  -10.317507622
    0.951388379  -10.319744981
    0.960215330  -10.325318745
    0.969042280  -10.338021561
    0.977869231  -10.364383553
    0.986696181  -10.415773851
    0.995523132  -10.512319434
    1.004350082  -10.692631560
    1.013177033  -11.035302957
    1.022003984  -11.699579501
    1.030830934  -12.952244344
    1.039657885  -15.048124730
    1.048484835  -17.959541117
    1.057311786  -21.359564888
    1.066138736  -24.849905833
    1.074965687  -28.096814286
    1.083792637  -30.899007711
    1.092619588  -33.227364453
    1.101446538  -35.211943518
    1.110273489  -37.059238406
    1.119100440  -38.932399222
    1.127927390  -40.854018172
    1.136754341  -42.672661757
    1.145581291  -44.132157374
    1.154408242  -45.005158095
    1.163235192  -45.219252275
    1.172062143  -44.905728866
    1.180889093  -44.333065052
    1.189716044  -43.741471814
    1.198542995  -43.211681013
    1.207369945  -42.638090767
    1.216196896  -41.835847045
    1.225023846  -40.714350556
    1.233850797  -39.376850967
    1.242677747  -38.061904656
    1.251504698  -36.965592707
    1.260331648  -36.109320979
    1.269158599  -35.340312089
    1.277985549  -34.464275518
    1.286812500  -33.379420460
    1.295639451  -32.116410529
    1.304466401  -30.766484852
    1.313293352  -29.406530868
    1.322120302  -28.086959275
    1.330947253  -26.857735061
    1.339774203  -25.803142504
    1.348601154  -25.008678510
    1.357428104  -24.524067334
    1.366255055  -24.382387738
    1.375082005  -24.622541471
    1.383908956  -25.203399138
    1.392735907  -25.913317896
    1.401562857  -26.513043105
    1.410389808  -26.922402173
    1.419216758  -27.234991886
    1.428043709  -27.595615773
    1.436870659  -28.084406962
    1.445697610  -28.674654558
    1.454524560  -29.258717581
    1.463351511  -29.710104860
    1.472178462  -29.932004405
    1.481005412  -29.875633534
    1.489832363  -29.546727360
    1.498659313  -29.018619294
    1.507486264  -28.398398573
    1.516313214  -27.757612907
    1.525140165  -27.061377108
    1.533967115  -26.187628405
    1.542794066  -25.030909112
    1.551621016  -23.618932960
    1.560447967  -22.127661537
    1.569274918  -20.776332136
    1.578101868  -19.685405755
    1.586928819  -18.799692091
    1.595755769  -17.928060192
    1.604582720  -16.869374041
    1.613409670  -15.557730898
    1.622236621  -14.135592336
    1.631063571  -12.872266418
    1.639890522  -11.964665541
    1.648717473  -11.418791302
    1.657544423  -11.125790178
    1.666371374  -10.967048026
    1.675198324  -10.855416429
    1.684025275  -10.745856276
    1.692852225  -10.631842613
    1.701679176  -10.526272334
    1.710506126  -10.442427791
    1.719333077  -10.385165663
    1.728160027  -10.350247291
    1.736986978  -10.331412954
    1.745813929  -10.322361739
    1.754640879  -10.318512411
    1.763467830  -10.316979835
    1.772294780  -10.316569277
    1.781121731  -10.316405469
    1.789948681  -10.316405469
    1.798775632  -10.316405469
    1.807602582  -10.316405469
    1.816429533  -10.316405469
    1.825256484  -10.316405469
    1.834083434  -10.316405469
    1.842910385  -10.316405469
    1.851737335  -10.316405469
    1.860564286  -10.316405469
    1.869391236  -10.316405469
    1.878218187  -10.316405469
    1.887045137  -10.316405469
    1.895872088  -10.316405469
    1.904699038  -10.316405469
    1.913525989  -10.316405469
    1.922352940  -10.316405469
    1.931179890  -10.316405469
    1.940006841  -10.316405469
    1.948833791  -10.316405469
    1.957660742  -10.316405469
    1.966487692  -10.316405469
    1.975314643  -10.316405469
    1.984141593  -10.316405469
    1.992968544  -10.316405469
    2.001795495  -10.316405469
    2.010622445  -10.316405469
    2.019449396  -10.316405469
    2.028276346  -10.316405469
    2.037103297  -10.316405469
    2.045930247  -10.316405469
    2.054757198  -10.316405469
    2.063584148  -10.316405469
    2.072411099  -10.316405469
    2.081238049  -10.316405469
    2.090065000  -10.316405469
    2.098891951  -10.316405469
    2.107718901  -10.316405469
    2.116545852  -10.316405469
    2.125372802  -10.316405469
    2.134199753  -10.316405469
    2.143026703  -10.316405469
    2.151853654  -10.316405469
    2.160680604  -10.316405469
    2.169507555  -10.316405469
    2.178334505  -10.316405469
    2.187161456  -10.316405469
    2.195988407  -10.316405469
    2.204815357  -10.316405469
    2.213642308  -10.316405469
    2.222469258  -10.316405469
    2.231296209  -10.316405469
    2.240123159  -10.316405469
    2.248950110  -10.316405469
    2.257777060  -10.316405469
    2.266604011  -10.316405469
    2.275430962  -10.316405469
    2.284257912  -10.316405469
    2.293084863  -10.316405469
    2.301911813  -10.316405469
    2.310738764  -10.316405469
    2.319565714  -10.316405469
    2.328392665  -10.316405469
    2.337219615  -10.316405469
    2.346046566  -10.316405469
    2.354873516  -10.316405469
    2.363700467  -10.316405469
    2.372527418  -10.316405469
    2.381354368  -10.316405469
    2.390181319  -10.316405469
    2.399008269  -10.316405469
    2.407835220  -10.316405469
    2.416662170  -10.316405469
    2.425489121  -10.316405469
    2.434316071  -10.316405469
    2.443143022  -10.316405469
    2.451969973  -10.316405469
    2.460796923  -10.316405469
    2.469623874  -10.316405469
    2.478450824  -10.316405469
    2.487277775  -10.316405469
    2.496104725  -10.316405469
    2.504931676  -10.316405469
    2.513758626  -10.316405469
    2.522585577  -10.316405469
    2.531412527  -10.316405469
    2.540239478  -10.316405469
    2.549066429  -10.316405469
    2.557893379  -10.316405469
    2.566720330  -10.316405469
    2.575547280  -10.316405469
    2.584374231  -10.316405469
    2.593201181  -10.316405469
    2.602028132  -10.316405469
    2.610855082  -10.316405469
    2.619682033  -10.316405469
    2.628508984  -10.316405469
    2.637335934  -10.316405469
    2.646162885  -10.316405469
    2.654989835  -10.316405469
    2.663816786  -10.316405469
    2.672643736  -10.316405469
    2.681470687  -10.316405469
    2.690297637  -10.316405469
    2.699124588  -10.316405469
    2.707951538  -10.316405469
    2.716778489  -10.316405469
    2.725605440  -10.316405469
    2.734432390  -10.316405469
    2.743259341  -10.316405469
    2.752086291  -10.316405469
    2.760913242  -10.316405469
    2.769740192  -10.316405469
    2.778567143  -10.316405469
    2.787394093  -10.316405469
    2.796221044  -10.316405469
    2.805047995  -10.316405469
    2.813874945  -10.316405469
    2.822701896  -10.316405469
    2.831528846  -10.316405469
    2.840355797  -10.316405469
    2.849182747  -10.316405469
    2.858009698  -10.316405469
    2.866836648  -10.316405469
    2.875663599  -10.316405469
    2.884490549  -10.316405469
    2.893317500  -10.316405469
    2.902144451  -10.316405469
    2.910971401  -10.316405469
    2.919798352  -10.316405469
    2.928625302  -10.316405469
    2.937452253  -10.316405469
    2.946279203  -10.316405469
    2.955106154  -10.316405469
    2.963933104  -10.316405469
    2.972760055  -10.316405469
    2.981587005  -10.316405469
    2.990413956  -10.316405469
    2.999240907  -10.316405469
    3.008067857  -10.316405469
    3.016894808  -10.316405469
    3.025721758  -10.316405469
    3.034548709  -10.316405469
    3.043375659  -10.316405469
    3.052202610  -10.316405469
    3.061029560  -10.316405469
    3.069856511  -10.316405469
    3.078683462  -10.316405469
    3.087510412  -10.316405469
    3.096337363  -10.316405469
    3.105164313  -10.316405469
    3.113991264  -10.316405469
    3.122818214  -10.316405469
    3.131645165  -10.316405469
    3.140472115  -10.316405469
    3.149299066  -10.316405469
    3.158126016  -10.316405469
    3.166952967  -10.316405469
    3.175779918  -10.316405469
    3.184606868  -10.316405469
    3.193433819  -10.316405469
    3.202260769  -10.316405469
    3.211087720  -10.316405469
    3.219914670  -10.316405469
    3.228741621  -10.316405469
    3.237568571  -10.316405469
    3.246395522  -10.316405469
    3.255222473  -10.316405469
    3.264049423  -10.316405469
    3.272876374  -10.316405469
    3.281703324  -10.316405469
    3.290530275  -10.316405469
    3.299357225  -10.316405469
    3.308184176  -10.316405469
    3.317011126  -10.316405469
    3.325838077  -10.316405469
    3.334665027  -10.316405469
    3.343491978  -10.316405469
    3.352318929  -10.316405469
    3.361145879  -10.316405469
    3.369972830  -10.316405469
    3.378799780  -10.316405469
    3.387626731  -10.316405469
    3.396453681  -10.316405469
    3.405280632  -10.316405469
    3.414107582  -10.316405469
    3.422934533  -10.316405469
    3.431761484  -10.316405469
    3.440588434  -10.316405469
    3.449415385  -10.316405469
    3.458242335  -10.316405469
    3.467069286  -10.316405469
    3.475896236  -10.316405469
    3.484723187  -10.316405469
    3.493550137  -10.316405469
    3.502377088  -10.316405469
    3.511204038  -10.316405469
    3.520030989  -10.316405469
    3.528857940  -10.316405469
    3.537684890  -10.316405469
    3.546511841  -10.316405469
    3.555338791  -10.316405469
    3.564165742  -10.316405469
    3.572992692  -10.316405469
    3.581819643  -10.316405469
    3.590646593  -10.316405469
    3.599473544  -10.316405469
    3.608300495  -10.316405469
    3.617127445  -10.316405469
    3.625954396  -10.316405469
    3.634781346  -10.316405469
    3.643608297  -10.316405469
    3.652435247  -10.316405469
    3.661262198  -10.316405469
    3.670089148  -10.316405469
    3.678916099  -10.316405469
    3.687743049  -10.316405469
    3.696570000  -10.316405469
