#! FIELDS pp.proj projection
#! SET min_pp.proj 0.48356
#! SET max_pp.proj 3.69657
#! SET nbins_pp.proj  365
#! SET periodic_pp.proj false
    0.483560000  -10.316405469
    0.492386951  -10.316405469
    0.501213901  -10.316405469
    0.510040852  -10.316405469
    0.518867802  -10.316405469
    0.527694753  -10.316405469
    0.536521703  -10.316405469
    0.545348654  -10.316405469
    0.554175604  -10.316405469
    0.563002555  -10.316405469
    0.571829505  -10.316405469
    0.580656456  -10.316405469
    0.589483407  -10.316405469
    0.598310357  -10.316405469
    0.607137308  -10.316405469
    0.615964258  -10.316405469
    0.624791209  -10.316405469
    0.633618159  -10.316405469
    0.642445110  -10.316405469
    0.651272060  -10.316405469
    0.660099011  -10.316405469
    0.668925962  -10.316405469
    0.677752912  -10.316405469
    0.686579863  -10.316405469
    0.695406813  -10.316405469
    0.704233764  -10.316405469
    0.713060714  -10.316405469
    0.721887665  -10.316405469
    0.730714615  -10.316405469
    0.739541566  -10.316405469
    0.748368516  -10.316405469
    0.757195467  -10.316405469
    0.766022418  -10.316405469
    0.774849368  -10.316405469
    0.783676319  -10.316405469
    0.792503269  -10.316405469
    0.801330220  -10.316405469
    0.810157170  -10.316405469
    0.818984121  -10.316405469
    0.827811071  -10.316405469
    0.836638022  -10.316405469
    0.845464973  -10.316405469
    0.854291923  -10.316405469
    0.863118874  -10.316405469
    0.871945824  -10.316405469
    0.880772775  -10.316405469
    0.889599725  -10.316405469
    0.898426676  -10.316405469
    0.907253626  -10.316405469
    0.916080577  -10.316426590
    0.924907527  -10.316493381
    0.933734478  -10.316728552
    0.942561429  -10.317507622
    0.951388379  -10.319744981
    0.960215330  -10.325318745
    0.969042280  -10.338021561
    0.977869231  -10.364383553
    0.986696181  -10.415773851
    0.995523132  -10.512319434
    1.004350082  -10.692631560
    1.013177033  -11.035302957
    1.022003984  -11.699579501
    1.030830934  -12.952244344
    1.039657885  -15.048124730
    1.048484835  -17.959541117
    1.057311786  -21.359564888
    1.066138736  -24.849909192
    1.074965687  -28.096825508
    1.083792637  -30.899042538
    1.092619588  -33.227462607
    1.101446538  -35.212192035
    1.110273489  -37.059798618
    1.119100440  -38.933517559
    1.127927390  -40.855974615
    1.136754341  -42.675682364
    1.145581291  -44.136347412
    1.154408242  -45.010521382
    1.163235192  -45.225795008
    1.172062143  -44.913594111
    1.180889093  -44.342864255
    1.189716044  -43.754631888
    1.198542995  -43.231031723
    1.207369945  -42.668608656
    1.216196896  -41.885820477
    1.225023846  -40.797484471
    1.233850797  -39.514991366
    1.242677747  -38.290747415
    1.251504698  -37.347417508
    1.260331648  -36.753823819
    1.269158599  -36.416854529
    1.277985549  -36.219266575
    1.286812500  -36.173926677
    1.295639451  -36.429844768
    1.304466401  -37.091859951
    1.313293352  -38.058815644
    1.322120302  -39.032892532
    1.330947253  -39.694918437
    1.339774203  -39.890632742
    1.348601154  -39.677110055
    1.357428104  -39.245911190
    1.366255055  -38.768737828
    1.375082005  -38.312334886
    1.383908956  -37.858022754
    1.392735907  -37.368359833
    1.401562857  -36.834867492
    1.410389808  -36.273860021
    1.419216758  -35.720590096
    1.428043709  -35.229672454
    1.436870659  -34.862662713
    1.445697610  -34.656214186
    1.454524560  -34.582879676
    1.463351511  -34.551803405
    1.472178462  -34.452021482
    1.481005412  -34.223816948
    1.489832363  -33.947257784
    1.498659313  -33.856083261
    1.507486264  -34.089043600
    1.516313214  -34.468586596
    1.525140165  -34.706045856
    1.533967115  -34.711443256
    1.542794066  -34.612201572
    1.551621016  -34.605446531
    1.560447967  -34.821405002
    1.569274918  -35.276191366
    1.578101868  -35.892074573
    1.586928819  -36.545581904
    1.595755769  -37.115905701
    1.604582720  -37.531280551
    1.613409670  -37.800740132
    1.622236621  -38.000901466
    1.631063571  -38.202614609
    1.639890522  -38.423915805
    1.648717473  -38.645801767
    1.657544423  -38.844922391
    1.666371374  -38.990908964
    1.675198324  -39.052500591
    1.684025275  -39.023896033
    1.692852225  -38.911203824
    1.701679176  -38.693799602
    1.710506126  -38.337151549
    1.719333077  -37.817144350
    1.728160027  -37.141705307
    1.736986978  -36.370394675
    1.745813929  -35.613983700
    1.754640879  -35.009537693
    1.763467830  -34.679277443
    1.772294780  -34.661787201
    1.781121731  -34.864448557
    1.789948681  -35.128853555
    1.798775632  -35.364503234
    1.807602582  -35.607846232
    1.816429533  -35.959279370
    1.825256484  -36.465904299
    1.834083434  -37.062226192
    1.842910385  -37.609959716
    1.851737335  -37.980508457
    1.860564286  -38.138098183
    1.869391236  -38.142880148
    1.878218187  -38.098199445
    1.887045137  -38.069906981
    1.895872088  -38.041616083
    1.904699038  -37.918581846
    1.913525989  -37.591528739
    1.922352940  -37.038943025
    1.931179890  -36.383194294
    1.940006841  -35.805307224
    1.948833791  -35.395953111
    1.957660742  -35.096799872
    1.966487692  -34.790166576
    1.975314643  -34.413900903
    1.984141593  -34.002613709
    1.992968544  -33.666310589
    2.001795495  -33.542491780
    2.010622445  -33.713345759
    2.019449396  -34.101620845
    2.028276346  -34.483694830
    2.037103297  -34.618002406
    2.045930247  -34.424631966
    2.054757198  -34.030511585
    2.063584148  -33.678458615
    2.072411099  -33.555019899
    2.081238049  -33.628527589
    2.090065000  -33.716397854
    2.098891951  -33.712088854
    2.107718901  -33.620547023
    2.116545852  -33.485237510
    2.125372802  -33.339906299
    2.134199753  -33.190198699
    2.143026703  -33.015770213
    2.151853654  -32.787996552
    2.160680604  -32.509621731
    2.169507555  -32.243525688
    2.178334505  -32.095233126
    2.187161456  -32.161202205
    2.195988407  -32.472625664
    2.204815357  -32.957617221
    2.213642308  -33.447873006
    2.222469258  -33.770255478
    2.231296209  -33.834824019
    2.240123159  -33.650910241
    2.248950110  -33.280310237
    2.257777060  -32.818613177
    2.266604011  -32.422068049
    2.275430962  -32.242903179
    2.284257912  -32.306385574
    2.293084863  -32.480806825
    2.301911813  -32.580785385
    2.310738764  -32.495371050
    2.319565714  -32.237006529
    2.328392665  -31.893542397
    2.337219615  -31.560004569
    2.346046566  -31.314731986
    2.354873516  -31.216926487
    2.363700467  -31.243391492
    2.372527418  -31.268080153
    2.381354368  -31.136109095
    2.390181319  -30.814914428
    2.399008269  -30.433756361
    2.407835220  -30.185682922
    2.416662170  -30.193371806
    2.425489121  -30.434320997
    2.434316071  -30.740408989
    2.443143022  -30.896370228
    2.451969973  -30.801382515
    2.460796923  -30.554883395
    2.469623874  -30.376754765
    2.478450824  -30.431050804
    2.487277775  -30.711197864
    2.496104725  -31.050053064
    2.504931676  -31.238723329
    2.513758626  -31.154700131
    2.522585577  -30.838703507
    2.531412527  -30.465960768
    2.540239478  -30.230125132
    2.549066429  -30.215727756
    2.557893379  -30.375562200
    2.566720330  -30.592940592
    2.575547280  -30.756644275
    2.584374231  -30.824442577
    2.593201181  -30.820450589
    2.602028132  -30.795916646
    2.610855082  -30.781561674
    2.619682033  -30.772834175
    2.628508984  -30.747030695
    2.637335934  -30.703077339
    2.646162885  -30.677830334
    2.654989835  -30.711147064
    2.663816786  -30.810280308
    2.672643736  -30.951150310
    2.681470687  -31.107282026
    2.690297637  -31.275687064
    2.699124588  -31.471202266
    2.707951538  -31.703692837
    2.716778489  -31.952365819
    2.725605440  -32.151493048
    2.734432390  -32.214668505
    2.743259341  -32.095886617
    2.752086291  -31.827728726
    2.760913242  -31.486261961
    2.769740192  -31.155283551
    2.778567143  -30.919849223
    2.787394093  -30.805135120
    2.796221044  -30.738617740
    2.805047995  -30.637701593
    2.813874945  -30.498529623
    2.822701896  -30.364391270
    2.831528846  -30.258164593
    2.840355797  -30.228812344
    2.849182747  -30.371956287
    2.858009698  -30.708147028
    2.866836648  -31.109991156
    2.875663599  -31.368730938
    2.884490549  -31.334223690
    2.893317500  -30.995626100
    2.902144451  -30.494526424
    2.910971401  -30.039840192
    2.919798352  -29.774591043
    2.928625302  -29.717057989
    2.937452253  -29.782714536
    2.946279203  -29.865993340
    2.955106154  -29.908353533
    2.963933104  -29.912197787
    2.972760055  -29.912266888
    2.981587005  -29.932413682
    2.990413956  -29.973030176
    2.999240907  -30.036877294
    3.008067857  -30.147675914
    3.016894808  -30.321208726
    3.025721758  -30.478924489
    3.034548709  -30.453513936
    3.043375659  -30.111995792
    3.052202610  -29.477625260
    3.061029560  -28.744579235
    3.069856511  -28.171404456
    3.078683462  -27.937569003
    3.087510412  -28.068062386
    3.096337363  -28.449236572
    3.105164313  -28.904659571
    3.113991264  -29.274432507
    3.122818214  -29.463617729
    3.131645165  -29.465063913
    3.140472115  -29.323627332
    3.149299066  -29.104800067
    3.158126016  -28.875882467
    3.166952967  -28.725468373
    3.175779918  -28.747485191
    3.184606868  -28.990081586
    3.193433819  -29.386883895
    3.202260769  -29.767702541
    3.211087720  -29.953728679
    3.219914670  -29.890655907
    3.228741621  -29.695965937
    3.237568571  -29.585883736
    3.246395522  -29.723625216
    3.255222473  -30.108207407
    3.264049423  -30.598416541
    3.272876374  -31.027930955
    3.281703324  -31.305762273
    3.290530275  -31.432410446
    3.299357225  -31.469365889
    3.308184176  -31.489916855
    3.317011126  -31.532306481
    3.325838077  -31.574686129
    3.334665027  -31.565831114
    3.343491978  -31.463305417
    3.352318929  -31.261104868
    3.361145879  -30.978266447
    3.369972830  -30.642928557
    3.378799780  -30.274721542
    3.387626731  -29.891291786
    3.396453681  -29.527704281
    3.405280632  -29.224764156
    3.414107582  -28.984897756
    3.422934533  -28.726076305
    3.431761484  -28.358916440
    3.440588434  -27.910360861
    3.449415385  -27.549371521
    3.458242335  -27.426352616
    3.467069286  -27.529309988
    3.475896236  -27.755226378
    3.484723187  -27.979767353
    3.493550137  -28.041543209
    3.502377088  -27.735622802
    3.511204038  -26.855600509
    3.520030989  -25.246914038
    3.528857940  -22.892623737
    3.537684890  -19.988775580
    3.546511841  -16.949983412
    3.555338791  -14.302652214
    3.564165742  -12.442143959
    3.572992692  -11.369201061
    3.581819643  -10.817444239
    3.590646593  -10.545738964
    3.599473544  -10.415504538
    3.608300495  -10.355924058
    3.617127445  -10.330643649
    3.625954396  -10.320845548
    3.634781346  -10.317639465
    3.643608297  -10.316686207
    3.652435247  -10.316405469
    3.661262198  -10.316405469
    3.670089148  -10.316405469
    3.678916099  -10.316405469
    3.687743049  -10.316405469
    3.696570000  -10.316405469
