#! FIELDS pp.proj projection
#! SET min_pp.proj 0.48356
#! SET max_pp.proj 3.69657
#! SET nbins_pp.proj  365
#! SET periodic_pp.proj false
    0.483560000  -10.316405469
    0.492386951  -10.316405469
    0.501213901  -10.316405469
    0.510040852  -10.316405469
    0.518867802  -10.316405469
    0.527694753  -10.316405469
    0.536521703  -10.316405469
    0.545348654  -10.316405469
    0.554175604  -10.316405469
    0.563002555  -10.316405469
    0.571829505  -10.316405469
    0.580656456  -10.316405469
    0.589483407  -10.316405469
    0.598310357  -10.316405469
    0.607137308  -10.316405469
    0.615964258  -10.316405469
    0.624791209  -10.316405469
    0.633618159  -10.316405469
    0.642445110  -10.316405469
    0.651272060  -10.316405469
    0.660099011  -10.316405469
    0.668925962  -10.316405469
    0.677752912  -10.316405469
    0.686579863  -10.316405469
    0.695406813  -10.316405469
    0.704233764  -10.316405469
    0.713060714  -10.316405469
    0.721887665  -10.316405469
    0.730714615  -10.316405469
    0.739541566  -10.316405469
    0.748368516  -10.316405469
    0.757195467  -10.316405469
    0.766022418  -10.316405469
    0.774849368  -10.316405469
    0.783676319  -10.316405469
    0.792503269  -10.316405469
    0.801330220  -10.316405469
    0.810157170  -10.316405469
    0.818984121  -10.316405469
    0.827811071  -10.316405469
    0.836638022  -10.316405469
    0.845464973  -10.316405469
    0.854291923  -10.316405469
    0.863118874  -10.316405469
    0.871945824  -10.316405469
    0.880772775  -10.316405469
    0.889599725  -10.316405469
    0.898426676  -10.316405469
    0.907253626  -10.316405469
    0.916080577  -10.316426590
    0.924907527  -10.316493381
    0.933734478  -10.316728552
    0.942561429  -10.317507622
    0.951388379  -10.319744981
    0.960215330  -10.325318745
    0.969042280  -10.338021561
    0.977869231  -10.364383553
    0.986696181  -10.415773851
    0.995523132  -10.512319434
    1.004350082  -10.692631560
    1.013177033  -11.035302957
    1.022003984  -11.699579501
    1.030830934  -12.952244344
    1.039657885  -15.048124730
    1.048484835  -17.959541117
    1.057311786  -21.359564888
    1.066138736  -24.849909192
    1.074965687  -28.096825508
    1.083792637  -30.899042538
    1.092619588  -33.227462607
    1.101446538  -35.212192035
    1.110273489  -37.059798618
    1.119100440  -38.933517559
    1.127927390  -40.855974615
    1.136754341  -42.675682364
    1.145581291  -44.136347412
    1.154408242  -45.010521382
    1.163235192  -45.225795008
    1.172062143  -44.913594111
    1.180889093  -44.342864255
    1.189716044  -43.754631888
    1.198542995  -43.231031723
    1.207369945  -42.668610193
    1.216196896  -41.885869046
    1.225023846  -40.797726525
    1.233850797  -39.515953562
    1.242677747  -38.294039298
    1.251504698  -37.357334388
    1.260331648  -36.779826771
    1.269158599  -36.475636463
    1.277985549  -36.333269595
    1.286812500  -36.360698742
    1.295639451  -36.684800208
    1.304466401  -37.392103509
    1.313293352  -38.401481695
    1.322120302  -39.462825122
    1.330947253  -40.290595033
    1.339774203  -40.736211051
    1.348601154  -40.848118587
    1.357428104  -40.817995935
    1.366255055  -40.843145543
    1.375082005  -41.041263830
    1.383908956  -41.450498148
    1.392735907  -42.071945826
    1.401562857  -42.906693403
    1.410389808  -43.941254373
    1.419216758  -45.084577875
    1.428043709  -46.162213266
    1.436870659  -47.029818036
    1.445697610  -47.668599056
    1.454524560  -48.152308595
    1.463351511  -48.558782984
    1.472178462  -48.936731506
    1.481005412  -49.321222683
    1.489832363  -49.744635140
    1.498659313  -50.232979544
    1.507486264  -50.759123883
    1.516313214  -51.231291490
    1.525140165  -51.534724231
    1.533967115  -51.631135463
    1.542794066  -51.573858813
    1.551621016  -51.447854452
    1.560447967  -51.311272215
    1.569274918  -51.163064425
    1.578101868  -50.939836239
    1.586928819  -50.548632621
    1.595755769  -49.949671762
    1.604582720  -49.200546687
    1.613409670  -48.412809090
    1.622236621  -47.688831947
    1.631063571  -47.077141942
    1.639890522  -46.564885807
    1.648717473  -46.087980329
    1.657544423  -45.569297248
    1.666371374  -44.976877533
    1.675198324  -44.358194019
    1.684025275  -43.813822235
    1.692852225  -43.412528260
    1.701679176  -43.121015150
    1.710506126  -42.816221410
    1.719333077  -42.353386662
    1.728160027  -41.647981909
    1.736986978  -40.730831675
    1.745813929  -39.741103760
    1.754640879  -38.855983740
    1.763467830  -38.206816855
    1.772294780  -37.826264282
    1.781121731  -37.651240747
    1.789948681  -37.583941811
    1.798775632  -37.568647219
    1.807602582  -37.623923723
    1.816429533  -37.803952623
    1.825256484  -38.133728955
    1.834083434  -38.571500404
    1.842910385  -39.022508469
    1.851737335  -39.388944186
    1.860564286  -39.645691655
    1.869391236  -39.845481468
    1.878218187  -40.066753533
    1.887045137  -40.341762655
    1.895872088  -40.631565569
    1.904699038  -40.857810640
    1.913525989  -40.964068942
    1.922352940  -40.976181113
    1.931179890  -41.002145187
    1.940006841  -41.133569037
    1.948833791  -41.369451463
    1.957660742  -41.635244998
    1.966487692  -41.852363454
    1.975314643  -41.986886355
    1.984141593  -42.071547595
    1.992968544  -42.187574070
    2.001795495  -42.422562922
    2.010622445  -42.809011666
    2.019449396  -43.261621145
    2.028276346  -43.636836015
    2.037103297  -43.862477500
    2.045930247  -44.000403197
    2.054757198  -44.183225524
    2.063584148  -44.501463966
    2.072411099  -44.918052185
    2.081238049  -45.321820155
    2.090065000  -45.657942765
    2.098891951  -45.977503966
    2.107718901  -46.349909766
    2.116545852  -46.755981313
    2.125372802  -47.069177356
    2.134199753  -47.113465417
    2.143026703  -46.776940794
    2.151853654  -46.075876608
    2.160680604  -45.152444431
    2.169507555  -44.198613626
    2.178334505  -43.381051029
    2.187161456  -42.797977414
    2.195988407  -42.492320593
    2.204815357  -42.458775622
    2.213642308  -42.631115285
    2.222469258  -42.885665593
    2.231296209  -43.073878385
    2.240123159  -43.071012892
    2.248950110  -42.819558707
    2.257777060  -42.363647647
    2.266604011  -41.849846247
    2.275430962  -41.443192135
    2.284257912  -41.209229117
    2.293084863  -41.066711052
    2.301911813  -40.875824291
    2.310738764  -40.562052560
    2.319565714  -40.158889504
    2.328392665  -39.761394310
    2.337219615  -39.461168443
    2.346046566  -39.308291714
    2.354873516  -39.300635782
    2.363700467  -39.351420922
    2.372527418  -39.309810133
    2.381354368  -39.033617114
    2.390181319  -38.501751172
    2.399008269  -37.841963016
    2.407835220  -37.261326964
    2.416662170  -36.924440866
    2.425489121  -36.857235478
    2.434316071  -36.935458003
    2.443143022  -36.974390707
    2.451969973  -36.864909375
    2.460796923  -36.643265940
    2.469623874  -36.451002754
    2.478450824  -36.423932647
    2.487277775  -36.590568670
    2.496104725  -36.827270855
    2.504931676  -36.930202880
    2.513758626  -36.756155810
    2.522585577  -36.337642865
    2.531412527  -35.867172437
    2.540239478  -35.563421787
    2.549066429  -35.526635062
    2.557893379  -35.696590930
    2.566720330  -35.928715993
    2.575547280  -36.080075598
    2.584374231  -36.088297186
    2.593201181  -35.992259833
    2.602028132  -35.895543829
    2.610855082  -35.884646397
    2.619682033  -35.963185016
    2.628508984  -36.056938861
    2.637335934  -36.082833998
    2.646162885  -36.022354499
    2.654989835  -35.911719499
    2.663816786  -35.787810173
    2.672643736  -35.644334582
    2.681470687  -35.455512793
    2.690297637  -35.237857385
    2.699124588  -35.062936657
    2.707951538  -35.001482803
    2.716778489  -35.065679896
    2.725605440  -35.201983924
    2.734432390  -35.325752866
    2.743259341  -35.365099072
    2.752086291  -35.281351551
    2.760913242  -35.077784689
    2.769740192  -34.829205229
    2.778567143  -34.637904518
    2.787394093  -34.507076899
    2.796221044  -34.342505610
    2.805047995  -34.103556553
    2.813874945  -33.871737834
    2.822701896  -33.733487496
    2.831528846  -33.659318163
    2.840355797  -33.616304499
    2.849182747  -33.667038947
    2.858009698  -33.853439999
    2.866836648  -34.091734835
    2.875663599  -34.211193746
    2.884490549  -34.086869874
    2.893317500  -33.720331509
    2.902144451  -33.258460633
    2.910971401  -32.916513244
    2.919798352  -32.841074888
    2.928625302  -33.023503302
    2.937452253  -33.306510109
    2.946279203  -33.487968411
    2.955106154  -33.440841171
    2.963933104  -33.166824020
    2.972760055  -32.767772292
    2.981587005  -32.360033684
    2.990413956  -32.023296149
    2.999240907  -31.808789656
    3.008067857  -31.756290097
    3.016894808  -31.877889242
    3.025721758  -32.096689125
    3.034548709  -32.261792078
    3.043375659  -32.251031871
    3.052202610  -32.057202128
    3.061029560  -31.781985383
    3.069856511  -31.551754253
    3.078683462  -31.453800670
    3.087510412  -31.522875163
    3.096337363  -31.741318198
    3.105164313  -32.052788239
    3.113991264  -32.392233473
    3.122818214  -32.713546529
    3.131645165  -33.007034893
    3.140472115  -33.274478206
    3.149299066  -33.518197177
    3.158126016  -33.747250206
    3.166952967  -34.005432805
    3.175779918  -34.343107075
    3.184606868  -34.771611008
    3.193433819  -35.205912848
    3.202260769  -35.490372120
    3.211087720  -35.487804767
    3.219914670  -35.191747483
    3.228741621  -34.748291912
    3.237568571  -34.374729552
    3.246395522  -34.226353273
    3.255222473  -34.312117042
    3.264049423  -34.516031220
    3.272876374  -34.689954493
    3.281703324  -34.746947700
    3.290530275  -34.699702157
    3.299357225  -34.630681800
    3.308184176  -34.620848214
    3.317011126  -34.693609601
    3.325838077  -34.800375413
    3.334665027  -34.865815215
    3.343491978  -34.834622922
    3.352318929  -34.713281270
    3.361145879  -34.549472265
    3.369972830  -34.392201343
    3.378799780  -34.257579990
    3.387626731  -34.147180490
    3.396453681  -34.086847732
    3.405280632  -34.101416373
    3.414107582  -34.158737952
    3.422934533  -34.149024853
    3.431761484  -33.991303039
    3.440588434  -33.742409975
    3.449415385  -33.597790055
    3.458242335  -33.694304858
    3.467069286  -33.959807156
    3.475896236  -34.260137786
    3.484723187  -34.498187934
    3.493550137  -34.560791494
    3.502377088  -34.288125969
    3.511204038  -33.499101212
    3.520030989  -31.999506663
    3.528857940  -29.649610601
    3.537684890  -26.480332788
    3.546511841  -22.758401320
    3.555338791  -18.937982937
    3.564165742  -15.568803359
    3.572992692  -13.116732582
    3.581819643  -11.676097103
    3.590646593  -10.949643759
    3.599473544  -10.603586414
    3.608300495  -10.441600257
    3.617127445  -10.367847705
    3.625954396  -10.335811499
    3.634781346  -10.323118097
    3.643608297  -10.318415388
    3.652435247  -10.316850208
    3.661262198  -10.316531991
    3.670089148  -10.316405469
    3.678916099  -10.316405469
    3.687743049  -10.316405469
    3.696570000  -10.316405469
