#! FIELDS pp.proj projection
#! SET min_pp.proj 0.48356
#! SET max_pp.proj 3.69657
#! SET nbins_pp.proj  365
#! SET periodic_pp.proj false
    0.483560000  -10.316405469
    0.492386951  -10.316405469
    0.501213901  -10.316405469
    0.510040852  -10.316405469
    0.518867802  -10.316405469
    0.527694753  -10.316405469
    0.536521703  -10.316405469
    0.545348654  -10.316405469
    0.554175604  -10.316405469
    0.563002555  -10.316405469
    0.571829505  -10.316405469
    0.580656456  -10.316405469
    0.589483407  -10.316405469
    0.598310357  -10.316405469
    0.607137308  -10.316405469
    0.615964258  -10.316405469
    0.624791209  -10.316405469
    0.633618159  -10.316405469
    0.642445110  -10.316405469
    0.651272060  -10.316405469
    0.660099011  -10.316405469
    0.668925962  -10.316405469
    0.677752912  -10.316405469
    0.686579863  -10.316405469
    0.695406813  -10.316405469
    0.704233764  -10.316405469
    0.713060714  -10.316405469
    0.721887665  -10.316405469
    0.730714615  -10.316405469
    0.739541566  -10.316405469
    0.748368516  -10.316405469
    0.757195467  -10.316405469
    0.766022418  -10.316405469
    0.774849368  -10.316405469
    0.783676319  -10.316405469
    0.792503269  -10.316405469
    0.801330220  -10.316405469
    0.810157170  -10.316405469
    0.818984121  -10.316405469
    0.827811071  -10.316405469
    0.836638022  -10.316405469
    0.845464973  -10.316405469
    0.854291923  -10.316405469
    0.863118874  -10.316405469
    0.871945824  -10.316405469
    0.880772775  -10.316405469
    0.889599725  -10.316405469
    0.898426676  -10.316405469
    0.907253626  -10.316405469
    0.916080577  -10.316426590
    0.924907527  -10.316493381
    0.933734478  -10.316728552
    0.942561429  -10.317507622
    0.951388379  -10.319744981
    0.960215330  -10.325318745
    0.969042280  -10.338021561
    0.977869231  -10.364383553
    0.986696181  -10.415773851
    0.995523132  -10.512319434
    1.004350082  -10.692631560
    1.013177033  -11.035302957
    1.022003984  -11.699579501
    1.030830934  -12.952244344
    1.039657885  -15.048124730
    1.048484835  -17.959541117
    1.057311786  -21.359564888
    1.066138736  -24.849909192
    1.074965687  -28.096825508
    1.083792637  -30.899042538
    1.092619588  -33.227462607
    1.101446538  -35.212192035
    1.110273489  -37.059798618
    1.119100440  -38.933517559
    1.127927390  -40.855974615
    1.136754341  -42.675682364
    1.145581291  -44.136347412
    1.154408242  -45.010521382
    1.163235192  -45.225795008
    1.172062143  -44.913594111
    1.180889093  -44.342864255
    1.189716044  -43.754631888
    1.198542995  -43.231031723
    1.207369945  -42.668610193
    1.216196896  -41.885869046
    1.225023846  -40.797726525
    1.233850797  -39.515953562
    1.242677747  -38.294039298
    1.251504698  -37.357334388
    1.260331648  -36.779826771
    1.269158599  -36.475636463
    1.277985549  -36.333269595
    1.286812500  -36.360698742
    1.295639451  -36.684800208
    1.304466401  -37.392103509
    1.313293352  -38.401481695
    1.322120302  -39.462825122
    1.330947253  -40.290595033
    1.339774203  -40.736211051
    1.348601154  -40.848118587
    1.357428104  -40.817995935
    1.366255055  -40.843145543
    1.375082005  -41.041263830
    1.383908956  -41.450498148
    1.392735907  -42.071945826
    1.401562857  -42.906693403
    1.410389808  -43.941254373
    1.419216758  -45.084577875
    1.428043709  -46.162213266
    1.436870659  -47.029818036
    1.445697610  -47.668599056
    1.454524560  -48.152308595
    1.463351511  -48.558782984
    1.472178462  -48.936731506
    1.481005412  -49.321222683
    1.489832363  -49.744635140
    1.498659313  -50.232979544
    1.507486264  -50.759123883
    1.516313214  -51.231291490
    1.525140165  -51.534724231
    1.533967115  -51.631135463
    1.542794066  -51.573858813
    1.551621016  -51.447854452
    1.560447967  -51.311272215
    1.569274918  -51.163064425
    1.578101868  -50.939836239
    1.586928819  -50.548632621
    1.595755769  -49.949671762
    1.604582720  -49.200546687
    1.613409670  -48.412809090
    1.622236621  -47.688831947
    1.631063571  -47.077141942
    1.639890522  -46.564885807
    1.648717473  -46.087980329
    1.657544423  -45.569297248
    1.666371374  -44.976877533
    1.675198324  -44.358194019
    1.684025275  -43.813822235
    1.692852225  -43.412528260
    1.701679176  -43.121015150
    1.710506126  -42.816221410
    1.719333077  -42.353386662
    1.728160027  -41.647981909
    1.736986978  -40.730831675
    1.745813929  -39.741103760
    1.754640879  -38.855983740
    1.763467830  -38.206816855
    1.772294780  -37.826264282
    1.781121731  -37.651240747
    1.789948681  -37.583941811
    1.798775632  -37.568647219
    1.807602582  -37.623923723
    1.816429533  -37.803952623
    1.825256484  -38.133728955
    1.834083434  -38.571500404
    1.842910385  -39.022508469
    1.851737335  -39.388944186
    1.860564286  -39.645691655
    1.869391236  -39.845481468
    1.878218187  -40.066753533
    1.887045137  -40.341729103
    1.895872088  -40.631405944
    1.904699038  -40.857185999
    1.913525989  -40.961924801
    1.922352940  -40.970172362
    1.931179890  -40.988106841
    1.940006841  -41.105371469
    1.948833791  -41.318542804
    1.957660742  -41.549652533
    1.966487692  -41.714392323
    1.975314643  -41.768783104
    1.984141593  -41.728212150
    1.992968544  -41.645572193
    2.001795495  -41.574611095
    2.010622445  -41.546236133
    2.019449396  -41.548490802
    2.028276346  -41.530202312
    2.037103297  -41.421320932
    2.045930247  -41.205170709
    2.054757198  -40.925404927
    2.063584148  -40.639012283
    2.072411099  -40.373654620
    2.081238049  -40.112564586
    2.090065000  -39.789517434
    2.098891951  -39.343712894
    2.107718901  -38.777011120
    2.116545852  -38.177632854
    2.125372802  -37.658850874
    2.134199753  -37.280850920
    2.143026703  -37.029643979
    2.151853654  -36.845861549
    2.160680604  -36.669621109
    2.169507555  -36.456367493
    2.178334505  -36.185485548
    2.187161456  -35.904286343
    2.195988407  -35.755579934
    2.204815357  -35.858362988
    2.213642308  -36.129572707
    2.222469258  -36.360873619
    2.231296209  -36.395379732
    2.240123159  -36.203505788
    2.248950110  -35.855941660
    2.257777060  -35.455768498
    2.266604011  -35.096858674
    2.275430962  -34.835109432
    2.284257912  -34.677072177
    2.293084863  -34.572621018
    2.301911813  -34.433516215
    2.310738764  -34.204318070
    2.319565714  -33.910816327
    2.328392665  -33.639310874
    2.337219615  -33.485755782
    2.346046566  -33.523211681
    2.354873516  -33.779487242
    2.363700467  -34.174065454
    2.372527418  -34.522219138
    2.381354368  -34.628187809
    2.390181319  -34.443368758
    2.399008269  -34.111316423
    2.407835220  -33.862958691
    2.416662170  -33.846703708
    2.425489121  -34.027807649
    2.434316071  -34.220263746
    2.443143022  -34.223109998
    2.451969973  -33.979202925
    2.460796923  -33.628572857
    2.469623874  -33.400033523
    2.478450824  -33.419932445
    2.487277775  -33.645241780
    2.496104725  -33.927211372
    2.504931676  -34.103529048
    2.513758626  -34.060452169
    2.522585577  -33.808894737
    2.531412527  -33.495006715
    2.540239478  -33.303818361
    2.549066429  -33.317496009
    2.557893379  -33.475391594
    2.566720330  -33.648423422
    2.575547280  -33.725593361
    2.584374231  -33.673795240
    2.593201181  -33.537628021
    2.602028132  -33.399390195
    2.610855082  -33.315063493
    2.619682033  -33.276776064
    2.628508984  -33.236571408
    2.637335934  -33.166034883
    2.646162885  -33.094328131
    2.654989835  -33.066746110
    2.663816786  -33.084863422
    2.672643736  -33.092323844
    2.681470687  -33.043971376
    2.690297637  -32.971836117
    2.699124588  -32.956122370
    2.707951538  -33.041949391
    2.716778489  -33.195449689
    2.725605440  -33.321205388
    2.734432390  -33.318290104
    2.743259341  -33.149598502
    2.752086291  -32.861912367
    2.760913242  -32.521645174
    2.769740192  -32.181489266
    2.778567143  -31.909527081
    2.787394093  -31.752455487
    2.796221044  -31.686968050
    2.805047995  -31.678338968
    2.813874945  -31.728789917
    2.822701896  -31.817795985
    2.831528846  -31.872011979
    2.840355797  -31.882932954
    2.849182747  -31.948227238
    2.858009698  -32.135479431
    2.866836648  -32.380842529
    2.875663599  -32.529953400
    2.884490549  -32.464655985
    2.893317500  -32.181960080
    2.902144451  -31.811520024
    2.910971401  -31.536330409
    2.919798352  -31.469811753
    2.928625302  -31.592304009
    2.937452253  -31.770854318
    2.946279203  -31.855455598
    2.955106154  -31.774152662
    2.963933104  -31.554414652
    2.972760055  -31.281996784
    2.981587005  -31.029621075
    2.990413956  -30.836251542
    2.999240907  -30.734510465
    3.008067857  -30.768061954
    3.016894808  -30.967883414
    3.025721758  -31.270259784
    3.034548709  -31.514048290
    3.043375659  -31.549273600
    3.052202610  -31.347635637
    3.061029560  -31.017915674
    3.069856511  -30.720295772
    3.078683462  -30.578539703
    3.087510412  -30.642610371
    3.096337363  -30.892645008
    3.105164313  -31.264973126
    3.113991264  -31.685509386
    3.122818214  -32.085340287
    3.131645165  -32.421290088
    3.140472115  -32.661143131
    3.149299066  -32.787176110
    3.158126016  -32.808158347
    3.166952967  -32.791019704
    3.175779918  -32.829380210
    3.184606868  -32.983610072
    3.193433819  -33.202249671
    3.202260769  -33.338476342
    3.211087720  -33.245195768
    3.219914670  -32.901130760
    3.228741621  -32.442676272
    3.237568571  -32.084790783
    3.246395522  -31.983334786
    3.255222473  -32.149842151
    3.264049423  -32.467873160
    3.272876374  -32.774059793
    3.281703324  -32.946492029
    3.290530275  -32.951222577
    3.299357225  -32.835526564
    3.308184176  -32.687196091
    3.317011126  -32.579186708
    3.325838077  -32.524028478
    3.334665027  -32.482295816
    3.343491978  -32.392741098
    3.352318929  -32.220957582
    3.361145879  -31.968869332
    3.369972830  -31.663134654
    3.378799780  -31.324373646
    3.387626731  -30.960163724
    3.396453681  -30.589453432
    3.405280632  -30.244595293
    3.414107582  -29.936146124
    3.422934533  -29.603257552
    3.431761484  -29.180321247
    3.440588434  -28.706777144
    3.449415385  -28.342778668
    3.458242335  -28.214592420
    3.467069286  -28.291252489
    3.475896236  -28.465939987
    3.484723187  -28.614493578
    3.493550137  -28.575035398
    3.502377088  -28.149740483
    3.511204038  -27.148426191
    3.520030989  -25.433854000
    3.528857940  -22.999360388
    3.537684890  -20.042368829
    3.546511841  -16.972947711
    3.555338791  -14.310590539
    3.564165742  -12.444320511
    3.572992692  -11.369714271
    3.581819643  -10.817556489
    3.590646593  -10.545738964
    3.599473544  -10.415504538
    3.608300495  -10.355924058
    3.617127445  -10.330643649
    3.625954396  -10.320845548
    3.634781346  -10.317639465
    3.643608297  -10.316686207
    3.652435247  -10.316405469
    3.661262198  -10.316405469
    3.670089148  -10.316405469
    3.678916099  -10.316405469
    3.687743049  -10.316405469
    3.696570000  -10.316405469
