#! FIELDS pp.proj projection
#! SET min_pp.proj 0.48356
#! SET max_pp.proj 3.69657
#! SET nbins_pp.proj  365
#! SET periodic_pp.proj false
    0.483560000  -10.317015384
    0.492386951  -10.318571460
    0.501213901  -10.323367190
    0.510040852  -10.336370054
    0.518867802  -10.368669670
    0.527694753  -10.443067225
    0.536521703  -10.609078579
    0.545348654  -10.978983851
    0.554175604  -11.811208110
    0.563002555  -13.569514756
    0.571829505  -16.609843912
    0.580656456  -20.690432819
    0.589483407  -25.215254231
    0.598310357  -29.594558372
    0.607137308  -33.335700252
    0.615964258  -36.140329345
    0.624791209  -37.998728980
    0.633618159  -39.159074063
    0.642445110  -39.955810865
    0.651272060  -40.610712665
    0.660099011  -41.168207705
    0.668925962  -41.643458058
    0.677752912  -42.275028105
    0.686579863  -43.448569992
    0.695406813  -45.085016988
    0.704233764  -46.822749950
    0.713060714  -48.568820941
    0.721887665  -50.431300879
    0.730714615  -52.487440576
    0.739541566  -54.657412221
    0.748368516  -56.755608503
    0.757195467  -58.611031000
    0.766022418  -60.175218313
    0.774849368  -61.514474427
    0.783676319  -62.726214002
    0.792503269  -63.836423352
    0.801330220  -64.765412577
    0.810157170  -65.393813107
    0.818984121  -65.650302729
    0.827811071  -65.557242499
    0.836638022  -65.222811902
    0.845464973  -64.796141388
    0.854291923  -64.431602367
    0.863118874  -64.283074643
    0.871945824  -64.456655194
    0.880772775  -64.930729810
    0.889599725  -65.539062555
    0.898426676  -66.067761749
    0.907253626  -66.407644891
    0.916080577  -66.652435993
    0.924907527  -67.082761368
    0.933734478  -68.016322318
    0.942561429  -69.598680642
    0.951388379  -71.689285323
    0.960215330  -74.010971340
    0.969042280  -76.353787343
    0.977869231  -78.599051740
    0.986696181  -80.683364324
    0.995523132  -82.559287448
    1.004350082  -84.193115852
    1.013177033  -85.562514310
    1.022003984  -86.661597708
    1.030830934  -87.493789133
    1.039657885  -88.079557968
    1.048484835  -88.457321169
    1.057311786  -88.665912593
    1.066138736  -88.727809270
    1.074965687  -88.619623915
    1.083792637  -88.306787300
    1.092619588  -87.771392864
    1.101446538  -87.038059093
    1.110273489  -86.173110752
    1.119100440  -85.239590032
    1.127927390  -84.276647314
    1.136754341  -83.288649101
    1.145581291  -82.286534135
    1.154408242  -81.310816114
    1.163235192  -80.441535201
    1.172062143  -79.751159792
    1.180889093  -79.237033783
    1.189716044  -78.836620825
    1.198542995  -78.510103028
    1.207369945  -78.305104193
    1.216196896  -78.321158269
    1.225023846  -78.582305520
    1.233850797  -78.955898883
    1.242677747  -79.244472167
    1.251504698  -79.343759766
    1.260331648  -79.342514108
    1.269158599  -79.426349538
    1.277985549  -79.689839302
    1.286812500  -80.067262966
    1.295639451  -80.454889782
    1.304466401  -80.808622202
    1.313293352  -81.150206941
    1.322120302  -81.529433342
    1.330947253  -81.969416323
    1.339774203  -82.480176601
    1.348601154  -83.042208620
    1.357428104  -83.566005429
    1.366255055  -83.881286376
    1.375082005  -83.835151822
    1.383908956  -83.403745448
    1.392735907  -82.710257977
    1.401562857  -81.934531995
    1.410389808  -81.195444509
    1.419216758  -80.513392310
    1.428043709  -79.852844581
    1.436870659  -79.186901704
    1.445697610  -78.509236807
    1.454524560  -77.805675280
    1.463351511  -77.039719555
    1.472178462  -76.191592755
    1.481005412  -75.303061364
    1.489832363  -74.481958911
    1.498659313  -73.866149000
    1.507486264  -73.507504933
    1.516313214  -73.307260103
    1.525140165  -73.096621477
    1.533967115  -72.821579572
    1.542794066  -72.565952427
    1.551621016  -72.419429190
    1.560447967  -72.382958493
    1.569274918  -72.414265797
    1.578101868  -72.469466293
    1.586928819  -72.505738632
    1.595755769  -72.498447542
    1.604582720  -72.471686317
    1.613409670  -72.487221545
    1.622236621  -72.625549515
    1.631063571  -72.954131999
    1.639890522  -73.453712191
    1.648717473  -73.991751601
    1.657544423  -74.418025424
    1.666371374  -74.681244947
    1.675198324  -74.840041423
    1.684025275  -74.970535753
    1.692852225  -75.094096621
    1.701679176  -75.181229360
    1.710506126  -75.199082716
    1.719333077  -75.144077819
    1.728160027  -75.038331385
    1.736986978  -74.895915504
    1.745813929  -74.721869640
    1.754640879  -74.507799766
    1.763467830  -74.249830446
    1.772294780  -73.949627698
    1.781121731  -73.613098855
    1.789948681  -73.257259894
    1.798775632  -72.918490231
    1.807602582  -72.644887505
    1.816429533  -72.472904276
    1.825256484  -72.419493772
    1.834083434  -72.475099887
    1.842910385  -72.591770822
    1.851737335  -72.684471070
    1.860564286  -72.682527246
    1.869391236  -72.587161871
    1.878218187  -72.471099023
    1.887045137  -72.415743848
    1.895872088  -72.438129817
    1.904699038  -72.485693286
    1.913525989  -72.500870233
    1.922352940  -72.495937548
    1.931179890  -72.548910044
    1.940006841  -72.724736632
    1.948833791  -73.023541721
    1.957660742  -73.377776257
    1.966487692  -73.698622152
    1.975314643  -73.931910926
    1.984141593  -74.095014274
    1.992968544  -74.269732946
    2.001795495  -74.537173706
    2.010622445  -74.911256082
    2.019449396  -75.318115669
    2.028276346  -75.660484954
    2.037103297  -75.882379862
    2.045930247  -76.008114562
    2.054757198  -76.105075102
    2.063584148  -76.221403838
    2.072411099  -76.352954172
    2.081238049  -76.453571339
    2.090065000  -76.465234215
    2.098891951  -76.370241777
    2.107718901  -76.197225569
    2.116545852  -76.022524427
    2.125372802  -75.932799858
    2.134199753  -75.978488745
    2.143026703  -76.150253289
    2.151853654  -76.377922758
    2.160680604  -76.573091548
    2.169507555  -76.660736861
    2.178334505  -76.601964752
    2.187161456  -76.406015146
    2.195988407  -76.132696567
    2.204815357  -75.875624778
    2.213642308  -75.720649936
    2.222469258  -75.713689393
    2.231296209  -75.835276934
    2.240123159  -76.009207812
    2.248950110  -76.152929698
    2.257777060  -76.214893068
    2.266604011  -76.203016230
    2.275430962  -76.148950719
    2.284257912  -76.054014093
    2.293084863  -75.881412487
    2.301911813  -75.600989895
    2.310738764  -75.237638583
    2.319565714  -74.869036371
    2.328392665  -74.573197435
    2.337219615  -74.379217015
    2.346046566  -74.264278024
    2.354873516  -74.202019139
    2.363700467  -74.166394254
    2.372527418  -74.126436044
    2.381354368  -74.027206321
    2.390181319  -73.832345860
    2.399008269  -73.565449847
    2.407835220  -73.320054569
    2.416662170  -73.206922703
    2.425489121  -73.266113822
    2.434316071  -73.436235816
    2.443143022  -73.583909580
    2.451969973  -73.582540175
    2.460796923  -73.404913914
    2.469623874  -73.149920888
    2.478450824  -72.967154499
    2.487277775  -72.942052255
    2.496104725  -73.043340832
    2.504931676  -73.150622607
    2.513758626  -73.138831552
    2.522585577  -72.982666587
    2.531412527  -72.754120927
    2.540239478  -72.551395968
    2.549066429  -72.431883037
    2.557893379  -72.402254064
    2.566720330  -72.437702425
    2.575547280  -72.488460825
    2.584374231  -72.510117349
    2.593201181  -72.475441075
    2.602028132  -72.386537335
    2.610855082  -72.272092896
    2.619682033  -72.159640695
    2.628508984  -72.052921790
    2.637335934  -71.933634385
    2.646162885  -71.792833489
    2.654989835  -71.644399708
    2.663816786  -71.522007422
    2.672643736  -71.452437844
    2.681470687  -71.421863183
    2.690297637  -71.385515222
    2.699124588  -71.307063675
    2.707951538  -71.186012915
    2.716778489  -71.053453229
    2.725605440  -70.938282485
    2.734432390  -70.845383801
    2.743259341  -70.771765317
    2.752086291  -70.732313987
    2.760913242  -70.742202144
    2.769740192  -70.800806713
    2.778567143  -70.903040339
    2.787394093  -71.029375007
    2.796221044  -71.126673416
    2.805047995  -71.138065086
    2.813874945  -71.046347239
    2.822701896  -70.890230010
    2.831528846  -70.731684491
    2.840355797  -70.631535104
    2.849182747  -70.635892840
    2.858009698  -70.734291194
    2.866836648  -70.854680224
    2.875663599  -70.901468976
    2.884490549  -70.815917747
    2.893317500  -70.603126272
    2.902144451  -70.341190514
    2.910971401  -70.139473782
    2.919798352  -70.070037910
    2.928625302  -70.131553440
    2.937452253  -70.241174545
    2.946279203  -70.289203384
    2.955106154  -70.213111076
    2.963933104  -70.037931375
    2.972760055  -69.851789945
    2.981587005  -69.737958312
    2.990413956  -69.721337509
    2.999240907  -69.767284117
    3.008067857  -69.823964965
    3.016894808  -69.857625462
    3.025721758  -69.850274217
    3.034548709  -69.796229103
    3.043375659  -69.701431291
    3.052202610  -69.584292637
    3.061029560  -69.483932313
    3.069856511  -69.433839150
    3.078683462  -69.427804597
    3.087510412  -69.416545832
    3.096337363  -69.350242585
    3.105164313  -69.228094172
    3.113991264  -69.089508130
    3.122818214  -68.975618530
    3.131645165  -68.933376862
    3.140472115  -68.980882152
    3.149299066  -69.070639278
    3.158126016  -69.112460438
    3.166952967  -69.065922078
    3.175779918  -68.979984508
    3.184606868  -68.940367156
    3.193433819  -68.967540019
    3.202260769  -68.991761910
    3.211087720  -68.906914620
    3.219914670  -68.675623599
    3.228741621  -68.384513023
    3.237568571  -68.195705312
    3.246395522  -68.209547156
    3.255222473  -68.375400872
    3.264049423  -68.529948558
    3.272876374  -68.522144961
    3.281703324  -68.305474210
    3.290530275  -67.960404642
    3.299357225  -67.631489504
    3.308184176  -67.428007843
    3.317011126  -67.372224144
    3.325838077  -67.409691023
    3.334665027  -67.472291207
    3.343491978  -67.509998015
    3.352318929  -67.512629184
    3.361145879  -67.491199054
    3.369972830  -67.456148285
    3.378799780  -67.409911292
    3.387626731  -67.363978551
    3.396453681  -67.352813865
    3.405280632  -67.403853638
    3.414107582  -67.502228034
    3.422934533  -67.559755013
    3.431761484  -67.482492963
    3.440588434  -67.281105779
    3.449415385  -67.093738739
    3.458242335  -67.057909940
    3.467069286  -67.205441286
    3.475896236  -67.504293819
    3.484723187  -67.869031352
    3.493550137  -68.115869408
    3.502377088  -68.014386080
    3.511204038  -67.405989544
    3.520030989  -66.201902416
    3.528857940  -64.292759816
    3.537684890  -61.512540866
    3.546511841  -57.682689780
    3.555338791  -52.709959461
    3.564165742  -46.697975956
    3.572992692  -39.979544686
    3.581819643  -33.060613296
    3.590646593  -26.487084615
    3.599473544  -20.737393314
    3.608300495  -16.215306390
    3.617127445  -13.219990725
    3.625954396  -11.626685202
    3.634781346  -10.894838427
    3.643608297  -10.569066620
    3.652435247  -10.422969811
    3.661262198  -10.358864997
    3.670089148  -10.331846831
    3.678916099  -10.321410971
    3.687743049  -10.317824688
    3.696570000  -10.316672486
