#! FIELDS pp.proj projection
#! SET min_pp.proj 0.48356
#! SET max_pp.proj 3.69657
#! SET nbins_pp.proj  365
#! SET periodic_pp.proj false
    0.483560000  -10.316405469
    0.492386951  -10.316405469
    0.501213901  -10.316405469
    0.510040852  -10.316405469
    0.518867802  -10.316405469
    0.527694753  -10.316405469
    0.536521703  -10.316405469
    0.545348654  -10.316405469
    0.554175604  -10.316405469
    0.563002555  -10.316405469
    0.571829505  -10.316405469
    0.580656456  -10.316405469
    0.589483407  -10.316405469
    0.598310357  -10.316405469
    0.607137308  -10.316405469
    0.615964258  -10.316405469
    0.624791209  -10.316405469
    0.633618159  -10.316405469
    0.642445110  -10.316405469
    0.651272060  -10.316405469
    0.660099011  -10.316405469
    0.668925962  -10.316405469
    0.677752912  -10.316405469
    0.686579863  -10.316405469
    0.695406813  -10.316405469
    0.704233764  -10.316405469
    0.713060714  -10.316405469
    0.721887665  -10.316405469
    0.730714615  -10.316405469
    0.739541566  -10.316405469
    0.748368516  -10.316405469
    0.757195467  -10.316405469
    0.766022418  -10.316405469
    0.774849368  -10.316405469
    0.783676319  -10.316405469
    0.792503269  -10.316405469
    0.801330220  -10.316405469
    0.810157170  -10.316405469
    0.818984121  -10.316405469
    0.827811071  -10.316405469
    0.836638022  -10.316405469
    0.845464973  -10.316405469
    0.854291923  -10.316405469
    0.863118874  -10.316405469
    0.871945824  -10.316405469
    0.880772775  -10.316405469
    0.889599725  -10.316405469
    0.898426676  -10.316405469
    0.907253626  -10.316405469
    0.916080577  -10.316426590
    0.924907527  -10.316493381
    0.933734478  -10.316728552
    0.942561429  -10.317507622
    0.951388379  -10.319744981
    0.960215330  -10.325318745
    0.969042280  -10.338021561
    0.977869231  -10.364383553
    0.986696181  -10.415773851
    0.995523132  -10.512319434
    1.004350082  -10.692631560
    1.013177033  -11.035302957
    1.022003984  -11.699579501
    1.030830934  -12.952244344
    1.039657885  -15.048124730
    1.048484835  -17.959541117
    1.057311786  -21.359564888
    1.066138736  -24.849909192
    1.074965687  -28.096825508
    1.083792637  -30.899042538
    1.092619588  -33.227462607
    1.101446538  -35.212192035
    1.110273489  -37.059798618
    1.119100440  -38.933517559
    1.127927390  -40.855974615
    1.136754341  -42.675682364
    1.145581291  -44.136347412
    1.154408242  -45.010521382
    1.163235192  -45.225795008
    1.172062143  -44.913594111
    1.180889093  -44.342864255
    1.189716044  -43.754631888
    1.198542995  -43.231031723
    1.207369945  -42.668608656
    1.216196896  -41.885820477
    1.225023846  -40.797484471
    1.233850797  -39.514991366
    1.242677747  -38.290747415
    1.251504698  -37.347417508
    1.260331648  -36.753823819
    1.269158599  -36.416854529
    1.277985549  -36.219266575
    1.286812500  -36.173926677
    1.295639451  -36.429844768
    1.304466401  -37.091859951
    1.313293352  -38.058815644
    1.322120302  -39.032892532
    1.330947253  -39.694918437
    1.339774203  -39.890632742
    1.348601154  -39.677110055
    1.357428104  -39.245911190
    1.366255055  -38.768737828
    1.375082005  -38.312334886
    1.383908956  -37.858022754
    1.392735907  -37.368359833
    1.401562857  -36.834854909
    1.410389808  -36.273813758
    1.419216758  -35.720445655
    1.428043709  -35.229195586
    1.436870659  -34.861477274
    1.445697610  -34.653327509
    1.454524560  -34.575700542
    1.463351511  -34.534404140
    1.472178462  -34.412629970
    1.481005412  -34.144058546
    1.489832363  -33.809868306
    1.498659313  -33.661880461
    1.507486264  -33.855167910
    1.516313214  -34.193218283
    1.525140165  -34.355017975
    1.533967115  -34.229463189
    1.542794066  -33.943077537
    1.551621016  -33.718578089
    1.560447967  -33.716733280
    1.569274918  -33.961252473
    1.578101868  -34.366421169
    1.586928819  -34.808818365
    1.595755769  -35.178441061
    1.604582720  -35.413550053
    1.613409670  -35.521642187
    1.622236621  -35.570394207
    1.631063571  -35.623116657
    1.639890522  -35.693353746
    1.648717473  -35.773731306
    1.657544423  -35.881385787
    1.666371374  -36.030497683
    1.675198324  -36.192450705
    1.684025275  -36.322147620
    1.692852225  -36.382846404
    1.701679176  -36.326466879
    1.710506126  -36.104436469
    1.719333077  -35.686236013
    1.728160027  -35.067924864
    1.736986978  -34.282800541
    1.745813929  -33.402910280
    1.754640879  -32.520958552
    1.763467830  -31.729635416
    1.772294780  -31.070177243
    1.781121731  -30.493574719
    1.789948681  -29.905204485
    1.798775632  -29.259067270
    1.807602582  -28.586321769
    1.816429533  -27.937680367
    1.825256484  -27.320542186
    1.834083434  -26.690639040
    1.842910385  -26.002294729
    1.851737335  -25.251859180
    1.860564286  -24.511832145
    1.869391236  -23.900468202
    1.878218187  -23.514141056
    1.887045137  -23.362211186
    1.895872088  -23.358585032
    1.904699038  -23.367935232
    1.913525989  -23.261560988
    1.922352940  -22.963971253
    1.931179890  -22.478883959
    1.940006841  -21.860672291
    1.948833791  -21.182978471
    1.957660742  -20.507046195
    1.966487692  -19.877371979
    1.975314643  -19.322914974
    1.984141593  -18.861180193
    1.992968544  -18.489416255
    2.001795495  -18.168605789
    2.010622445  -17.834797799
    2.019449396  -17.429214175
    2.028276346  -16.947359956
    2.037103297  -16.448569447
    2.045930247  -16.035291952
    2.054757198  -15.787522830
    2.063584148  -15.710338458
    2.072411099  -15.754307438
    2.081238049  -15.864595132
    2.090065000  -16.013656170
    2.098891951  -16.209722042
    2.107718901  -16.483453818
    2.116545852  -16.856754920
    2.125372802  -17.327165735
    2.134199753  -17.874445141
    2.143026703  -18.473618133
    2.151853654  -19.090157895
    2.160680604  -19.697104169
    2.169507555  -20.298614806
    2.178334505  -20.915319165
    2.187161456  -21.549533004
    2.195988407  -22.195195139
    2.204815357  -22.895707770
    2.213642308  -23.693671150
    2.222469258  -24.509151982
    2.231296209  -25.159905764
    2.240123159  -25.509523366
    2.248950110  -25.569712735
    2.257777060  -25.477742381
    2.266604011  -25.418122534
    2.275430962  -25.525234848
    2.284257912  -25.807123897
    2.293084863  -26.140661446
    2.301911813  -26.356407583
    2.310738764  -26.342425699
    2.319565714  -26.084270763
    2.328392665  -25.640470845
    2.337219615  -25.116734434
    2.346046566  -24.649272831
    2.354873516  -24.355964804
    2.363700467  -24.246954271
    2.372527418  -24.211713778
    2.381354368  -24.097489286
    2.390181319  -23.837423419
    2.399008269  -23.487482928
    2.407835220  -23.168482066
    2.416662170  -22.976915811
    2.425489121  -22.926408601
    2.434316071  -22.950389750
    2.443143022  -22.947468411
    2.451969973  -22.857323073
    2.460796923  -22.718237414
    2.469623874  -22.640791061
    2.478450824  -22.714139318
    2.487277775  -22.925712706
    2.496104725  -23.151759051
    2.504931676  -23.241800385
    2.513758626  -23.125675837
    2.522585577  -22.865506915
    2.531412527  -22.610012340
    2.540239478  -22.489840897
    2.549066429  -22.526334849
    2.557893379  -22.630628402
    2.566720330  -22.676511627
    2.575547280  -22.581021151
    2.584374231  -22.353587355
    2.593201181  -22.075064859
    2.602028132  -21.832185668
    2.610855082  -21.653388170
    2.619682033  -21.495532528
    2.628508984  -21.290292565
    2.637335934  -21.008824428
    2.646162885  -20.687057567
    2.654989835  -20.390648008
    2.663816786  -20.163291040
    2.672643736  -19.992628050
    2.681470687  -19.846189205
    2.690297637  -19.723779922
    2.699124588  -19.647576846
    2.707951538  -19.611604835
    2.716778489  -19.575696625
    2.725605440  -19.493998711
    2.734432390  -19.349008360
    2.743259341  -19.186207158
    2.752086291  -19.104244591
    2.760913242  -19.151838143
    2.769740192  -19.278957759
    2.778567143  -19.447499110
    2.787394093  -19.696648814
    2.796221044  -20.023470271
    2.805047995  -20.307373599
    2.813874945  -20.411431304
    2.822701896  -20.310855950
    2.831528846  -20.108368617
    2.840355797  -19.949185296
    2.849182747  -19.923621514
    2.858009698  -20.017994498
    2.866836648  -20.155829040
    2.875663599  -20.272242815
    2.884490549  -20.362492351
    2.893317500  -20.464753887
    2.902144451  -20.614968773
    2.910971401  -20.810561911
    2.919798352  -20.996577795
    2.928625302  -21.086840785
    2.937452253  -21.005830040
    2.946279203  -20.738369335
    2.955106154  -20.347805824
    2.963933104  -19.945599257
    2.972760055  -19.634150034
    2.981587005  -19.465543380
    2.990413956  -19.443241669
    2.999240907  -19.546767273
    3.008067857  -19.730537965
    3.016894808  -19.918808566
    3.025721758  -20.004196683
    3.034548709  -19.889584867
    3.043375659  -19.532696052
    3.052202610  -18.970469121
    3.061029560  -18.333534594
    3.069856511  -17.813822483
    3.078683462  -17.557667502
    3.087510412  -17.582468316
    3.096337363  -17.797288816
    3.105164313  -18.068380681
    3.113991264  -18.268464356
    3.122818214  -18.310120476
    3.131645165  -18.171398545
    3.140472115  -17.878335105
    3.149299066  -17.486090867
    3.158126016  -17.077773202
    3.166952967  -16.771826354
    3.175779918  -16.683012168
    3.184606868  -16.868461044
    3.193433819  -17.279730255
    3.202260769  -17.773584596
    3.211087720  -18.188138742
    3.219914670  -18.432905472
    3.228741621  -18.536305548
    3.237568571  -18.608239110
    3.246395522  -18.740639017
    3.255222473  -18.896195152
    3.264049423  -18.910572745
    3.272876374  -18.636197346
    3.281703324  -18.100928289
    3.290530275  -17.519085894
    3.299357225  -17.122184920
    3.308184176  -16.995187327
    3.317011126  -17.084676472
    3.325838077  -17.291577370
    3.334665027  -17.501628236
    3.343491978  -17.590736770
    3.352318929  -17.483942414
    3.361145879  -17.212848538
    3.369972830  -16.908407954
    3.378799780  -16.715181053
    3.387626731  -16.706166036
    3.396453681  -16.867474353
    3.405280632  -17.107863615
    3.414107582  -17.285900550
    3.422934533  -17.277545841
    3.431761484  -17.062186660
    3.440588434  -16.769590803
    3.449415385  -16.610585574
    3.458242335  -16.706074291
    3.467069286  -16.991958479
    3.475896236  -17.322540283
    3.484723187  -17.548096742
    3.493550137  -17.514605996
    3.502377088  -17.093092473
    3.511204038  -16.252933272
    3.520030989  -15.094416429
    3.528857940  -13.821801247
    3.537684890  -12.663914055
    3.546511841  -11.772498227
    3.555338791  -11.167947718
    3.564165742  -10.791618211
    3.572992692  -10.569789634
    3.581819643  -10.444387124
    3.590646593  -10.377024433
    3.599473544  -10.342914453
    3.608300495  -10.327041419
    3.617127445  -10.320287171
    3.625954396  -10.317509767
    3.634781346  -10.316743302
    3.643608297  -10.316496757
    3.652435247  -10.316405469
    3.661262198  -10.316405469
    3.670089148  -10.316405469
    3.678916099  -10.316405469
    3.687743049  -10.316405469
    3.696570000  -10.316405469
