#! FIELDS pp.proj projection
#! SET min_pp.proj 0.48356
#! SET max_pp.proj 3.69657
#! SET nbins_pp.proj  365
#! SET periodic_pp.proj false
    0.483560000  -10.317015384
    0.492386951  -10.318571460
    0.501213901  -10.323367190
    0.510040852  -10.336370054
    0.518867802  -10.368669670
    0.527694753  -10.443067225
    0.536521703  -10.609078579
    0.545348654  -10.978983851
    0.554175604  -11.811208110
    0.563002555  -13.569514756
    0.571829505  -16.609843912
    0.580656456  -20.690432819
    0.589483407  -25.215254231
    0.598310357  -29.594558372
    0.607137308  -33.335700252
    0.615964258  -36.140329345
    0.624791209  -37.998728980
    0.633618159  -39.159074063
    0.642445110  -39.955810865
    0.651272060  -40.610712665
    0.660099011  -41.168207705
    0.668925962  -41.643458058
    0.677752912  -42.275028105
    0.686579863  -43.448569992
    0.695406813  -45.085016988
    0.704233764  -46.822749950
    0.713060714  -48.568820941
    0.721887665  -50.431300879
    0.730714615  -52.487440576
    0.739541566  -54.657412221
    0.748368516  -56.755608503
    0.757195467  -58.611031000
    0.766022418  -60.175218313
    0.774849368  -61.514474427
    0.783676319  -62.726214002
    0.792503269  -63.836423352
    0.801330220  -64.765412577
    0.810157170  -65.393813107
    0.818984121  -65.650302729
    0.827811071  -65.557242499
    0.836638022  -65.222811902
    0.845464973  -64.796141388
    0.854291923  -64.431602367
    0.863118874  -64.283074643
    0.871945824  -64.456655194
    0.880772775  -64.930729810
    0.889599725  -65.539062555
    0.898426676  -66.067761749
    0.907253626  -66.407644891
    0.916080577  -66.652435993
    0.924907527  -67.082761368
    0.933734478  -68.016322318
    0.942561429  -69.598680642
    0.951388379  -71.689285323
    0.960215330  -74.010971340
    0.969042280  -76.353787343
    0.977869231  -78.599051740
    0.986696181  -80.683364324
    0.995523132  -82.559287448
    1.004350082  -84.193115852
    1.013177033  -85.562514310
    1.022003984  -86.661597708
    1.030830934  -87.493789133
    1.039657885  -88.079557968
    1.048484835  -88.457321169
    1.057311786  -88.665899981
    1.066138736  -88.727739490
    1.074965687  -88.619353847
    1.083792637  -88.305887425
    1.092619588  -87.768750226
    1.101446538  -87.031089476
    1.110273489  -86.156666039
    1.119100440  -85.204916259
    1.127927390  -84.210804992
    1.136754341  -83.175012973
    1.145581291  -82.106080381
    1.154408242  -81.043929912
    1.163235192  -80.070397361
    1.172062143  -79.262482340
    1.180889093  -78.621144016
    1.189716044  -78.078516561
    1.198542995  -77.578394712
    1.207369945  -77.147408637
    1.216196896  -76.870020352
    1.225023846  -76.771940137
    1.233850797  -76.732700054
    1.242677747  -76.558093380
    1.251504698  -76.122388180
    1.260331648  -75.468533671
    1.269158599  -74.752034158
    1.277985549  -74.121500000
    1.286812500  -73.609965978
    1.295639451  -73.137282977
    1.304466401  -72.595530054
    1.313293352  -71.933280922
    1.322120302  -71.179217423
    1.330947253  -70.388851227
    1.339774203  -69.606122867
    1.348601154  -68.857067231
    1.357428104  -68.168016989
    1.366255055  -67.560110410
    1.375082005  -67.047130074
    1.383908956  -66.631518456
    1.392735907  -66.284258108
    1.401562857  -65.956027000
    1.410389808  -65.627799191
    1.419216758  -65.324284269
    1.428043709  -65.024784407
    1.436870659  -64.644377674
    1.445697610  -64.152778317
    1.454524560  -63.613633891
    1.463351511  -63.116018817
    1.472178462  -62.717654093
    1.481005412  -62.418431769
    1.489832363  -62.167547660
    1.498659313  -61.913551869
    1.507486264  -61.638617422
    1.516313214  -61.360197949
    1.525140165  -61.086334299
    1.533967115  -60.804259264
    1.542794066  -60.503093695
    1.551621016  -60.173540143
    1.560447967  -59.806044941
    1.569274918  -59.391752125
    1.578101868  -58.907824279
    1.586928819  -58.307729768
    1.595755769  -57.553752031
    1.604582720  -56.659809043
    1.613409670  -55.683665850
    1.622236621  -54.704195550
    1.631063571  -53.788601618
    1.639890522  -52.961176163
    1.648717473  -52.192558889
    1.657544423  -51.444527464
    1.666371374  -50.730697526
    1.675198324  -50.112539371
    1.684025275  -49.636231349
    1.692852225  -49.281413067
    1.701679176  -48.967467270
    1.710506126  -48.606074073
    1.719333077  -48.159932708
    1.728160027  -47.663904246
    1.736986978  -47.220668921
    1.745813929  -46.937577062
    1.754640879  -46.861150847
    1.763467830  -46.975166915
    1.772294780  -47.242623386
    1.781121731  -47.599123319
    1.789948681  -47.952709995
    1.798775632  -48.231748779
    1.807602582  -48.423140024
    1.816429533  -48.561490036
    1.825256484  -48.671444791
    1.834083434  -48.734917007
    1.842910385  -48.690496629
    1.851737335  -48.470457548
    1.860564286  -48.071885008
    1.869391236  -47.572735625
    1.878218187  -47.102449679
    1.887045137  -46.763336162
    1.895872088  -46.573378392
    1.904699038  -46.456005846
    1.913525989  -46.297948370
    1.922352940  -46.061603216
    1.931179890  -45.847720587
    1.940006841  -45.827943511
    1.948833791  -46.089209825
    1.957660742  -46.554687050
    1.966487692  -47.067044002
    1.975314643  -47.501557119
    1.984141593  -47.820535236
    1.992968544  -48.063946223
    2.001795495  -48.299538391
    2.010622445  -48.561205559
    2.019449396  -48.809957052
    2.028276346  -48.967376898
    2.037103297  -48.967112241
    2.045930247  -48.808092899
    2.054757198  -48.559778620
    2.063584148  -48.334609164
    2.072411099  -48.216340976
    2.081238049  -48.207568950
    2.090065000  -48.254538949
    2.098891951  -48.332654223
    2.107718901  -48.456632650
    2.116545852  -48.629168151
    2.125372802  -48.777628501
    2.134199753  -48.773968750
    2.143026703  -48.539673750
    2.151853654  -48.096529842
    2.160680604  -47.541067148
    2.169507555  -46.984101521
    2.178334505  -46.537826306
    2.187161456  -46.293476571
    2.195988407  -46.283789516
    2.204815357  -46.472104757
    2.213642308  -46.771520578
    2.222469258  -47.077871320
    2.231296209  -47.292505785
    2.240123159  -47.338268543
    2.248950110  -47.183952805
    2.257777060  -46.869342776
    2.266604011  -46.512481747
    2.275430962  -46.243760003
    2.284257912  -46.112716153
    2.293084863  -46.048099902
    2.301911813  -45.926622852
    2.310738764  -45.690413591
    2.319565714  -45.398090863
    2.328392665  -45.176912436
    2.337219615  -45.137833689
    2.346046566  -45.320400450
    2.354873516  -45.685541033
    2.363700467  -46.108100238
    2.372527418  -46.417443581
    2.381354368  -46.460677519
    2.390181319  -46.201388880
    2.399008269  -45.749154699
    2.407835220  -45.309538359
    2.416662170  -45.078623763
    2.425489121  -45.131107185
    2.434316071  -45.380096427
    2.443143022  -45.629971779
    2.451969973  -45.711969097
    2.460796923  -45.613925913
    2.469623874  -45.476851194
    2.478450824  -45.455285308
    2.487277775  -45.576517860
    2.496104725  -45.743346762
    2.504931676  -45.827760464
    2.513758626  -45.737952871
    2.522585577  -45.487422942
    2.531412527  -45.188186193
    2.540239478  -44.962858747
    2.549066429  -44.842850294
    2.557893379  -44.757409093
    2.566720330  -44.611416232
    2.575547280  -44.354968296
    2.584374231  -44.019543720
    2.593201181  -43.685878850
    2.602028132  -43.445731912
    2.610855082  -43.360028873
    2.619682033  -43.420689581
    2.628508984  -43.553793600
    2.637335934  -43.672030729
    2.646162885  -43.731821438
    2.654989835  -43.741001071
    2.663816786  -43.737785836
    2.672643736  -43.753869381
    2.681470687  -43.785255551
    2.690297637  -43.802867651
    2.699124588  -43.790504447
    2.707951538  -43.772389008
    2.716778489  -43.797509635
    2.725605440  -43.899717529
    2.734432390  -44.070577852
    2.743259341  -44.271741907
    2.752086291  -44.465189560
    2.760913242  -44.625884004
    2.769740192  -44.751645186
    2.778567143  -44.837774124
    2.787394093  -44.838197686
    2.796221044  -44.711365484
    2.805047995  -44.509432543
    2.813874945  -44.350129305
    2.822701896  -44.299428546
    2.831528846  -44.353841575
    2.840355797  -44.525772035
    2.849182747  -44.828051823
    2.858009698  -45.190865244
    2.866836648  -45.485726821
    2.875663599  -45.602489848
    2.884490549  -45.500901334
    2.893317500  -45.222371769
    2.902144451  -44.896688883
    2.910971401  -44.685983411
    2.919798352  -44.698341677
    2.928625302  -44.924049077
    2.937452253  -45.234378183
    2.946279203  -45.460291241
    2.955106154  -45.499577081
    2.963933104  -45.367047728
    2.972760055  -45.168734083
    2.981587005  -45.002334137
    2.990413956  -44.891408353
    2.999240907  -44.797727016
    3.008067857  -44.678964328
    3.016894808  -44.536017393
    3.025721758  -44.385989115
    3.034548709  -44.235280841
    3.043375659  -44.077433140
    3.052202610  -43.909193561
    3.061029560  -43.741821415
    3.069856511  -43.621494101
    3.078683462  -43.617520107
    3.087510412  -43.752007988
    3.096337363  -43.952087768
    3.105164313  -44.112858678
    3.113991264  -44.183307162
    3.122818214  -44.167559027
    3.131645165  -44.095813796
    3.140472115  -43.988021118
    3.149299066  -43.854153522
    3.158126016  -43.706084321
    3.166952967  -43.586341016
    3.175779918  -43.556106573
    3.184606868  -43.657685213
    3.193433819  -43.855475747
    3.202260769  -44.034577209
    3.211087720  -44.074426563
    3.219914670  -43.954019172
    3.228741621  -43.774475106
    3.237568571  -43.696510832
    3.246395522  -43.825402871
    3.255222473  -44.133553311
    3.264049423  -44.477371625
    3.272876374  -44.695333033
    3.281703324  -44.712486163
    3.290530275  -44.577134161
    3.299357225  -44.403666606
    3.308184176  -44.288233595
    3.317011126  -44.261141217
    3.325838077  -44.277263602
    3.334665027  -44.263659488
    3.343491978  -44.161154344
    3.352318929  -43.964858941
    3.361145879  -43.717712517
    3.369972830  -43.485827590
    3.378799780  -43.308089538
    3.387626731  -43.175012100
    3.396453681  -43.071576371
    3.405280632  -42.998195319
    3.414107582  -42.944477879
    3.422934533  -42.837528664
    3.431761484  -42.609168305
    3.440588434  -42.295843813
    3.449415385  -42.054756234
    3.458242335  -42.033738440
    3.467069286  -42.261973316
    3.475896236  -42.695801833
    3.484723187  -43.228039818
    3.493550137  -43.646040647
    3.502377088  -43.660019344
    3.511204038  -42.979940672
    3.520030989  -41.352752372
    3.528857940  -38.616283944
    3.537684890  -34.799760472
    3.546511841  -30.172145219
    3.555338791  -25.190354649
    3.564165742  -20.405131254
    3.572992692  -16.355709565
    3.581819643  -13.475291802
    3.590646593  -11.819773535
    3.599473544  -11.007310467
    3.608300495  -10.629388936
    3.617127445  -10.454372817
    3.625954396  -10.374269930
    3.634781346  -10.339109601
    3.643608297  -10.324535635
    3.652435247  -10.318864098
    3.661262198  -10.317123555
    3.670089148  -10.316578415
    3.678916099  -10.316405469
    3.687743049  -10.316405469
    3.696570000  -10.316405469
