#! FIELDS pp.proj projection
#! SET min_pp.proj 0.48356
#! SET max_pp.proj 3.69657
#! SET nbins_pp.proj  365
#! SET periodic_pp.proj false
    0.483560000  -10.317015384
    0.492386951  -10.318571460
    0.501213901  -10.323367190
    0.510040852  -10.336370054
    0.518867802  -10.368669670
    0.527694753  -10.443067225
    0.536521703  -10.609078579
    0.545348654  -10.978983851
    0.554175604  -11.811208110
    0.563002555  -13.569514756
    0.571829505  -16.609843912
    0.580656456  -20.690432819
    0.589483407  -25.215254231
    0.598310357  -29.594558372
    0.607137308  -33.335700252
    0.615964258  -36.140329345
    0.624791209  -37.998728980
    0.633618159  -39.159074063
    0.642445110  -39.955810865
    0.651272060  -40.610712665
    0.660099011  -41.168207705
    0.668925962  -41.643458058
    0.677752912  -42.275028105
    0.686579863  -43.448569992
    0.695406813  -45.085016988
    0.704233764  -46.822749950
    0.713060714  -48.568820941
    0.721887665  -50.431300879
    0.730714615  -52.487440576
    0.739541566  -54.657412221
    0.748368516  -56.755608503
    0.757195467  -58.611031000
    0.766022418  -60.175218313
    0.774849368  -61.514474427
    0.783676319  -62.726214002
    0.792503269  -63.836423352
    0.801330220  -64.765412577
    0.810157170  -65.393813107
    0.818984121  -65.650302729
    0.827811071  -65.557242499
    0.836638022  -65.222811902
    0.845464973  -64.796141388
    0.854291923  -64.431602367
    0.863118874  -64.283126584
    0.871945824  -64.456903149
    0.880772775  -64.931756277
    0.889599725  -65.542493208
    0.898426676  -66.077835199
    0.907253626  -66.433261747
    0.916080577  -66.708909247
    0.924907527  -67.190229790
    0.933734478  -68.192748660
    0.942561429  -69.853064460
    0.951388379  -72.026981078
    0.960215330  -74.443286146
    0.969042280  -76.897742157
    0.977869231  -79.273297733
    0.986696181  -81.509100729
    0.995523132  -83.565986626
    1.004350082  -85.427458378
    1.013177033  -87.097328285
    1.022003984  -88.598829640
    1.030830934  -89.955557161
    1.039657885  -91.189732240
    1.048484835  -92.322837270
    1.057311786  -93.373820432
    1.066138736  -94.360293386
    1.074965687  -95.274893881
    1.083792637  -96.102236798
    1.092619588  -96.830951829
    1.101446538  -97.472968274
    1.110273489  -98.071431709
    1.119100440  -98.659638099
    1.127927390  -99.236878297
    1.136754341  -99.759504669
    1.145581291 -100.191317324
    1.154408242 -100.541179462
    1.163235192 -100.870723463
    1.172062143 -101.237399781
    1.180889093 -101.622132044
    1.189716044 -101.940648325
    1.198542995 -102.116809021
    1.207369945 -102.148264457
    1.216196896 -102.102549412
    1.225023846 -102.027159679
    1.233850797 -101.874909327
    1.242677747 -101.539239032
    1.251504698 -100.948263541
    1.260331648 -100.140474723
    1.269158599  -99.224656966
    1.277985549  -98.286562629
    1.286812500  -97.321460884
    1.295639451  -96.268600651
    1.304466401  -95.103099253
    1.313293352  -93.913524033
    1.322120302  -92.879588791
    1.330947253  -92.135618027
    1.339774203  -91.692345901
    1.348601154  -91.475369565
    1.357428104  -91.367582270
    1.366255055  -91.214567414
    1.375082005  -90.890126993
    1.383908956  -90.382480710
    1.392735907  -89.809151172
    1.401562857  -89.317762822
    1.410389808  -88.962801032
    1.419216758  -88.679443065
    1.428043709  -88.361936390
    1.436870659  -87.946228263
    1.445697610  -87.428454361
    1.454524560  -86.845445500
    1.463351511  -86.243692751
    1.472178462  -85.672181358
    1.481005412  -85.163047572
    1.489832363  -84.714034763
    1.498659313  -84.298591016
    1.507486264  -83.894284660
    1.516313214  -83.514517524
    1.525140165  -83.182056288
    1.533967115  -82.905141280
    1.542794066  -82.701638258
    1.551621016  -82.593079028
    1.560447967  -82.593151905
    1.569274918  -82.715729863
    1.578101868  -82.961882438
    1.586928819  -83.292275311
    1.595755769  -83.646022481
    1.604582720  -83.992616005
    1.613409670  -84.327888281
    1.622236621  -84.646379409
    1.631063571  -84.931173542
    1.639890522  -85.149724428
    1.648717473  -85.256648369
    1.657544423  -85.219472974
    1.666371374  -85.041479384
    1.675198324  -84.760554534
    1.684025275  -84.425047568
    1.692852225  -84.070284585
    1.701679176  -83.704251353
    1.710506126  -83.318534734
    1.719333077  -82.905274851
    1.728160027  -82.464747668
    1.736986978  -82.013847273
    1.745813929  -81.582626903
    1.754640879  -81.205104155
    1.763467830  -80.907551732
    1.772294780  -80.701106016
    1.781121731  -80.580682761
    1.789948681  -80.518072529
    1.798775632  -80.457236311
    1.807602582  -80.352970277
    1.816429533  -80.212279141
    1.825256484  -80.079859045
    1.834083434  -79.997495496
    1.842910385  -79.968034569
    1.851737335  -79.947660345
    1.860564286  -79.895863811
    1.869391236  -79.812950778
    1.878218187  -79.748736707
    1.887045137  -79.752154330
    1.895872088  -79.820923813
    1.904699038  -79.900594829
    1.913525989  -79.927321287
    1.922352940  -79.891745782
    1.931179890  -79.842488786
    1.940006841  -79.830779138
    1.948833791  -79.866729493
    1.957660742  -79.903170163
    1.966487692  -79.874924849
    1.975314643  -79.750150553
    1.984141593  -79.563695052
    1.992968544  -79.403028694
    2.001795495  -79.343577135
    2.010622445  -79.390884061
    2.019449396  -79.465730135
    2.028276346  -79.463632783
    2.037103297  -79.318116414
    2.045930247  -79.059925587
    2.054757198  -78.791125555
    2.063584148  -78.599773727
    2.072411099  -78.496514656
    2.081238049  -78.431618738
    2.090065000  -78.335446649
    2.098891951  -78.174438937
    2.107718901  -77.961922887
    2.116545852  -77.762595017
    2.125372802  -77.653489749
    2.134199753  -77.673926145
    2.143026703  -77.809435858
    2.151853654  -77.997104125
    2.160680604  -78.164650508
    2.169507555  -78.255536673
    2.178334505  -78.243279791
    2.187161456  -78.134239079
    2.195988407  -77.967761770
    2.204815357  -77.810097108
    2.213642308  -77.721370293
    2.222469258  -77.729128973
    2.231296209  -77.809213066
    2.240123159  -77.902939884
    2.248950110  -77.960946651
    2.257777060  -77.960934655
    2.266604011  -77.922347310
    2.275430962  -77.872801453
    2.284257912  -77.806630739
    2.293084863  -77.688794771
    2.301911813  -77.497335274
    2.310738764  -77.257507061
    2.319565714  -77.027223029
    2.328392665  -76.851973601
    2.337219615  -76.732674277
    2.346046566  -76.636493059
    2.354873516  -76.540824848
    2.363700467  -76.426114386
    2.372527418  -76.274562280
    2.381354368  -76.062168497
    2.390181319  -75.792003371
    2.399008269  -75.509335621
    2.407835220  -75.296303705
    2.416662170  -75.228123804
    2.425489121  -75.311531809
    2.434316071  -75.471005859
    2.443143022  -75.580990848
    2.451969973  -75.534944133
    2.460796923  -75.325563003
    2.469623874  -75.062343447
    2.478450824  -74.893456352
    2.487277775  -74.895964307
    2.496104725  -75.034378541
    2.504931676  -75.192520136
    2.513758626  -75.247601791
    2.522585577  -75.162280424
    2.531412527  -74.987826138
    2.540239478  -74.810985903
    2.549066429  -74.693910050
    2.557893379  -74.656883514
    2.566720330  -74.687039973
    2.575547280  -74.738785936
    2.584374231  -74.761890660
    2.593201181  -74.717982071
    2.602028132  -74.600223431
    2.610855082  -74.439392642
    2.619682033  -74.274746932
    2.628508984  -74.122248351
    2.637335934  -73.968038991
    2.646162885  -73.801797854
    2.654989835  -73.636232422
    2.663816786  -73.506998087
    2.672643736  -73.441820228
    2.681470687  -73.421948098
    2.690297637  -73.397037578
    2.699124588  -73.334334964
    2.707951538  -73.242319220
    2.716778489  -73.154111930
    2.725605440  -73.086082206
    2.734432390  -73.022771377
    2.743259341  -72.942181235
    2.752086291  -72.852308352
    2.760913242  -72.779195124
    2.769740192  -72.745229627
    2.778567143  -72.764682388
    2.787394093  -72.823687128
    2.796221044  -72.869813134
    2.805047995  -72.853189769
    2.813874945  -72.770825086
    2.822701896  -72.670171784
    2.831528846  -72.604984114
    2.840355797  -72.614015411
    2.849182747  -72.721266095
    2.858009698  -72.906811262
    2.866836648  -73.099878763
    2.875663599  -73.212694042
    2.884490549  -73.193110800
    2.893317500  -73.048120527
    2.902144451  -72.851321676
    2.910971401  -72.704227433
    2.919798352  -72.678107088
    2.928625302  -72.777499831
    2.937452253  -72.926228601
    2.946279203  -73.016813688
    2.955106154  -72.985435195
    2.963933104  -72.854022033
    2.972760055  -72.708941205
    2.981587005  -72.629224427
    2.990413956  -72.637256846
    2.999240907  -72.698742213
    3.008067857  -72.761968008
    3.016894808  -72.793351763
    3.025721758  -72.774291322
    3.034548709  -72.701976659
    3.043375659  -72.594601639
    3.052202610  -72.488271896
    3.061029560  -72.430519531
    3.069856511  -72.451332649
    3.078683462  -72.532845028
    3.087510412  -72.607852228
    3.096337363  -72.602319518
    3.105164313  -72.496145724
    3.113991264  -72.331361607
    3.122818214  -72.169591810
    3.131645165  -72.070699716
    3.140472115  -72.045097125
    3.149299066  -72.032523922
    3.158126016  -71.944767308
    3.166952967  -71.756526257
    3.175779918  -71.530143705
    3.184606868  -71.359513232
    3.193433819  -71.277078613
    3.202260769  -71.233375787
    3.211087720  -71.139057669
    3.219914670  -70.952789925
    3.228741621  -70.732643105
    3.237568571  -70.605849160
    3.246395522  -70.658243071
    3.255222473  -70.852502650
    3.264049423  -71.049453826
    3.272876374  -71.115522335
    3.281703324  -71.011418059
    3.290530275  -70.811867393
    3.299357225  -70.632655123
    3.308184176  -70.540338594
    3.317011126  -70.528388303
    3.325838077  -70.548190926
    3.334665027  -70.562245776
    3.343491978  -70.553618617
    3.352318929  -70.527603451
    3.361145879  -70.485346751
    3.369972830  -70.408619639
    3.378799780  -70.284138525
    3.387626731  -70.139141809
    3.396453681  -70.040202263
    3.405280632  -70.029406671
    3.414107582  -70.087144286
    3.422934533  -70.128726843
    3.431761484  -70.082231755
    3.440588434  -69.971478144
    3.449415385  -69.923288573
    3.458242335  -70.044824366
    3.467069286  -70.327730556
    3.475896236  -70.691463746
    3.484723187  -71.010263816
    3.493550137  -71.099010299
    3.502377088  -70.769222077
    3.511204038  -69.921015944
    3.520030989  -68.518692294
    3.528857940  -66.488293640
    3.537684890  -63.675206780
    3.546511841  -59.885325788
    3.555338791  -54.984763289
    3.564165742  -49.016344231
    3.572992692  -42.250044955
    3.581819643  -35.155016609
    3.590646593  -28.286755504
    3.599473544  -22.163784867
    3.608300495  -17.219170703
    3.617127445  -13.798917037
    3.625954396  -11.897652879
    3.634781346  -11.010369416
    3.643608297  -10.617657072
    3.652435247  -10.443131768
    3.661262198  -10.366874674
    3.670089148  -10.334802746
    3.678916099  -10.322327047
    3.687743049  -10.318111972
    3.696570000  -10.316752300
