#! FIELDS pp.proj projection
#! SET min_pp.proj 0.48356
#! SET max_pp.proj 3.69657
#! SET nbins_pp.proj  365
#! SET periodic_pp.proj false
    0.483560000  -10.316405469
    0.492386951  -10.316405469
    0.501213901  -10.316405469
    0.510040852  -10.316405469
    0.518867802  -10.316405469
    0.527694753  -10.316405469
    0.536521703  -10.316405469
    0.545348654  -10.316405469
    0.554175604  -10.316405469
    0.563002555  -10.316405469
    0.571829505  -10.316405469
    0.580656456  -10.316405469
    0.589483407  -10.316405469
    0.598310357  -10.316405469
    0.607137308  -10.316405469
    0.615964258  -10.316405469
    0.624791209  -10.316405469
    0.633618159  -10.316405469
    0.642445110  -10.316405469
    0.651272060  -10.316405469
    0.660099011  -10.316405469
    0.668925962  -10.316405469
    0.677752912  -10.316405469
    0.686579863  -10.316405469
    0.695406813  -10.316405469
    0.704233764  -10.316405469
    0.713060714  -10.316405469
    0.721887665  -10.316405469
    0.730714615  -10.316405469
    0.739541566  -10.316405469
    0.748368516  -10.316405469
    0.757195467  -10.316405469
    0.766022418  -10.316405469
    0.774849368  -10.316405469
    0.783676319  -10.316405469
    0.792503269  -10.316405469
    0.801330220  -10.316405469
    0.810157170  -10.316405469
    0.818984121  -10.316405469
    0.827811071  -10.316405469
    0.836638022  -10.316405469
    0.845464973  -10.316405469
    0.854291923  -10.316405469
    0.863118874  -10.316405469
    0.871945824  -10.316405469
    0.880772775  -10.316405469
    0.889599725  -10.316405469
    0.898426676  -10.316405469
    0.907253626  -10.316405469
    0.916080577  -10.316426590
    0.924907527  -10.316493381
    0.933734478  -10.316728552
    0.942561429  -10.317507622
    0.951388379  -10.319744981
    0.960215330  -10.325318745
    0.969042280  -10.338021561
    0.977869231  -10.364383553
    0.986696181  -10.415773851
    0.995523132  -10.512319434
    1.004350082  -10.692631560
    1.013177033  -11.035302957
    1.022003984  -11.699579501
    1.030830934  -12.952244344
    1.039657885  -15.048138802
    1.048484835  -17.959590311
    1.057311786  -21.359684890
    1.066138736  -24.850254991
    1.074965687  -28.097799888
    1.083792637  -30.901640389
    1.092619588  -33.233742678
    1.101446538  -35.225970254
    1.110273489  -37.087437596
    1.119100440  -38.984275730
    1.127927390  -40.942023777
    1.136754341  -42.812084108
    1.145581291  -44.342873174
    1.154408242  -45.314989410
    1.163235192  -45.669076357
    1.172062143  -45.554250976
    1.180889093  -45.261732040
    1.189716044  -45.057231755
    1.198542995  -45.052992476
    1.207369945  -45.187632694
    1.216196896  -45.330011455
    1.225023846  -45.435401153
    1.233850797  -45.615768498
    1.242677747  -46.057583080
    1.251504698  -46.837563796
    1.260331648  -47.835085227
    1.269158599  -48.817936114
    1.277985549  -49.606458566
    1.286812500  -50.166301616
    1.295639451  -50.620149885
    1.304466401  -51.141520718
    1.313293352  -51.834783667
    1.322120302  -52.677256334
    1.330947253  -53.551784780
    1.339774203  -54.360116509
    1.348601154  -55.106982395
    1.357428104  -55.903800471
    1.366255055  -56.874486668
    1.375082005  -58.047768873
    1.383908956  -59.290750670
    1.392735907  -60.377885553
    1.401562857  -61.170837279
    1.410389808  -61.741673361
    1.419216758  -62.258131954
    1.428043709  -62.701163622
    1.436870659  -62.897936771
    1.445697610  -62.801574833
    1.454524560  -62.523894276
    1.463351511  -62.208494372
    1.472178462  -61.948481725
    1.481005412  -61.763576962
    1.489832363  -61.613303340
    1.498659313  -61.452755024
    1.507486264  -61.266712072
    1.516313214  -61.067819792
    1.525140165  -60.857301213
    1.533967115  -60.621524657
    1.542794066  -60.353532420
    1.551621016  -60.048572424
    1.560447967  -59.700028639
    1.569274918  -59.300386251
    1.578101868  -58.825845657
    1.586928819  -58.227944116
    1.595755769  -57.467988473
    1.604582720  -56.561933086
    1.613409670  -55.573405450
    1.622236621  -54.589023588
    1.631063571  -53.678669634
    1.639890522  -52.861064483
    1.648717473  -52.098041057
    1.657544423  -51.345060785
    1.666371374  -50.613725563
    1.675198324  -49.968705957
    1.684025275  -49.467237246
    1.692852225  -49.102436768
    1.701679176  -48.797701953
    1.710506126  -48.456263589
    1.719333077  -48.027834388
    1.728160027  -47.539325365
    1.736986978  -47.091031229
    1.745813929  -46.792473930
    1.754640879  -46.695621953
    1.763467830  -46.790922971
    1.772294780  -47.043998972
    1.781121731  -47.385493880
    1.789948681  -47.714154723
    1.798775632  -47.951366861
    1.807602582  -48.084327640
    1.816429533  -48.154626235
    1.825256484  -48.197858189
    1.834083434  -48.208857011
    1.842910385  -48.139178055
    1.851737335  -47.928887570
    1.860564286  -47.571400961
    1.869391236  -47.123449678
    1.878218187  -46.681086746
    1.887045137  -46.319367416
    1.895872088  -46.049823572
    1.904699038  -45.809709807
    1.913525989  -45.514418053
    1.922352940  -45.163487270
    1.931179890  -44.893681246
    1.940006841  -44.883366134
    1.948833791  -45.179194002
    1.957660742  -45.656465980
    1.966487692  -46.139017100
    1.975314643  -46.507091977
    1.984141593  -46.736590869
    1.992968544  -46.881343339
    2.001795495  -47.019591696
    2.010622445  -47.196620626
    2.019449396  -47.382914060
    2.028276346  -47.497185638
    2.037103297  -47.462681443
    2.045930247  -47.281902786
    2.054757198  -47.044546360
    2.063584148  -46.883463417
    2.072411099  -46.877567513
    2.081238049  -46.994971129
    2.090065000  -47.156330953
    2.098891951  -47.345082559
    2.107718901  -47.589926387
    2.116545852  -47.881235910
    2.125372802  -48.120777902
    2.134199753  -48.155200186
    2.143026703  -47.884103551
    2.151853654  -47.319157010
    2.160680604  -46.574504692
    2.169507555  -45.804576937
    2.178334505  -45.160952085
    2.187161456  -44.752931343
    2.195988407  -44.627228925
    2.204815357  -44.758149962
    2.213642308  -45.056034577
    2.222469258  -45.389262800
    2.231296209  -45.604970713
    2.240123159  -45.562654666
    2.248950110  -45.187916327
    2.257777060  -44.521869264
    2.266604011  -43.731622107
    2.275430962  -43.021614988
    2.284257912  -42.504704697
    2.293084863  -42.143911905
    2.301911813  -41.825027841
    2.310738764  -41.472266052
    2.319565714  -41.097435147
    2.328392665  -40.764437110
    2.337219615  -40.529097043
    2.346046566  -40.406119848
    2.354873516  -40.379050195
    2.363700467  -40.388280792
    2.372527418  -40.340066430
    2.381354368  -40.139280016
    2.390181319  -39.771859378
    2.399008269  -39.338178988
    2.407835220  -39.013163098
    2.416662170  -38.937063914
    2.425489121  -39.109797241
    2.434316071  -39.383103607
    2.443143022  -39.568778184
    2.451969973  -39.577258543
    2.460796923  -39.468143192
    2.469623874  -39.387246850
    2.478450824  -39.456957606
    2.487277775  -39.697785877
    2.496104725  -40.001383187
    2.504931676  -40.188410965
    2.513758626  -40.119736740
    2.522585577  -39.808794418
    2.531412527  -39.424223029
    2.540239478  -39.180082969
    2.549066429  -39.187463616
    2.557893379  -39.394099895
    2.566720330  -39.662361072
    2.575547280  -39.865175643
    2.584374231  -39.953637609
    2.593201181  -39.962851553
    2.602028132  -39.988438691
    2.610855082  -40.122072564
    2.619682033  -40.379348068
    2.628508984  -40.682487678
    2.637335934  -40.916470507
    2.646162885  -41.017194118
    2.654989835  -41.000452013
    2.663816786  -40.936599656
    2.672643736  -40.893547037
    2.681470687  -40.890696839
    2.690297637  -40.909201025
    2.699124588  -40.943314102
    2.707951538  -41.021229477
    2.716778489  -41.174191998
    2.725605440  -41.396796270
    2.734432390  -41.644448189
    2.743259341  -41.871506202
    2.752086291  -42.059152337
    2.760913242  -42.202204983
    2.769740192  -42.309790414
    2.778567143  -42.393506367
    2.787394093  -42.424761357
    2.796221044  -42.363459204
    2.805047995  -42.246304169
    2.813874945  -42.160979963
    2.822701896  -42.143606546
    2.831528846  -42.177786464
    2.840355797  -42.289443160
    2.849182747  -42.532364039
    2.858009698  -42.876774207
    2.866836648  -43.195640638
    2.875663599  -43.344232520
    2.884490549  -43.246840444
    2.893317500  -42.933607766
    2.902144451  -42.545118306
    2.910971401  -42.267196484
    2.919798352  -42.237452098
    2.928625302  -42.475798393
    2.937452253  -42.873617098
    2.946279203  -43.259451502
    2.955106154  -43.495364509
    2.963933104  -43.540254760
    2.972760055  -43.453652522
    2.981587005  -43.323140991
    2.990413956  -43.193607049
    2.999240907  -43.056829899
    3.008067857  -42.888565236
    3.016894808  -42.688531134
    3.025721758  -42.469611938
    3.034548709  -42.240228427
    3.043375659  -42.004060037
    3.052202610  -41.776746747
    3.061029560  -41.599838429
    3.069856511  -41.519542940
    3.078683462  -41.552418929
    3.087510412  -41.656709334
    3.096337363  -41.738484646
    3.105164313  -41.715165357
    3.113991264  -41.578154650
    3.122818214  -41.377378856
    3.131645165  -41.190831091
    3.140472115  -41.069843055
    3.149299066  -41.025971304
    3.158126016  -41.036558499
    3.166952967  -41.093370475
    3.175779918  -41.214873972
    3.184606868  -41.426372629
    3.193433819  -41.695408099
    3.202260769  -41.920012404
    3.211087720  -41.993877826
    3.219914670  -41.909500344
    3.228741621  -41.783328791
    3.237568571  -41.791245638
    3.246395522  -42.045866241
    3.255222473  -42.512948206
    3.264049423  -43.029500913
    3.272876374  -43.412820016
    3.281703324  -43.569841121
    3.290530275  -43.535793374
    3.299357225  -43.416562215
    3.308184176  -43.306845312
    3.317011126  -43.246239595
    3.325838077  -43.209820161
    3.334665027  -43.148133587
    3.343491978  -43.017060654
    3.352318929  -42.808421260
    3.361145879  -42.551259130
    3.369972830  -42.300176739
    3.378799780  -42.096397942
    3.387626731  -41.945047095
    3.396453681  -41.849824159
    3.405280632  -41.819475484
    3.414107582  -41.835759836
    3.422934533  -41.811570140
    3.431761484  -41.669701498
    3.440588434  -41.439419217
    3.449415385  -41.273903783
    3.458242335  -41.320852399
    3.467069286  -41.608213582
    3.475896236  -42.090251821
    3.484723187  -42.656988895
    3.493550137  -43.090530259
    3.502377088  -43.103410852
    3.511204038  -42.421460991
    3.520030989  -40.812567813
    3.528857940  -38.125302473
    3.537684890  -34.383035477
    3.546511841  -29.839143816
    3.555338791  -24.938923152
    3.564165742  -20.227709385
    3.572992692  -16.243645463
    3.581819643  -13.416533605
    3.590646593  -11.794708263
    3.599473544  -10.997858897
    3.608300495  -10.626110471
    3.617127445  -10.453270221
    3.625954396  -10.373928844
    3.634781346  -10.339025935
    3.643608297  -10.324535635
    3.652435247  -10.318864098
    3.661262198  -10.317123555
    3.670089148  -10.316578415
    3.678916099  -10.316405469
    3.687743049  -10.316405469
    3.696570000  -10.316405469
