#! FIELDS pp.proj projection
#! SET min_pp.proj 0.48356
#! SET max_pp.proj 3.69657
#! SET nbins_pp.proj  365
#! SET periodic_pp.proj false
    0.483560000  -10.316405469
    0.492386951  -10.316405469
    0.501213901  -10.316405469
    0.510040852  -10.316405469
    0.518867802  -10.316405469
    0.527694753  -10.316405469
    0.536521703  -10.316405469
    0.545348654  -10.316405469
    0.554175604  -10.316405469
    0.563002555  -10.316405469
    0.571829505  -10.316405469
    0.580656456  -10.316405469
    0.589483407  -10.316405469
    0.598310357  -10.316405469
    0.607137308  -10.316405469
    0.615964258  -10.316405469
    0.624791209  -10.316405469
    0.633618159  -10.316405469
    0.642445110  -10.316405469
    0.651272060  -10.316405469
    0.660099011  -10.316405469
    0.668925962  -10.316405469
    0.677752912  -10.316405469
    0.686579863  -10.316405469
    0.695406813  -10.316405469
    0.704233764  -10.316405469
    0.713060714  -10.316405469
    0.721887665  -10.316405469
    0.730714615  -10.316405469
    0.739541566  -10.316405469
    0.748368516  -10.316405469
    0.757195467  -10.316405469
    0.766022418  -10.316405469
    0.774849368  -10.316405469
    0.783676319  -10.316405469
    0.792503269  -10.316405469
    0.801330220  -10.316405469
    0.810157170  -10.316405469
    0.818984121  -10.316405469
    0.827811071  -10.316405469
    0.836638022  -10.316405469
    0.845464973  -10.316405469
    0.854291923  -10.316405469
    0.863118874  -10.316405469
    0.871945824  -10.316405469
    0.880772775  -10.316405469
    0.889599725  -10.316405469
    0.898426676  -10.316405469
    0.907253626  -10.316405469
    0.916080577  -10.316426590
    0.924907527  -10.316493381
    0.933734478  -10.316728552
    0.942561429  -10.317507622
    0.951388379  -10.319744981
    0.960215330  -10.325318745
    0.969042280  -10.338021561
    0.977869231  -10.364383553
    0.986696181  -10.415773851
    0.995523132  -10.512319434
    1.004350082  -10.692631560
    1.013177033  -11.035302957
    1.022003984  -11.699579501
    1.030830934  -12.952244344
    1.039657885  -15.048124730
    1.048484835  -17.959541117
    1.057311786  -21.359564888
    1.066138736  -24.849909192
    1.074965687  -28.096825508
    1.083792637  -30.899042538
    1.092619588  -33.227462607
    1.101446538  -35.212192035
    1.110273489  -37.059798618
    1.119100440  -38.933517559
    1.127927390  -40.855974615
    1.136754341  -42.675682364
    1.145581291  -44.136347412
    1.154408242  -45.010521382
    1.163235192  -45.225795008
    1.172062143  -44.913594111
    1.180889093  -44.342864255
    1.189716044  -43.754631888
    1.198542995  -43.231031723
    1.207369945  -42.668608656
    1.216196896  -41.885820477
    1.225023846  -40.797484471
    1.233850797  -39.514991366
    1.242677747  -38.290747415
    1.251504698  -37.347417508
    1.260331648  -36.753823819
    1.269158599  -36.416854529
    1.277985549  -36.219266575
    1.286812500  -36.173926677
    1.295639451  -36.429844768
    1.304466401  -37.091859951
    1.313293352  -38.058815644
    1.322120302  -39.032892532
    1.330947253  -39.694918437
    1.339774203  -39.890632742
    1.348601154  -39.677110055
    1.357428104  -39.245911190
    1.366255055  -38.768737828
    1.375082005  -38.312334886
    1.383908956  -37.858022754
    1.392735907  -37.368359833
    1.401562857  -36.834854909
    1.410389808  -36.273813758
    1.419216758  -35.720445655
    1.428043709  -35.229195586
    1.436870659  -34.861477274
    1.445697610  -34.653327509
    1.454524560  -34.575700542
    1.463351511  -34.534404140
    1.472178462  -34.412629970
    1.481005412  -34.144058546
    1.489832363  -33.809868306
    1.498659313  -33.661880461
    1.507486264  -33.855167910
    1.516313214  -34.193218283
    1.525140165  -34.355017975
    1.533967115  -34.229463189
    1.542794066  -33.943077537
    1.551621016  -33.718578089
    1.560447967  -33.716733280
    1.569274918  -33.961252473
    1.578101868  -34.366421169
    1.586928819  -34.808818365
    1.595755769  -35.178441061
    1.604582720  -35.413550053
    1.613409670  -35.521642187
    1.622236621  -35.570394207
    1.631063571  -35.623116657
    1.639890522  -35.693353746
    1.648717473  -35.773731306
    1.657544423  -35.881385787
    1.666371374  -36.030497683
    1.675198324  -36.192450705
    1.684025275  -36.322147620
    1.692852225  -36.382846404
    1.701679176  -36.326466879
    1.710506126  -36.104436469
    1.719333077  -35.686236013
    1.728160027  -35.067924864
    1.736986978  -34.282800541
    1.745813929  -33.402910280
    1.754640879  -32.520958552
    1.763467830  -31.729635416
    1.772294780  -31.070177243
    1.781121731  -30.493574719
    1.789948681  -29.905204485
    1.798775632  -29.259067270
    1.807602582  -28.586321769
    1.816429533  -27.937680367
    1.825256484  -27.320542186
    1.834083434  -26.690639040
    1.842910385  -26.002294729
    1.851737335  -25.251859180
    1.860564286  -24.511832145
    1.869391236  -23.900468202
    1.878218187  -23.514141056
    1.887045137  -23.362211186
    1.895872088  -23.358585032
    1.904699038  -23.367935232
    1.913525989  -23.261560988
    1.922352940  -22.963971253
    1.931179890  -22.478743286
    1.940006841  -21.859956234
    1.948833791  -21.180146141
    1.957660742  -20.497687539
    1.966487692  -19.850072067
    1.975314643  -19.252977259
    1.984141593  -18.703539254
    1.992968544  -18.175798242
    2.001795495  -17.610951400
    2.010622445  -16.935186249
    2.019449396  -16.102179178
    2.028276346  -15.147719164
    2.037103297  -14.184708087
    2.045930247  -13.351681296
    2.054757198  -12.746493419
    2.063584148  -12.392717943
    2.072411099  -12.249712596
    2.081238049  -12.242897871
    2.090065000  -12.290073407
    2.098891951  -12.330814239
    2.107718901  -12.337719165
    2.116545852  -12.307153980
    2.125372802  -12.255397849
    2.134199753  -12.218633284
    2.143026703  -12.257911567
    2.151853654  -12.435509008
    2.160680604  -12.769406886
    2.169507555  -13.207068952
    2.178334505  -13.653818916
    2.187161456  -14.034403720
    2.195988407  -14.324478369
    2.204815357  -14.543420803
    2.213642308  -14.728515422
    2.222469258  -14.922640239
    2.231296209  -15.148679641
    2.240123159  -15.395226866
    2.248950110  -15.622813407
    2.257777060  -15.792884582
    2.266604011  -15.895420291
    2.275430962  -15.932704120
    2.284257912  -15.874059202
    2.293084863  -15.635963142
    2.301911813  -15.155656952
    2.310738764  -14.476386800
    2.319565714  -13.748291465
    2.328392665  -13.141378430
    2.337219615  -12.771529623
    2.346046566  -12.684311961
    2.354873516  -12.883700773
    2.363700467  -13.341252931
    2.372527418  -13.972336226
    2.381354368  -14.621449041
    2.390181319  -15.119610756
    2.399008269  -15.370906676
    2.407835220  -15.396144290
    2.416662170  -15.300730159
    2.425489121  -15.188832945
    2.434316071  -15.112931691
    2.443143022  -15.081144220
    2.451969973  -15.093537253
    2.460796923  -15.154096725
    2.469623874  -15.240446773
    2.478450824  -15.301990415
    2.487277775  -15.305803642
    2.496104725  -15.247600247
    2.504931676  -15.110473985
    2.513758626  -14.862206288
    2.522585577  -14.522829041
    2.531412527  -14.181958750
    2.540239478  -13.931754273
    2.549066429  -13.803383444
    2.557893379  -13.761708807
    2.566720330  -13.742223504
    2.575547280  -13.683910693
    2.584374231  -13.549122406
    2.593201181  -13.327477797
    2.602028132  -13.037533325
    2.610855082  -12.722464166
    2.619682033  -12.432810129
    2.628508984  -12.211104968
    2.637335934  -12.086243159
    2.646162885  -12.065332930
    2.654989835  -12.110278249
    2.663816786  -12.135924667
    2.672643736  -12.049829099
    2.681470687  -11.823379170
    2.690297637  -11.513743477
    2.699124588  -11.217988037
    2.707951538  -11.003581697
    2.716778489  -10.888750534
    2.725605440  -10.859194192
    2.734432390  -10.890552261
    2.743259341  -10.957033641
    2.752086291  -11.036326209
    2.760913242  -11.109934861
    2.769740192  -11.166410571
    2.778567143  -11.203855928
    2.787394093  -11.229713695
    2.796221044  -11.256773285
    2.805047995  -11.297396439
    2.813874945  -11.353946164
    2.822701896  -11.415708882
    2.831528846  -11.464141566
    2.840355797  -11.484903535
    2.849182747  -11.477315034
    2.858009698  -11.457536589
    2.866836648  -11.452838751
    2.875663599  -11.491783366
    2.884490549  -11.596186016
    2.893317500  -11.773582516
    2.902144451  -12.013217302
    2.910971401  -12.290137276
    2.919798352  -12.570848948
    2.928625302  -12.815432868
    2.937452253  -12.974911882
    2.946279203  -13.019973080
    2.955106154  -12.972199423
    2.963933104  -12.888361440
    2.972760055  -12.816392304
    2.981587005  -12.776600732
    2.990413956  -12.773198945
    2.999240907  -12.801637902
    3.008067857  -12.845683286
    3.016894808  -12.870101265
    3.025721758  -12.829496658
    3.034548709  -12.709963325
    3.043375659  -12.551334037
    3.052202610  -12.423831406
    3.061029560  -12.381557964
    3.069856511  -12.445144582
    3.078683462  -12.597428792
    3.087510412  -12.789616901
    3.096337363  -12.968503714
    3.105164313  -13.100630923
    3.113991264  -13.166305898
    3.122818214  -13.142717675
    3.131645165  -13.013250736
    3.140472115  -12.795653363
    3.149299066  -12.557420514
    3.158126016  -12.398963678
    3.166952967  -12.419889407
    3.175779918  -12.697940303
    3.184606868  -13.268456821
    3.193433819  -14.076569274
    3.202260769  -14.948579072
    3.211087720  -15.661840725
    3.219914670  -16.067379704
    3.228741621  -16.163843499
    3.237568571  -16.061812114
    3.246395522  -15.890878491
    3.255222473  -15.708797569
    3.264049423  -15.496907609
    3.272876374  -15.238805526
    3.281703324  -14.998686948
    3.290530275  -14.899151121
    3.299357225  -15.006867738
    3.308184176  -15.275554466
    3.317011126  -15.598836491
    3.325838077  -15.883952504
    3.334665027  -16.061695791
    3.343491978  -16.074636970
    3.352318929  -15.908785938
    3.361145879  -15.630906322
    3.369972830  -15.379294539
    3.378799780  -15.293533372
    3.387626731  -15.437514862
    3.396453681  -15.771280695
    3.405280632  -16.153619845
    3.414107582  -16.388561323
    3.422934533  -16.313741626
    3.431761484  -15.893975606
    3.440588434  -15.259335808
    3.449415385  -14.641525305
    3.458242335  -14.232918795
    3.467069286  -14.089868859
    3.475896236  -14.156677691
    3.484723187  -14.293896163
    3.493550137  -14.319500473
    3.502377088  -14.087227034
    3.511204038  -13.563662553
    3.520030989  -12.836667323
    3.528857940  -12.069312233
    3.537684890  -11.415699142
    3.546511841  -10.949520522
    3.555338791  -10.656421952
    3.564165742  -10.487583597
    3.572992692  -10.396584141
    3.581819643  -10.350800403
    3.590646593  -10.329766224
    3.599473544  -10.321066673
    3.608300495  -10.317793429
    3.617127445  -10.316793873
    3.625954396  -10.316405469
    3.634781346  -10.316405469
    3.643608297  -10.316405469
    3.652435247  -10.316405469
    3.661262198  -10.316405469
    3.670089148  -10.316405469
    3.678916099  -10.316405469
    3.687743049  -10.316405469
    3.696570000  -10.316405469
