#! FIELDS pp.proj projection
#! SET min_pp.proj 0.48356
#! SET max_pp.proj 3.69657
#! SET nbins_pp.proj  365
#! SET periodic_pp.proj false
    0.483560000  -10.316405469
    0.492386951  -10.316405469
    0.501213901  -10.316405469
    0.510040852  -10.316405469
    0.518867802  -10.316405469
    0.527694753  -10.316405469
    0.536521703  -10.316405469
    0.545348654  -10.316405469
    0.554175604  -10.316405469
    0.563002555  -10.316405469
    0.571829505  -10.316405469
    0.580656456  -10.316405469
    0.589483407  -10.316405469
    0.598310357  -10.316405469
    0.607137308  -10.316405469
    0.615964258  -10.316405469
    0.624791209  -10.316405469
    0.633618159  -10.316405469
    0.642445110  -10.316405469
    0.651272060  -10.316405469
    0.660099011  -10.316405469
    0.668925962  -10.316405469
    0.677752912  -10.316405469
    0.686579863  -10.316405469
    0.695406813  -10.316405469
    0.704233764  -10.316405469
    0.713060714  -10.316405469
    0.721887665  -10.316405469
    0.730714615  -10.316405469
    0.739541566  -10.316405469
    0.748368516  -10.316405469
    0.757195467  -10.316405469
    0.766022418  -10.316405469
    0.774849368  -10.316405469
    0.783676319  -10.316405469
    0.792503269  -10.316405469
    0.801330220  -10.316405469
    0.810157170  -10.316405469
    0.818984121  -10.316405469
    0.827811071  -10.316405469
    0.836638022  -10.316405469
    0.845464973  -10.316405469
    0.854291923  -10.316405469
    0.863118874  -10.316405469
    0.871945824  -10.316405469
    0.880772775  -10.316405469
    0.889599725  -10.316405469
    0.898426676  -10.316405469
    0.907253626  -10.316405469
    0.916080577  -10.316426590
    0.924907527  -10.316493381
    0.933734478  -10.316728552
    0.942561429  -10.317507622
    0.951388379  -10.319744981
    0.960215330  -10.325318745
    0.969042280  -10.338021561
    0.977869231  -10.364383553
    0.986696181  -10.415773851
    0.995523132  -10.512319434
    1.004350082  -10.692631560
    1.013177033  -11.035302957
    1.022003984  -11.699579501
    1.030830934  -12.952244344
    1.039657885  -15.048124730
    1.048484835  -17.959541117
    1.057311786  -21.359564888
    1.066138736  -24.849909192
    1.074965687  -28.096825508
    1.083792637  -30.899042538
    1.092619588  -33.227462607
    1.101446538  -35.212192035
    1.110273489  -37.059798618
    1.119100440  -38.933517559
    1.127927390  -40.855974615
    1.136754341  -42.675682364
    1.145581291  -44.136347412
    1.154408242  -45.010521382
    1.163235192  -45.225795008
    1.172062143  -44.913594111
    1.180889093  -44.342864255
    1.189716044  -43.754631888
    1.198542995  -43.231031723
    1.207369945  -42.668608656
    1.216196896  -41.885820477
    1.225023846  -40.797484471
    1.233850797  -39.514991366
    1.242677747  -38.290747415
    1.251504698  -37.347417508
    1.260331648  -36.753823819
    1.269158599  -36.416854529
    1.277985549  -36.219266575
    1.286812500  -36.173926677
    1.295639451  -36.429844768
    1.304466401  -37.091859951
    1.313293352  -38.058815644
    1.322120302  -39.032892532
    1.330947253  -39.694918437
    1.339774203  -39.890632742
    1.348601154  -39.677110055
    1.357428104  -39.245908627
    1.366255055  -38.768713759
    1.375082005  -38.312203366
    1.383908956  -37.857464496
    1.392735907  -37.366399705
    1.401562857  -36.829102895
    1.410389808  -36.259318138
    1.419216758  -35.688585491
    1.428043709  -35.167939863
    1.436870659  -34.758244373
    1.445697610  -34.498304118
    1.454524560  -34.360442363
    1.463351511  -34.242351509
    1.472178462  -34.002008146
    1.481005412  -33.512610327
    1.489832363  -32.733126127
    1.498659313  -31.761047625
    1.507486264  -30.777948916
    1.516313214  -29.914930965
    1.525140165  -29.145881055
    1.533967115  -28.376790322
    1.542794066  -27.603970224
    1.551621016  -26.977916254
    1.560447967  -26.674323412
    1.569274918  -26.669827300
    1.578101868  -26.768551781
    1.586928819  -26.817152871
    1.595755769  -26.794529230
    1.604582720  -26.753635064
    1.613409670  -26.753426133
    1.622236621  -26.835789270
    1.631063571  -26.983740587
    1.639890522  -27.103076461
    1.648717473  -27.069332181
    1.657544423  -26.823983241
    1.666371374  -26.425215354
    1.675198324  -26.008429524
    1.684025275  -25.684918818
    1.692852225  -25.490237524
    1.701679176  -25.386248336
    1.710506126  -25.300478146
    1.719333077  -25.153589257
    1.728160027  -24.883201643
    1.736986978  -24.494924063
    1.745813929  -24.091599890
    1.754640879  -23.800706428
    1.763467830  -23.656324554
    1.772294780  -23.575307388
    1.781121731  -23.442220557
    1.789948681  -23.176404159
    1.798775632  -22.761572032
    1.807602582  -22.264061272
    1.816429533  -21.825161320
    1.825256484  -21.570620047
    1.834083434  -21.482964104
    1.842910385  -21.430656452
    1.851737335  -21.301765402
    1.860564286  -21.081044274
    1.869391236  -20.840378856
    1.878218187  -20.669297253
    1.887045137  -20.593144417
    1.895872088  -20.546847965
    1.904699038  -20.422343531
    1.913525989  -20.138668446
    1.922352940  -19.684432389
    1.931179890  -19.111359678
    1.940006841  -18.484315015
    1.948833791  -17.856075676
    1.957660742  -17.264547256
    1.966487692  -16.745825595
    1.975314643  -16.327310331
    1.984141593  -16.012826135
    1.992968544  -15.764995897
    2.001795495  -15.498082915
    2.010622445  -15.118248025
    2.019449396  -14.585116792
    2.028276346  -13.944090141
    2.037103297  -13.289340206
    2.045930247  -12.701433348
    2.054757198  -12.221456552
    2.063584148  -11.854217572
    2.072411099  -11.573581977
    2.081238049  -11.339143904
    2.090065000  -11.117366660
    2.098891951  -10.904055996
    2.107718901  -10.715681830
    2.116545852  -10.567280865
    2.125372802  -10.462807580
    2.134199753  -10.395425351
    2.143026703  -10.355585575
    2.151853654  -10.334186664
    2.160680604  -10.323690694
    2.169507555  -10.319044535
    2.178334505  -10.317210237
    2.187161456  -10.316644519
    2.195988407  -10.316405469
    2.204815357  -10.316405469
    2.213642308  -10.316405469
    2.222469258  -10.316405469
    2.231296209  -10.316405469
    2.240123159  -10.316405469
    2.248950110  -10.316405469
    2.257777060  -10.316405469
    2.266604011  -10.316405469
    2.275430962  -10.316405469
    2.284257912  -10.316405469
    2.293084863  -10.316405469
    2.301911813  -10.316405469
    2.310738764  -10.316405469
    2.319565714  -10.316405469
    2.328392665  -10.316405469
    2.337219615  -10.316405469
    2.346046566  -10.316405469
    2.354873516  -10.316405469
    2.363700467  -10.316405469
    2.372527418  -10.316405469
    2.381354368  -10.316405469
    2.390181319  -10.316405469
    2.399008269  -10.316405469
    2.407835220  -10.316405469
    2.416662170  -10.316405469
    2.425489121  -10.316405469
    2.434316071  -10.316405469
    2.443143022  -10.316405469
    2.451969973  -10.316405469
    2.460796923  -10.316405469
    2.469623874  -10.316405469
    2.478450824  -10.316405469
    2.487277775  -10.316405469
    2.496104725  -10.316405469
    2.504931676  -10.316405469
    2.513758626  -10.316405469
    2.522585577  -10.316405469
    2.531412527  -10.316405469
    2.540239478  -10.316405469
    2.549066429  -10.316405469
    2.557893379  -10.316405469
    2.566720330  -10.316405469
    2.575547280  -10.316405469
    2.584374231  -10.316405469
    2.593201181  -10.316405469
    2.602028132  -10.316405469
    2.610855082  -10.316405469
    2.619682033  -10.316405469
    2.628508984  -10.316405469
    2.637335934  -10.316405469
    2.646162885  -10.316405469
    2.654989835  -10.316405469
    2.663816786  -10.316405469
    2.672643736  -10.316405469
    2.681470687  -10.316405469
    2.690297637  -10.316405469
    2.699124588  -10.316405469
    2.707951538  -10.316405469
    2.716778489  -10.316405469
    2.725605440  -10.316405469
    2.734432390  -10.316405469
    2.743259341  -10.316405469
    2.752086291  -10.316405469
    2.760913242  -10.316405469
    2.769740192  -10.316405469
    2.778567143  -10.316405469
    2.787394093  -10.316405469
    2.796221044  -10.316405469
    2.805047995  -10.316405469
    2.813874945  -10.316405469
    2.822701896  -10.316405469
    2.831528846  -10.316405469
    2.840355797  -10.316405469
    2.849182747  -10.316405469
    2.858009698  -10.316405469
    2.866836648  -10.316405469
    2.875663599  -10.316405469
    2.884490549  -10.316405469
    2.893317500  -10.316405469
    2.902144451  -10.316405469
    2.910971401  -10.316405469
    2.919798352  -10.316405469
    2.928625302  -10.316405469
    2.937452253  -10.316405469
    2.946279203  -10.316405469
    2.955106154  -10.316405469
    2.963933104  -10.316405469
    2.972760055  -10.316405469
    2.981587005  -10.316405469
    2.990413956  -10.316405469
    2.999240907  -10.316405469
    3.008067857  -10.316405469
    3.016894808  -10.316405469
    3.025721758  -10.316405469
    3.034548709  -10.316405469
    3.043375659  -10.316405469
    3.052202610  -10.316405469
    3.061029560  -10.316405469
    3.069856511  -10.316405469
    3.078683462  -10.316405469
    3.087510412  -10.316405469
    3.096337363  -10.316405469
    3.105164313  -10.316405469
    3.113991264  -10.316405469
    3.122818214  -10.316405469
    3.131645165  -10.316405469
    3.140472115  -10.316405469
    3.149299066  -10.316405469
    3.158126016  -10.316405469
    3.166952967  -10.316405469
    3.175779918  -10.316405469
    3.184606868  -10.316405469
    3.193433819  -10.316405469
    3.202260769  -10.316405469
    3.211087720  -10.316405469
    3.219914670  -10.316405469
    3.228741621  -10.316405469
    3.237568571  -10.316405469
    3.246395522  -10.316405469
    3.255222473  -10.316405469
    3.264049423  -10.316405469
    3.272876374  -10.316405469
    3.281703324  -10.316405469
    3.290530275  -10.316405469
    3.299357225  -10.316405469
    3.308184176  -10.316405469
    3.317011126  -10.316405469
    3.325838077  -10.316405469
    3.334665027  -10.316405469
    3.343491978  -10.316405469
    3.352318929  -10.316405469
    3.361145879  -10.316405469
    3.369972830  -10.316405469
    3.378799780  -10.316405469
    3.387626731  -10.316405469
    3.396453681  -10.316405469
    3.405280632  -10.316405469
    3.414107582  -10.316405469
    3.422934533  -10.316405469
    3.431761484  -10.316405469
    3.440588434  -10.316405469
    3.449415385  -10.316405469
    3.458242335  -10.316405469
    3.467069286  -10.316405469
    3.475896236  -10.316405469
    3.484723187  -10.316405469
    3.493550137  -10.316405469
    3.502377088  -10.316405469
    3.511204038  -10.316405469
    3.520030989  -10.316405469
    3.528857940  -10.316405469
    3.537684890  -10.316405469
    3.546511841  -10.316405469
    3.555338791  -10.316405469
    3.564165742  -10.316405469
    3.572992692  -10.316405469
    3.581819643  -10.316405469
    3.590646593  -10.316405469
    3.599473544  -10.316405469
    3.608300495  -10.316405469
    3.617127445  -10.316405469
    3.625954396  -10.316405469
    3.634781346  -10.316405469
    3.643608297  -10.316405469
    3.652435247  -10.316405469
    3.661262198  -10.316405469
    3.670089148  -10.316405469
    3.678916099  -10.316405469
    3.687743049  -10.316405469
    3.696570000  -10.316405469
