#! FIELDS pp.proj projection
#! SET min_pp.proj 0.48356
#! SET max_pp.proj 3.69657
#! SET nbins_pp.proj  365
#! SET periodic_pp.proj false
    0.483560000  -10.316405469
    0.492386951  -10.316405469
    0.501213901  -10.316405469
    0.510040852  -10.316405469
    0.518867802  -10.316405469
    0.527694753  -10.316405469
    0.536521703  -10.316405469
    0.545348654  -10.316405469
    0.554175604  -10.316405469
    0.563002555  -10.316405469
    0.571829505  -10.316405469
    0.580656456  -10.316405469
    0.589483407  -10.316405469
    0.598310357  -10.316405469
    0.607137308  -10.316405469
    0.615964258  -10.316405469
    0.624791209  -10.316405469
    0.633618159  -10.316405469
    0.642445110  -10.316405469
    0.651272060  -10.316405469
    0.660099011  -10.316405469
    0.668925962  -10.316405469
    0.677752912  -10.316405469
    0.686579863  -10.316405469
    0.695406813  -10.316405469
    0.704233764  -10.316405469
    0.713060714  -10.316405469
    0.721887665  -10.316405469
    0.730714615  -10.316405469
    0.739541566  -10.316405469
    0.748368516  -10.316405469
    0.757195467  -10.316405469
    0.766022418  -10.316405469
    0.774849368  -10.316405469
    0.783676319  -10.316405469
    0.792503269  -10.316405469
    0.801330220  -10.316405469
    0.810157170  -10.316405469
    0.818984121  -10.316405469
    0.827811071  -10.316405469
    0.836638022  -10.316405469
    0.845464973  -10.316405469
    0.854291923  -10.316405469
    0.863118874  -10.316405469
    0.871945824  -10.316405469
    0.880772775  -10.316405469
    0.889599725  -10.316405469
    0.898426676  -10.316405469
    0.907253626  -10.316405469
    0.916080577  -10.316426590
    0.924907527  -10.316493381
    0.933734478  -10.316728552
    0.942561429  -10.317507622
    0.951388379  -10.319744981
    0.960215330  -10.325318745
    0.969042280  -10.338021561
    0.977869231  -10.364383553
    0.986696181  -10.415773851
    0.995523132  -10.512319434
    1.004350082  -10.692631560
    1.013177033  -11.035302957
    1.022003984  -11.699579501
    1.030830934  -12.952244344
    1.039657885  -15.048138802
    1.048484835  -17.959590311
    1.057311786  -21.359684890
    1.066138736  -24.850254991
    1.074965687  -28.097799888
    1.083792637  -30.901640389
    1.092619588  -33.233742678
    1.101446538  -35.225970254
    1.110273489  -37.087437596
    1.119100440  -38.984275730
    1.127927390  -40.942023777
    1.136754341  -42.812084108
    1.145581291  -44.342873174
    1.154408242  -45.314989410
    1.163235192  -45.669076357
    1.172062143  -45.554250976
    1.180889093  -45.261732040
    1.189716044  -45.057231755
    1.198542995  -45.052992476
    1.207369945  -45.187632694
    1.216196896  -45.330011455
    1.225023846  -45.435401153
    1.233850797  -45.615768498
    1.242677747  -46.057583080
    1.251504698  -46.837563796
    1.260331648  -47.835085227
    1.269158599  -48.817936114
    1.277985549  -49.606458566
    1.286812500  -50.166301616
    1.295639451  -50.620149885
    1.304466401  -51.141520718
    1.313293352  -51.834783667
    1.322120302  -52.677256334
    1.330947253  -53.551784780
    1.339774203  -54.360116509
    1.348601154  -55.106982395
    1.357428104  -55.903800471
    1.366255055  -56.874486668
    1.375082005  -58.047768873
    1.383908956  -59.290750670
    1.392735907  -60.377885553
    1.401562857  -61.170837279
    1.410389808  -61.741673361
    1.419216758  -62.258131954
    1.428043709  -62.701163622
    1.436870659  -62.897936771
    1.445697610  -62.801574833
    1.454524560  -62.523894276
    1.463351511  -62.208494372
    1.472178462  -61.948481725
    1.481005412  -61.763576962
    1.489832363  -61.613303340
    1.498659313  -61.452755024
    1.507486264  -61.266712072
    1.516313214  -61.067819792
    1.525140165  -60.857301213
    1.533967115  -60.621524657
    1.542794066  -60.353532420
    1.551621016  -60.048572424
    1.560447967  -59.700028639
    1.569274918  -59.300386251
    1.578101868  -58.825845657
    1.586928819  -58.227944116
    1.595755769  -57.467988473
    1.604582720  -56.561933086
    1.613409670  -55.573405450
    1.622236621  -54.589023588
    1.631063571  -53.678669634
    1.639890522  -52.861064483
    1.648717473  -52.098041057
    1.657544423  -51.345060785
    1.666371374  -50.613725563
    1.675198324  -49.968705957
    1.684025275  -49.467237246
    1.692852225  -49.102436768
    1.701679176  -48.797701953
    1.710506126  -48.456263589
    1.719333077  -48.027834388
    1.728160027  -47.539325365
    1.736986978  -47.091031229
    1.745813929  -46.792473930
    1.754640879  -46.695621953
    1.763467830  -46.790922971
    1.772294780  -47.043998972
    1.781121731  -47.385493880
    1.789948681  -47.714154723
    1.798775632  -47.951366861
    1.807602582  -48.084327640
    1.816429533  -48.154626235
    1.825256484  -48.197858189
    1.834083434  -48.208857011
    1.842910385  -48.139178055
    1.851737335  -47.928887570
    1.860564286  -47.571400961
    1.869391236  -47.123449678
    1.878218187  -46.681086746
    1.887045137  -46.319367416
    1.895872088  -46.049823572
    1.904699038  -45.809709807
    1.913525989  -45.514418053
    1.922352940  -45.163487270
    1.931179890  -44.893681246
    1.940006841  -44.883366134
    1.948833791  -45.179194002
    1.957660742  -45.656465980
    1.966487692  -46.139017100
    1.975314643  -46.507091977
    1.984141593  -46.736590869
    1.992968544  -46.881343339
    2.001795495  -47.019591696
    2.010622445  -47.196620626
    2.019449396  -47.382914060
    2.028276346  -47.497185638
    2.037103297  -47.462681443
    2.045930247  -47.281915171
    2.054757198  -47.044588791
    2.063584148  -46.883612287
    2.072411099  -46.878007397
    2.081238049  -46.996136129
    2.090065000  -47.159139578
    2.098891951  -47.351003548
    2.107718901  -47.600901106
    2.116545852  -47.900085991
    2.125372802  -48.153099879
    2.134199753  -48.212030404
    2.143026703  -47.984579095
    2.151853654  -47.490533193
    2.160680604  -46.846848555
    2.169507555  -46.202926076
    2.178334505  -45.699688086
    2.187161456  -45.427536921
    2.195988407  -45.407022995
    2.204815357  -45.598501320
    2.213642308  -45.923958919
    2.222469258  -46.281251388
    2.231296209  -46.551646483
    2.240123159  -46.623500491
    2.248950110  -46.439940130
    2.257777060  -46.041891975
    2.266604011  -45.574759238
    2.275430962  -45.212049730
    2.284257912  -45.044344039
    2.293084863  -45.023166964
    2.301911813  -45.021343052
    2.310738764  -44.950235613
    2.319565714  -44.824987128
    2.328392665  -44.736613215
    2.337219615  -44.777909921
    2.346046566  -44.983954097
    2.354873516  -45.320887028
    2.363700467  -45.678254920
    2.372527418  -45.906151877
    2.381354368  -45.872863307
    2.390181319  -45.556942807
    2.399008269  -45.077590754
    2.407835220  -44.645170182
    2.416662170  -44.451373144
    2.425489121  -44.559180617
    2.434316071  -44.873669384
    2.443143022  -45.198782918
    2.451969973  -45.362598636
    2.460796923  -45.338936596
    2.469623874  -45.254060584
    2.478450824  -45.262632543
    2.487277775  -45.403155130
    2.496104725  -45.585779174
    2.504931676  -45.681880843
    2.513758626  -45.594710375
    2.522585577  -45.334906444
    2.531412527  -45.018923044
    2.540239478  -44.780784716
    2.549066429  -44.664630343
    2.557893379  -44.601906017
    2.566720330  -44.488446770
    2.575547280  -44.262787271
    2.584374231  -43.949512155
    2.593201181  -43.626957218
    2.602028132  -43.387890085
    2.610855082  -43.298094572
    2.619682033  -43.357489854
    2.628508984  -43.497107473
    2.637335934  -43.627226859
    2.646162885  -43.698530571
    2.654989835  -43.715678716
    2.663816786  -43.716327404
    2.672643736  -43.732060253
    2.681470687  -43.758843056
    2.690297637  -43.769001178
    2.699124588  -43.749791397
    2.707951538  -43.728940106
    2.716778489  -43.756580144
    2.725605440  -43.865175494
    2.734432390  -44.044323665
    2.743259341  -44.254061326
    2.752086291  -44.455086911
    2.760913242  -44.621184208
    2.769740192  -44.749867895
    2.778567143  -44.837191974
    2.787394093  -44.838013136
    2.796221044  -44.711304093
    2.805047995  -44.509432543
    2.813874945  -44.350129305
    2.822701896  -44.299428546
    2.831528846  -44.353841575
    2.840355797  -44.525772035
    2.849182747  -44.828051823
    2.858009698  -45.190865244
    2.866836648  -45.485726821
    2.875663599  -45.602489848
    2.884490549  -45.500901334
    2.893317500  -45.222371769
    2.902144451  -44.896688883
    2.910971401  -44.685983411
    2.919798352  -44.698341677
    2.928625302  -44.924049077
    2.937452253  -45.234378183
    2.946279203  -45.460291241
    2.955106154  -45.499577081
    2.963933104  -45.367047728
    2.972760055  -45.168734083
    2.981587005  -45.002334137
    2.990413956  -44.891408353
    2.999240907  -44.797727016
    3.008067857  -44.678964328
    3.016894808  -44.536017393
    3.025721758  -44.385989115
    3.034548709  -44.235280841
    3.043375659  -44.077433140
    3.052202610  -43.909193561
    3.061029560  -43.741821415
    3.069856511  -43.621494101
    3.078683462  -43.617520107
    3.087510412  -43.752007988
    3.096337363  -43.952087768
    3.105164313  -44.112858678
    3.113991264  -44.183307162
    3.122818214  -44.167559027
    3.131645165  -44.095813796
    3.140472115  -43.988021118
    3.149299066  -43.854153522
    3.158126016  -43.706084321
    3.166952967  -43.586341016
    3.175779918  -43.556106573
    3.184606868  -43.657685213
    3.193433819  -43.855475747
    3.202260769  -44.034577209
    3.211087720  -44.074426563
    3.219914670  -43.954019172
    3.228741621  -43.774475106
    3.237568571  -43.696510832
    3.246395522  -43.825402871
    3.255222473  -44.133553311
    3.264049423  -44.477371625
    3.272876374  -44.695333033
    3.281703324  -44.712486163
    3.290530275  -44.577134161
    3.299357225  -44.403666606
    3.308184176  -44.288233595
    3.317011126  -44.261141217
    3.325838077  -44.277263602
    3.334665027  -44.263659488
    3.343491978  -44.161154344
    3.352318929  -43.964858941
    3.361145879  -43.717712517
    3.369972830  -43.485827590
    3.378799780  -43.308089538
    3.387626731  -43.175012100
    3.396453681  -43.071576371
    3.405280632  -42.998195319
    3.414107582  -42.944477879
    3.422934533  -42.837528664
    3.431761484  -42.609168305
    3.440588434  -42.295843813
    3.449415385  -42.054756234
    3.458242335  -42.033738440
    3.467069286  -42.261973316
    3.475896236  -42.695801833
    3.484723187  -43.228039818
    3.493550137  -43.646040647
    3.502377088  -43.660019344
    3.511204038  -42.979940672
    3.520030989  -41.352752372
    3.528857940  -38.616283944
    3.537684890  -34.799760472
    3.546511841  -30.172145219
    3.555338791  -25.190354649
    3.564165742  -20.405131254
    3.572992692  -16.355709565
    3.581819643  -13.475291802
    3.590646593  -11.819773535
    3.599473544  -11.007310467
    3.608300495  -10.629388936
    3.617127445  -10.454372817
    3.625954396  -10.374269930
    3.634781346  -10.339109601
    3.643608297  -10.324535635
    3.652435247  -10.318864098
    3.661262198  -10.317123555
    3.670089148  -10.316578415
    3.678916099  -10.316405469
    3.687743049  -10.316405469
    3.696570000  -10.316405469
