#! FIELDS pp.proj projection
#! SET min_pp.proj 0.48356
#! SET max_pp.proj 3.69657
#! SET nbins_pp.proj  365
#! SET periodic_pp.proj false
    0.483560000  -10.316405469
    0.492386951  -10.316405469
    0.501213901  -10.316405469
    0.510040852  -10.316405469
    0.518867802  -10.316405469
    0.527694753  -10.316405469
    0.536521703  -10.316405469
    0.545348654  -10.316405469
    0.554175604  -10.316405469
    0.563002555  -10.316405469
    0.571829505  -10.316405469
    0.580656456  -10.316405469
    0.589483407  -10.316405469
    0.598310357  -10.316405469
    0.607137308  -10.316405469
    0.615964258  -10.316405469
    0.624791209  -10.316405469
    0.633618159  -10.316405469
    0.642445110  -10.316405469
    0.651272060  -10.316405469
    0.660099011  -10.316405469
    0.668925962  -10.316405469
    0.677752912  -10.316405469
    0.686579863  -10.316405469
    0.695406813  -10.316405469
    0.704233764  -10.316405469
    0.713060714  -10.316405469
    0.721887665  -10.316405469
    0.730714615  -10.316405469
    0.739541566  -10.316405469
    0.748368516  -10.316405469
    0.757195467  -10.316405469
    0.766022418  -10.316405469
    0.774849368  -10.316405469
    0.783676319  -10.316405469
    0.792503269  -10.316405469
    0.801330220  -10.316405469
    0.810157170  -10.316405469
    0.818984121  -10.316405469
    0.827811071  -10.316405469
    0.836638022  -10.316405469
    0.845464973  -10.316405469
    0.854291923  -10.316405469
    0.863118874  -10.316405469
    0.871945824  -10.316405469
    0.880772775  -10.316405469
    0.889599725  -10.316405469
    0.898426676  -10.316405469
    0.907253626  -10.316405469
    0.916080577  -10.316426590
    0.924907527  -10.316493381
    0.933734478  -10.316728552
    0.942561429  -10.317507622
    0.951388379  -10.319744981
    0.960215330  -10.325318745
    0.969042280  -10.338021561
    0.977869231  -10.364383553
    0.986696181  -10.415773851
    0.995523132  -10.512319434
    1.004350082  -10.692631560
    1.013177033  -11.035302957
    1.022003984  -11.699579501
    1.030830934  -12.952244344
    1.039657885  -15.048124730
    1.048484835  -17.959541117
    1.057311786  -21.359564888
    1.066138736  -24.849909192
    1.074965687  -28.096825508
    1.083792637  -30.899042538
    1.092619588  -33.227462607
    1.101446538  -35.212192035
    1.110273489  -37.059798618
    1.119100440  -38.933517559
    1.127927390  -40.855974615
    1.136754341  -42.675682364
    1.145581291  -44.136347412
    1.154408242  -45.010521382
    1.163235192  -45.225795008
    1.172062143  -44.913594111
    1.180889093  -44.342864255
    1.189716044  -43.754631888
    1.198542995  -43.231031723
    1.207369945  -42.668608656
    1.216196896  -41.885820477
    1.225023846  -40.797484471
    1.233850797  -39.514991366
    1.242677747  -38.290747415
    1.251504698  -37.347417508
    1.260331648  -36.753823819
    1.269158599  -36.416854529
    1.277985549  -36.219266575
    1.286812500  -36.173926677
    1.295639451  -36.429844768
    1.304466401  -37.091859951
    1.313293352  -38.058815644
    1.322120302  -39.032892532
    1.330947253  -39.694918437
    1.339774203  -39.890632742
    1.348601154  -39.677110055
    1.357428104  -39.245911190
    1.366255055  -38.768737828
    1.375082005  -38.312334886
    1.383908956  -37.858022754
    1.392735907  -37.368359833
    1.401562857  -36.834854909
    1.410389808  -36.273813758
    1.419216758  -35.720445655
    1.428043709  -35.229195586
    1.436870659  -34.861477274
    1.445697610  -34.653327509
    1.454524560  -34.575700542
    1.463351511  -34.534404140
    1.472178462  -34.412629970
    1.481005412  -34.144058546
    1.489832363  -33.809868306
    1.498659313  -33.661880461
    1.507486264  -33.855167910
    1.516313214  -34.193218283
    1.525140165  -34.355017975
    1.533967115  -34.229463189
    1.542794066  -33.943077537
    1.551621016  -33.718578089
    1.560447967  -33.716733280
    1.569274918  -33.961252473
    1.578101868  -34.366421169
    1.586928819  -34.808818365
    1.595755769  -35.178441061
    1.604582720  -35.413550053
    1.613409670  -35.521642187
    1.622236621  -35.570394207
    1.631063571  -35.623116657
    1.639890522  -35.693353746
    1.648717473  -35.773731306
    1.657544423  -35.881385787
    1.666371374  -36.030497683
    1.675198324  -36.192450705
    1.684025275  -36.322147620
    1.692852225  -36.382846404
    1.701679176  -36.326567463
    1.710506126  -36.104915943
    1.719333077  -35.688011392
    1.728160027  -35.073844801
    1.736986978  -34.300157703
    1.745813929  -33.448555831
    1.754640879  -32.626928958
    1.763467830  -31.945431748
    1.772294780  -31.458662423
    1.781121731  -31.127774393
    1.789948681  -30.878611614
    1.798775632  -30.705935392
    1.807602582  -30.698965950
    1.816429533  -30.954775023
    1.825256484  -31.469495873
    1.834083434  -32.130442701
    1.842910385  -32.804407012
    1.851737335  -33.410815984
    1.860564286  -33.949933134
    1.869391236  -34.456206311
    1.878218187  -34.955198884
    1.887045137  -35.433156327
    1.895872088  -35.828115168
    1.904699038  -36.016450042
    1.913525989  -35.854593497
    1.922352940  -35.281784086
    1.931179890  -34.395543559
    1.940006841  -33.396305703
    1.948833791  -32.465667078
    1.957660742  -31.682087510
    1.966487692  -31.024687261
    1.975314643  -30.425409062
    1.984141593  -29.825226536
    1.992968544  -29.212781954
    2.001795495  -28.628079157
    2.010622445  -28.140123942
    2.019449396  -27.799197675
    2.028276346  -27.623532261
    2.037103297  -27.606084063
    2.045930247  -27.780280392
    2.054757198  -28.259637884
    2.063584148  -29.124455666
    2.072411099  -30.188077281
    2.081238049  -31.099079025
    2.090065000  -31.656424473
    2.098891951  -31.892197506
    2.107718901  -31.929087213
    2.116545852  -31.856505094
    2.125372802  -31.708208658
    2.134199753  -31.482360054
    2.143026703  -31.167263964
    2.151853654  -30.761561669
    2.160680604  -30.307635876
    2.169507555  -29.900053634
    2.178334505  -29.640439933
    2.187161456  -29.578019987
    2.195988407  -29.707290074
    2.204815357  -30.004582505
    2.213642308  -30.442159149
    2.222469258  -30.955436304
    2.231296209  -31.421680935
    2.240123159  -31.708523553
    2.248950110  -31.747650636
    2.257777060  -31.589409471
    2.266604011  -31.408139794
    2.275430962  -31.395026444
    2.284257912  -31.600583953
    2.293084863  -31.888238693
    2.301911813  -32.056298496
    2.310738764  -31.987421602
    2.319565714  -31.702991615
    2.328392665  -31.314388355
    2.337219615  -30.945483981
    2.346046566  -30.692251807
    2.354873516  -30.605274542
    2.363700467  -30.633802738
    2.372527418  -30.622871647
    2.381354368  -30.400256332
    2.390181319  -29.936207754
    2.399008269  -29.393663653
    2.407835220  -29.020575624
    2.416662170  -28.983414640
    2.425489121  -29.256825189
    2.434316071  -29.623592641
    2.443143022  -29.810546638
    2.451969973  -29.687178263
    2.460796923  -29.359937082
    2.469623874  -29.089809095
    2.478450824  -29.101606152
    2.487277775  -29.429245236
    2.496104725  -29.897801485
    2.504931676  -30.250968655
    2.513758626  -30.317354117
    2.522585577  -30.104568976
    2.531412527  -29.774029728
    2.540239478  -29.526210653
    2.549066429  -29.475711009
    2.557893379  -29.606609312
    2.566720330  -29.818560547
    2.575547280  -30.005815523
    2.584374231  -30.126369545
    2.593201181  -30.193441039
    2.602028132  -30.237776004
    2.610855082  -30.275422381
    2.619682033  -30.298489253
    2.628508984  -30.287483175
    2.637335934  -30.246707652
    2.646162885  -30.221899378
    2.654989835  -30.265742482
    2.663816786  -30.390581143
    2.672643736  -30.560500062
    2.681470687  -30.729216412
    2.690297637  -30.884805793
    2.699124588  -31.043076199
    2.707951538  -31.210140181
    2.716778489  -31.356077272
    2.725605440  -31.415172635
    2.734432390  -31.323822162
    2.743259341  -31.076324348
    2.752086291  -30.723654308
    2.760913242  -30.304595015
    2.769740192  -29.863969172
    2.778567143  -29.525477361
    2.787394093  -29.387958881
    2.796221044  -29.359942558
    2.805047995  -29.252550626
    2.813874945  -28.995356393
    2.822701896  -28.688172637
    2.831528846  -28.480549753
    2.840355797  -28.463108820
    2.849182747  -28.657313197
    2.858009698  -28.994739584
    2.866836648  -29.329136734
    2.875663599  -29.498201930
    2.884490549  -29.417731375
    2.893317500  -29.116267784
    2.902144451  -28.725808409
    2.910971401  -28.409166581
    2.919798352  -28.265112701
    2.928625302  -28.297579431
    2.937452253  -28.431498386
    2.946279203  -28.572075809
    2.955106154  -28.662331470
    2.963933104  -28.705750734
    2.972760055  -28.750514598
    2.981587005  -28.845537226
    2.990413956  -29.010104244
    2.999240907  -29.242884071
    3.008067857  -29.543289317
    3.016894808  -29.897870257
    3.025721758  -30.206695842
    3.034548709  -30.292206197
    3.043375659  -30.022868487
    3.052202610  -29.430909720
    3.061029560  -28.720974446
    3.069856511  -28.160167586
    3.078683462  -27.932926664
    3.087510412  -28.066414367
    3.096337363  -28.448684775
    3.105164313  -28.904501495
    3.113991264  -29.274432507
    3.122818214  -29.463617729
    3.131645165  -29.465063913
    3.140472115  -29.323627332
    3.149299066  -29.104800067
    3.158126016  -28.875882467
    3.166952967  -28.725468373
    3.175779918  -28.747485191
    3.184606868  -28.990081586
    3.193433819  -29.386883895
    3.202260769  -29.767702541
    3.211087720  -29.953728679
    3.219914670  -29.890655907
    3.228741621  -29.695965937
    3.237568571  -29.585883736
    3.246395522  -29.723625216
    3.255222473  -30.108207407
    3.264049423  -30.598416541
    3.272876374  -31.027930955
    3.281703324  -31.305762273
    3.290530275  -31.432410446
    3.299357225  -31.469365889
    3.308184176  -31.489916855
    3.317011126  -31.532306481
    3.325838077  -31.574686129
    3.334665027  -31.565831114
    3.343491978  -31.463305417
    3.352318929  -31.261104868
    3.361145879  -30.978266447
    3.369972830  -30.642928557
    3.378799780  -30.274721542
    3.387626731  -29.891291786
    3.396453681  -29.527704281
    3.405280632  -29.224764156
    3.414107582  -28.984897756
    3.422934533  -28.726076305
    3.431761484  -28.358916440
    3.440588434  -27.910360861
    3.449415385  -27.549371521
    3.458242335  -27.426352616
    3.467069286  -27.529309988
    3.475896236  -27.755226378
    3.484723187  -27.979767353
    3.493550137  -28.041543209
    3.502377088  -27.735622802
    3.511204038  -26.855600509
    3.520030989  -25.246914038
    3.528857940  -22.892623737
    3.537684890  -19.988775580
    3.546511841  -16.949983412
    3.555338791  -14.302652214
    3.564165742  -12.442143959
    3.572992692  -11.369201061
    3.581819643  -10.817444239
    3.590646593  -10.545738964
    3.599473544  -10.415504538
    3.608300495  -10.355924058
    3.617127445  -10.330643649
    3.625954396  -10.320845548
    3.634781346  -10.317639465
    3.643608297  -10.316686207
    3.652435247  -10.316405469
    3.661262198  -10.316405469
    3.670089148  -10.316405469
    3.678916099  -10.316405469
    3.687743049  -10.316405469
    3.696570000  -10.316405469
